# Logfile LoRaWAN TTN/TTS V3 logger version hka-log V 1.1
date_time;device_id;tmp;hum;CO2;VOC;vis;IR;WIFI;BLE;rssi;channel_rssi;snr;gateway;channel_index;spreading_factor;bandwidth;f_cnt
2023-05-13 00:14:58; hka-aqm-am003a;  20.91;  53.12;   466;   695;     7;     2;     3;     1;  -122;  -122;  -5.5; drag-lps8-05; 2; 7; 125000; 6114
2023-05-13 00:30:05; hka-aqm-am003a;  20.88;  53.18;   476;   717;     7;     2;     3;     1;  -118;  -118;  -0.5; drag-lps8-03; 1; 7; 125000; 6115
2023-05-13 00:45:11; hka-aqm-am003a;  20.84;  53.18;   462;   713;     5;     0;     1;     0;  -123;  -123;  -7.8; drag-lps8-05; 6; 7; 125000; 6116
2023-05-13 01:00:18; hka-aqm-am003a;  20.82;  53.21;   457;   755;     5;     0;     3;     1;  -122;  -122;  -3.2; drag-lps8-03; 5; 7; 125000; 6117
2023-05-13 01:15:24; hka-aqm-am003a;  20.78;  53.21;   456;   699;     5;     0;     0;     0;  -118;  -118;  -1.8; drag-lps8-03; 1; 7; 125000; 6118
2023-05-13 01:30:31; hka-aqm-am003a;  20.76;  53.18;   457;   690;     5;     0;     0;     0;  -120;  -120;  -6.5; drag-lps8-05; 3; 7; 125000; 6119
2023-05-13 01:45:39; hka-aqm-am003a;  20.73;  53.21;   463;   678;     5;     0;     3;     1;  -122;  -122;  -5.2; drag-lps8-05; 2; 7; 125000; 6120
2023-05-13 02:00:45; hka-aqm-am003a;  20.68;  53.21;   452;   676;     5;     0;     3;     1;  -118;  -118;  -2.8; drag-lps8-05; 4; 7; 125000; 6121
2023-05-13 02:15:51; hka-aqm-am003a;  20.64;  53.21;   448;   657;     5;     0;     0;     0;  -122;  -122;  -4.0; drag-lps8-05; 0; 7; 125000; 6122
2023-05-13 02:30:58; hka-aqm-am003a;  20.60;  53.21;   448;   651;     5;     0;     0;     0;  -120;  -120;  -6.5; drag-lps8-05; 5; 7; 125000; 6123
2023-05-13 02:46:04; hka-aqm-am003a;  20.58;  53.21;   453;   639;     5;     0;     3;     1;  -123;  -123;  -5.0; drag-lps8-03; 6; 7; 125000; 6124
2023-05-13 03:01:11; hka-aqm-am003a;  20.54;  53.21;   444;   581;     5;     0;     3;     1;  -122;  -122;  -3.0; drag-lps8-03; 7; 7; 125000; 6125
2023-05-13 03:16:19; hka-aqm-am003a;  20.49;  53.25;   441;   624;     5;     0;     3;     1;  -119;  -119;  -3.2; drag-lps8-05; 4; 7; 125000; 6126
2023-05-13 03:31:25; hka-aqm-am003a;  20.45;  53.25;   451;   612;     5;     0;     3;     1;  -123;  -123;  -4.2; drag-lps8-03; 5; 7; 125000; 6127
2023-05-13 03:46:31; hka-aqm-am003a;  20.41;  53.25;   438;   659;     5;     0;     3;     1;  -122;  -122;  -2.2; drag-lps8-03; 0; 7; 125000; 6128
2023-05-13 04:01:38; hka-aqm-am003a;  20.38;  53.28;   442;   598;     5;     0;     2;     0;  -122;  -122;  -6.5; drag-lps8-05; 6; 7; 125000; 6129
2023-05-13 04:16:44; hka-aqm-am003a;  20.34;  53.25;   447;   592;     5;     0;     2;     0;  -122;  -122;  -5.0; drag-lps8-05; 2; 7; 125000; 6130
2023-05-13 04:31:50; hka-aqm-am003a;  20.33;  53.25;   435;   608;     5;     0;     3;     1;  -122;  -122;  -2.5; drag-lps8-03; 7; 7; 125000; 6131
2023-05-13 04:46:59; hka-aqm-am003a;  20.28;  53.25;   438;   579;     5;     0;     3;     1;  -120;  -120;  -6.0; drag-lps8-05; 3; 7; 125000; 6132
2023-05-13 05:02:05; hka-aqm-am003a;  20.25;  53.25;   439;   582;     5;     0;     1;     0;  -120;  -120;  -5.5; drag-lps8-05; 1; 7; 125000; 6133
2023-05-13 05:17:11; hka-aqm-am003a;  20.21;  53.25;   436;   595;     8;     2;     1;     0;  -122;  -122;  -4.5; drag-lps8-03; 4; 7; 125000; 6134
2023-05-13 05:32:18; hka-aqm-am003a;  20.18;  53.25;   433;   590;     8;     1;     3;     1;  -118;  -118;  -5.2; drag-lps8-05; 3; 7; 125000; 6135
2023-05-13 05:47:24; hka-aqm-am003a;  20.13;  53.25;   438;   593;    18;     5;     3;     1;  -120;  -120;  -5.5; drag-lps8-05; 6; 7; 125000; 6136
2023-05-13 06:02:31; hka-aqm-am003a;  20.09;  53.18;   432;   600;    32;     8;     3;     1;  -123;  -123;  -5.0; drag-lps8-05; 0; 7; 125000; 6137
2023-05-13 06:17:39; hka-aqm-am003a;  20.07;  53.18;   430;   595;    49;    11;     3;     1;  -122;  -122;  -5.5; drag-lps8-05; 7; 7; 125000; 6138
2023-05-13 06:32:45; hka-aqm-am003a;  20.05;  53.15;   440;   597;    65;    15;     3;     1;  -122;  -122;  -4.0; drag-lps8-03; 5; 7; 125000; 6139
2023-05-13 06:47:51; hka-aqm-am003a;  20.05;  53.09;   430;   614;    74;    15;     3;     1;  -119;  -119;  -3.2; drag-lps8-03; 1; 7; 125000; 6140
2023-05-13 07:02:58; hka-aqm-am003a;  20.03;  53.03;   430;   595;    96;    22;     3;     1;  -121;  -121;  -4.0; drag-lps8-03; 2; 7; 125000; 6141
2023-05-13 07:18:04; hka-aqm-am003a;  20.02;  52.96;   430;   603;   127;    31;     3;     1;  -122;  -122;  -3.8; drag-lps8-03; 5; 7; 125000; 6142
2023-05-13 07:33:10; hka-aqm-am003a;  20.02;  52.90;   432;   603;   165;    42;     1;     0;  -123;  -123;  -4.0; drag-lps8-03; 4; 7; 125000; 6143
2023-05-13 07:48:18; hka-aqm-am003a;  20.00;  52.74;   428;   624;   193;    49;     3;     1;  -121;  -121;  -5.8; drag-lps8-05; 6; 7; 125000; 6144
2023-05-13 08:03:24; hka-aqm-am003a;  20.03;  52.55;   435;   606;   230;    60;     1;     0;  -124;  -124;  -6.2; drag-lps8-03; 3; 7; 125000; 6145
2023-05-13 08:18:31; hka-aqm-am003a;  20.05;  52.39;   426;   610;   266;    71;     3;     1;  -123;  -123;  -4.8; drag-lps8-05; 0; 7; 125000; 6146
2023-05-13 08:33:39; hka-aqm-am003a;  20.10;  52.20;   429;   608;   319;    88;     0;     0;  -123;  -123;  -4.2; drag-lps8-03; 7; 7; 125000; 6147
2023-05-13 08:48:45; hka-aqm-am003a;  20.15;  51.95;   424;   609;   327;    89;     3;     1;  -125;  -125;  -6.2; drag-lps8-03; 2; 7; 125000; 6148
2023-05-13 09:03:51; hka-aqm-am003a;  20.20;  51.73;   423;   614;   360;    99;     3;     1;  -123;  -123;  -4.8; drag-lps8-03; 1; 7; 125000; 6149
2023-05-13 09:07:57; hka-aqm-am003a;  20.21;  51.70;   423;   617;   335;    90;     3;     1;  -123;  -123;  -3.0; drag-lps8-03; 0; 7; 125000; 6150
2023-05-13 09:11:37; hka-aqm-am003a;  20.22;  51.63;   426;   640;   280;    73;     1;     0;  -124;  -124;  -5.0; drag-lps8-03; 2; 7; 125000; 6151
2023-05-13 09:13:56; hka-aqm-am003a;  20.23;  51.63;   424;   607;   378;   106;     1;     0;  -122;  -122;  -7.2; drag-lps8-05; 6; 7; 125000; 6152
2023-05-13 09:26:37; hka-aqm-am003a;  20.26;  51.44;   423;   604;   388;   107;     2;     0;  -120;  -120;  -6.0; drag-lps8-05; 3; 7; 125000; 6153
2023-05-13 09:27:37; hka-aqm-am003a;  20.24;  51.48;   423;   610;   326;    87;     0;     0;  -125;  -125;  -5.2; drag-lps8-03; 5; 7; 125000; 6154
2023-05-13 09:34:37; hka-aqm-am003a;  20.26;  51.41;   424;   611;   431;   121;     2;     0;  -127;  -127;  -6.8; drag-lps8-03; 4; 7; 125000; 6155
2023-05-13 09:36:18; hka-aqm-am003a;  20.28;  51.41;   427;   613;   485;   138;     0;     0;  -124;  -124;  -4.8; drag-lps8-03; 1; 7; 125000; 6156
2023-05-13 09:37:57; hka-aqm-am003a;  20.28;  51.35;   423;   628;   491;   140;     0;     0;  -124;  -124;  -5.5; drag-lps8-03; 7; 7; 125000; 6157
2023-05-13 09:38:18; hka-aqm-am003a;  20.29;  51.35;   423;   648;   547;   157;     1;     0;  -121;  -121;  -4.2; drag-lps8-05; 2; 7; 125000; 6158
2023-05-13 09:38:38; hka-aqm-am003a;  20.29;  51.35;   423;   638;   371;   101;     1;     0;  -123;  -123;  -6.2; drag-lps8-05; 1; 7; 125000; 6159
2023-05-13 09:39:17; hka-aqm-am003a;  20.28;  51.32;   423;   624;   295;    79;     0;     0;  -125;  -125;  -5.8; drag-lps8-03; 4; 7; 125000; 6160
2023-05-13 09:48:57; hka-aqm-am003a;  20.32;  51.19;   422;   615;   384;   105;     2;     0;  -120;  -120;  -6.2; drag-lps8-05; 3; 7; 125000; 6161
2023-05-13 09:52:17; hka-aqm-am003a;  20.34;  51.10;   422;   617;   483;   136;     1;     0;  -121;  -121;  -4.0; drag-lps8-03; 6; 7; 125000; 6162
2023-05-13 09:52:57; hka-aqm-am003a;  20.34;  51.13;   420;   618;   341;    93;     1;     0;  -122;  -122;  -3.2; drag-lps8-03; 0; 7; 125000; 6163
2023-05-13 09:54:16; hka-aqm-am003a;  20.36;  51.13;   424;   617;   445;   124;     1;     0;  -120;  -120;  -3.2; drag-lps8-03; 5; 7; 125000; 6164
2023-05-13 09:54:37; hka-aqm-am003a;  20.36;  51.13;   423;   618;   363;   100;     1;     0;  -123;  -123;  -3.8; drag-lps8-03; 7; 7; 125000; 6165
2023-05-13 09:56:37; hka-aqm-am003a;  20.36;  51.10;   422;   620;   452;   127;     0;     0;  -121;  -121;  -3.2; drag-lps8-03; 1; 7; 125000; 6166
2023-05-13 09:56:57; hka-aqm-am003a;  20.37;  51.06;   421;   619;   385;   105;     0;     0;  -122;  -122;  -3.5; drag-lps8-05; 4; 7; 125000; 6167
2023-05-13 09:58:38; hka-aqm-am003a;  20.40;  51.06;   424;   612;   383;   106;     1;     0;  -124;  -124;  -5.0; drag-lps8-05; 5; 7; 125000; 6168
2023-05-13 10:13:44; hka-aqm-am003a;  20.46;  50.81;   426;   612;   344;    96;     1;     0;  -122;  -122;  -3.0; drag-lps8-03; 7; 7; 125000; 6169
2023-05-13 10:28:50; hka-aqm-am003a;  20.50;  50.56;   419;   565;   427;   120;     2;     0;  -122;  -122;  -2.8; drag-lps8-03; 0; 7; 125000; 6170
2023-05-13 10:43:59; hka-aqm-am003a;  20.60;  50.27;   418;   623;   485;   136;     2;     0;  -128;  -128;  -8.5; drag-lps8-03; 3; 7; 125000; 6171
2023-05-13 10:59:05; hka-aqm-am003a;  20.69;  49.98;   420;   617;   583;   164;     2;     0;  -124;  -124;  -4.5; drag-lps8-03; 6; 7; 125000; 6172
2023-05-13 11:29:18; hka-aqm-am003a;  20.94;  49.28;   429;   633;   530;   148;     2;     1;  -116;  -116;  -1.5; drag-lps8-05; 4; 7; 125000; 6174
2023-05-13 11:43:18; hka-aqm-am003a;  21.05;  49.06;   430;   646;   690;   192;     2;     2;  -125;  -125;  -6.8; drag-lps8-05; 2; 7; 125000; 6175
2023-05-13 11:55:58; hka-aqm-am003a;  21.18;  48.87;   437;   622;   718;   199;     1;     1;  -123;  -123;  -3.8; drag-lps8-05; 0; 7; 125000; 6177
2023-05-13 12:10:37; hka-aqm-am003a;  21.30;  48.55;   446;   662;   737;   204;     2;     1;  -119;  -119;  -4.8; drag-lps8-05; 3; 7; 125000; 6179
2023-05-13 12:25:50; hka-aqm-am003a;  21.44;  48.23;   457;   672;   593;   163;     2;     2;  -123;  -123;  -8.2; drag-lps8-05; 6; 7; 125000; 6181
2023-05-13 12:56:18; hka-aqm-am003a;  21.56;  48.00;   486;   686;   446;   125;     2;     3;  -120;  -120;  -2.2; drag-lps8-05; 4; 7; 125000; 6183
2023-05-13 13:26:44; hka-aqm-am003a;  21.61;  48.13;   522;   701;   501;   141;     2;     3;  -128;  -128;  -8.5; drag-lps8-05; 5; 7; 125000; 6185
2023-05-13 13:41:57; hka-aqm-am003a;  21.69;  47.87;   510;   696;   740;   202;     2;     3;  -116;  -116;  -3.2; drag-lps8-03; 1; 7; 125000; 6186
2023-05-13 13:50:17; hka-aqm-am003a;  21.77;  47.68;   513;   689;   914;   250;     2;     3;  -119;  -119;  -5.0; drag-lps8-03; 6; 7; 125000; 6187
2023-05-13 13:51:36; hka-aqm-am003a;  21.79;  47.62;   510;   680;   986;   273;     0;     1;  -120;  -120;  -3.5; drag-lps8-03; 4; 7; 125000; 6188
2023-05-13 13:51:57; hka-aqm-am003a;  21.78;  47.62;   509;   684;   855;   231;     0;     1;  -123;  -123;  -6.2; drag-lps8-05; 5; 7; 125000; 6190
2023-05-13 13:57:57; hka-aqm-am003a;  21.86;  47.49;   514;   692;   997;   273;     1;     1;  -120;  -120;  -4.8; drag-lps8-03; 5; 7; 125000; 6191
2023-05-13 13:58:37; hka-aqm-am003a;  21.87;  47.49;   511;   692;  1060;   292;     0;     0;  -116;  -116;  -1.5; drag-lps8-03; 4; 7; 125000; 6192
2023-05-13 13:59:18; hka-aqm-am003a;  21.87;  47.46;   510;   691;   981;   266;     0;     0;  -120;  -120;  -5.8; drag-lps8-05; 2; 7; 125000; 6193
2023-05-13 13:59:38; hka-aqm-am003a;  21.87;  47.42;   510;   691;  1063;   293;     0;     0;  -122;  -122;  -7.0; drag-lps8-05; 1; 7; 125000; 6195
2023-05-13 13:59:57; hka-aqm-am003a;  21.88;  47.42;   510;   690;   960;   259;     0;     0;  -118;  -118;  -3.5; drag-lps8-03; 6; 7; 125000; 6196
2023-05-13 14:02:18; hka-aqm-am003a;  21.90;  47.36;   513;   691;   998;   270;     0;     0;  -118;  -118;  -1.5; drag-lps8-03; 0; 7; 125000; 6197
2023-05-13 14:05:37; hka-aqm-am003a;  21.95;  47.26;   511;   688;   959;   260;     0;     0;  -117;  -117;  -1.8; drag-lps8-03; 5; 7; 125000; 6198
2023-05-13 14:08:17; hka-aqm-am003a;  21.97;  47.23;   504;   692;  1014;   277;     1;     1;  -118;  -118;  -3.8; drag-lps8-03; 6; 7; 125000; 6199
2023-05-13 14:08:56; hka-aqm-am003a;  21.98;  47.23;   508;   689;   940;   254;     0;     1;  -120;  -120;  -5.8; drag-lps8-03; 3; 7; 125000; 6201
2023-05-13 14:12:36; hka-aqm-am003a;  22.01;  47.17;   512;   736;   827;   223;     0;     1;  -119;  -119;  -4.2; drag-lps8-05; 2; 7; 125000; 6202
2023-05-13 14:27:42; hka-aqm-am003a;  22.17;  46.85;   508;   698;   877;   236;     1;     4;  -122;  -122;  -3.2; drag-lps8-05; 4; 7; 125000; 6203
2023-05-13 14:36:58; hka-aqm-am003a;  22.28;  46.72;   513;   688;   899;   243;     2;     4;  -120;  -120;  -5.2; drag-lps8-03; 5; 7; 125000; 6204
2023-05-13 14:42:58; hka-aqm-am003a;  22.31;  46.62;   511;   690;   972;   262;     2;     1;  -120;  -120;  -3.8; drag-lps8-05; 4; 7; 125000; 6205
2023-05-13 14:47:36; hka-aqm-am003a;  22.36;  46.59;   508;   690;  1102;   303;     1;     2;  -121;  -121;  -6.2; drag-lps8-05; 3; 7; 125000; 6206
2023-05-13 14:47:56; hka-aqm-am003a;  22.35;  46.59;   506;   691;  1211;   336;     0;     2;  -122;  -122;  -7.0; drag-lps8-03; 1; 7; 125000; 6207
2023-05-13 14:48:16; hka-aqm-am003a;  22.37;  46.59;   506;   690;  1096;   299;     0;     1;  -122;  -122;  -5.2; drag-lps8-05; 2; 7; 125000; 6208
2023-05-13 14:48:58; hka-aqm-am003a;  22.37;  46.59;   504;   693;  1007;   270;     0;     2;  -122;  -122;  -5.5; drag-lps8-03; 7; 7; 125000; 6209
2023-05-13 14:54:57; hka-aqm-am003a;  22.43;  46.36;   506;   695;  1099;   296;     1;     3;  -119;  -119;  -5.2; drag-lps8-03; 6; 7; 125000; 6210
2023-05-13 14:58:37; hka-aqm-am003a;  22.48;  46.33;   505;   688;   952;   251;     1;     6;  -120;  -120;  -2.5; drag-lps8-03; 0; 7; 125000; 6211
2023-05-13 14:59:58; hka-aqm-am003a;  22.49;  46.30;   505;   690;  1259;   350;     0;     6;  -123;  -123;  -5.2; drag-lps8-03; 7; 7; 125000; 6212
2023-05-13 15:00:37; hka-aqm-am003a;  22.50;  46.27;   505;   692;  1066;   290;     0;     6;  -119;  -119;  -5.8; drag-lps8-03; 2; 7; 125000; 6213
2023-05-13 15:00:57; hka-aqm-am003a;  22.50;  46.27;   505;   690;  1198;   328;     0;     5;  -121;  -121;  -5.8; drag-lps8-03; 1; 7; 125000; 6214
2023-05-13 15:01:17; hka-aqm-am003a;  22.52;  46.27;   505;   689;   997;   267;     0;     5;  -118;  -118;  -3.5; drag-lps8-03; 5; 7; 125000; 6215
2023-05-13 15:01:58; hka-aqm-am003a;  22.51;  46.27;   505;   689;  1039;   279;     0;     5;  -124;  -124;  -8.5; drag-lps8-05; 6; 7; 125000; 6216
2023-05-13 15:05:17; hka-aqm-am003a;  22.54;  46.20;   500;   691;  1249;   340;     1;     5;  -126;  -126;  -6.2; drag-lps8-05; 0; 7; 125000; 6217
2023-05-13 15:06:58; hka-aqm-am003a;  22.55;  46.14;   501;   699;  1264;   344;     0;     3;  -120;  -120;  -3.5; drag-lps8-05; 4; 7; 125000; 6218
2023-05-13 15:07:37; hka-aqm-am003a;  22.59;  46.14;   501;   697;  1211;   329;     0;     3;  -122;  -122;  -6.8; drag-lps8-05; 3; 7; 125000; 6219
2023-05-13 15:07:58; hka-aqm-am003a;  22.60;  46.10;   501;   700;  1349;   372;     0;     3;  -124;  -124;  -5.2; drag-lps8-05; 5; 7; 125000; 6220
2023-05-13 15:08:37; hka-aqm-am003a;  22.59;  46.07;   505;   699;  1213;   329;     0;     2;  -121;  -121;  -6.8; drag-lps8-05; 3; 7; 125000; 6221
2023-05-13 15:09:17; hka-aqm-am003a;  22.60;  46.04;   502;   722;  1139;   307;     0;     3;  -123;  -123;  -8.2; drag-lps8-03; 6; 7; 125000; 6222
2023-05-13 15:09:37; hka-aqm-am003a;  22.62;  46.01;   501;   749;  1228;   333;     0;     3;  -122;  -122;  -7.2; drag-lps8-03; 1; 7; 125000; 6223
2023-05-13 15:10:38; hka-aqm-am003a;  22.63;  46.01;   503;   715;  1124;   303;     0;     2;  -124;  -124;  -6.0; drag-lps8-03; 0; 7; 125000; 6224
2023-05-13 15:12:58; hka-aqm-am003a;  22.66;  45.94;   504;   692;  1350;   370;     1;     2;  -122;  -122;  -5.5; drag-lps8-05; 4; 7; 125000; 6225
2023-05-13 15:13:17; hka-aqm-am003a;  22.68;  45.94;   502;   692;  1258;   343;     0;     1;  -121;  -121;  -5.8; drag-lps8-03; 2; 7; 125000; 6226
2023-05-13 15:13:58; hka-aqm-am003a;  22.68;  45.91;   499;   702;  1360;   373;     0;     2;  -123;  -123;  -6.0; drag-lps8-03; 7; 7; 125000; 6227
2023-05-13 15:15:57; hka-aqm-am003a;  22.72;  45.88;   501;   701;  1154;   312;     0;     2;  -122;  -122;  -4.2; drag-lps8-05; 4; 7; 125000; 6228
2023-05-13 15:16:37; hka-aqm-am003a;  22.72;  45.81;   506;   699;  1076;   291;     1;     1;  -122;  -122;  -6.8; drag-lps8-03; 5; 7; 125000; 6229
2023-05-13 15:31:43; hka-aqm-am003a;  22.86;  45.59;   504;   709;   844;   228;     2;     2;  -120;  -120;  -6.2; drag-lps8-03; 1; 7; 125000; 6230
2023-05-13 15:35:38; hka-aqm-am003a;  22.86;  45.59;   503;   717;   902;   244;     2;     2;  -124;  -124;  -6.8; drag-lps8-05; 6; 7; 125000; 6231
2023-05-13 15:42:17; hka-aqm-am003a;  22.90;  45.56;   492;   701;  1173;   323;     2;     2;  -119;  -119;  -6.0; drag-lps8-05; 3; 7; 125000; 6232
2023-05-13 15:42:37; hka-aqm-am003a;  22.90;  45.56;   492;   703;  1079;   293;     0;     1;  -125;  -125;  -6.8; drag-lps8-03; 7; 7; 125000; 6233
2023-05-13 15:43:37; hka-aqm-am003a;  22.91;  45.52;   492;   725;  1331;   370;     1;     2;  -125;  -125;  -6.0; drag-lps8-05; 0; 7; 125000; 6235
2023-05-13 15:44:17; hka-aqm-am003a;  22.93;  45.49;   493;   712;  1984;   581;     0;     2;  -121;  -121;  -7.8; drag-lps8-05; 3; 7; 125000; 6237
2023-05-13 15:44:58; hka-aqm-am003a;  22.95;  45.52;   497;   709;  2060;   599;     0;     2;  -124;  -124;  -4.5; drag-lps8-05; 0; 7; 125000; 6238
2023-05-13 15:45:17; hka-aqm-am003a;  22.96;  45.52;   496;   709;  2151;   626;     0;     1;  -121;  -121;  -5.8; drag-lps8-03; 5; 7; 125000; 6239
2023-05-13 15:45:37; hka-aqm-am003a;  22.96;  45.49;   495;   709;  1524;   426;     0;     1;  -122;  -122;  -4.0; drag-lps8-05; 4; 7; 125000; 6240
2023-05-13 15:46:16; hka-aqm-am003a;  22.99;  45.46;   499;   709;  1270;   348;     0;     1;  -124;  -124;  -6.5; drag-lps8-05; 7; 7; 125000; 6241
2023-05-13 15:46:38; hka-aqm-am003a;  23.01;  45.43;   497;   709;  1373;   376;     0;     2;  -121;  -121;  -5.8; drag-lps8-05; 2; 7; 125000; 6242
2023-05-13 15:47:37; hka-aqm-am003a;  23.05;  45.36;   501;   713;  1577;   439;     0;     2;  -122;  -122;  -7.2; drag-lps8-03; 1; 7; 125000; 6243
2023-05-13 15:47:57; hka-aqm-am003a;  23.05;  45.30;   500;   717;  1330;   364;     0;     0;  -123;  -123;  -6.2; drag-lps8-03; 7; 7; 125000; 6244
2023-05-13 15:48:17; hka-aqm-am003a;  23.06;  45.30;   499;   720;  1389;   385;     0;     1;  -121;  -121;  -5.8; drag-lps8-03; 5; 7; 125000; 6245
2023-05-13 15:48:37; hka-aqm-am003a;  23.07;  45.30;   499;   721;  1173;   317;     0;     2;  -121;  -121;  -6.8; drag-lps8-03; 3; 7; 125000; 6246
2023-05-13 15:49:18; hka-aqm-am003a;  23.13;  45.26;   498;   720;  1260;   344;     0;     2;  -122;  -122;  -7.0; drag-lps8-05; 6; 7; 125000; 6247
2023-05-13 15:49:57; hka-aqm-am003a;  23.15;  45.23;   498;   720;  1895;   539;     0;     3;  -123;  -123;  -6.0; drag-lps8-05; 2; 7; 125000; 6248
2023-05-13 15:50:18; hka-aqm-am003a;  23.15;  45.17;   499;   719;  1641;   459;     2;     3;  -122;  -122;  -7.0; drag-lps8-05; 1; 7; 125000; 6249
2023-05-13 15:50:57; hka-aqm-am003a;  23.20;  45.14;   502;   719;  1303;   356;     2;     2;  -124;  -124;  -4.5; drag-lps8-05; 0; 7; 125000; 6250
2023-05-13 15:51:18; hka-aqm-am003a;  23.20;  45.10;   500;   719;  1504;   417;     0;     2;  -124;  -124;  -6.2; drag-lps8-03; 4; 7; 125000; 6251
2023-05-13 15:51:58; hka-aqm-am003a;  23.22;  45.04;   503;   718;  1632;   459;     0;     2;  -125;  -125;  -6.2; drag-lps8-03; 7; 7; 125000; 6252
2023-05-13 15:52:17; hka-aqm-am003a;  23.23;  45.04;   501;   717;  1570;   437;     0;     1;  -126;  -126;  -6.5; drag-lps8-03; 0; 7; 125000; 6253
2023-05-13 15:53:16; hka-aqm-am003a;  23.26;  44.94;   501;   720;  1663;   467;     0;     1;  -122;  -122;  -7.5; drag-lps8-03; 2; 7; 125000; 6254
2023-05-13 15:53:58; hka-aqm-am003a;  23.31;  44.88;   504;   719;  1273;   347;     1;     1;  -120;  -120;  -2.8; drag-lps8-05; 4; 7; 125000; 6255
2023-05-13 15:54:38; hka-aqm-am003a;  23.34;  44.78;   505;   710;  1391;   385;     1;     1;  -122;  -122;  -6.8; drag-lps8-03; 1; 7; 125000; 6256
2023-05-13 15:54:57; hka-aqm-am003a;  23.36;  44.78;   501;   672;  1223;   338;     0;     1;  -121;  -121;  -6.0; drag-lps8-05; 3; 7; 125000; 6257
2023-05-13 15:55:17; hka-aqm-am003a;  23.34;  44.78;   499;   693;  1275;   352;     0;     2;  -123;  -123;  -7.0; drag-lps8-05; 5; 7; 125000; 6258
2023-05-13 15:55:37; hka-aqm-am003a;  23.36;  44.75;   498;   709;  1486;   418;     2;     2;  -120;  -120;  -6.5; drag-lps8-05; 6; 7; 125000; 6259
2023-05-13 15:55:57; hka-aqm-am003a;  23.38;  44.71;   498;   713;  1778;   512;     2;     1;  -120;  -120;  -6.5; drag-lps8-05; 1; 7; 125000; 6260
2023-05-13 15:56:38; hka-aqm-am003a;  23.40;  44.71;   501;   712;  2570;   774;     1;     2;  -122;  -122;  -6.0; drag-lps8-03; 0; 7; 125000; 6261
2023-05-13 15:56:57; hka-aqm-am003a;  23.43;  44.68;   499;   715;  2453;   736;     0;     2;  -122;  -122;  -5.2; drag-lps8-05; 7; 7; 125000; 6262
2023-05-13 15:57:18; hka-aqm-am003a;  23.45;  44.71;   498;   720;  2527;   764;     0;     2;  -122;  -122;  -5.5; drag-lps8-05; 5; 7; 125000; 6263
2023-05-13 15:57:56; hka-aqm-am003a;  23.44;  44.65;   501;   720;  2315;   688;     0;     2;  -122;  -122;  -7.0; drag-lps8-05; 6; 7; 125000; 6264
2023-05-13 15:58:17; hka-aqm-am003a;  23.50;  44.65;   500;   723;  1521;   424;     0;     2;  -120;  -120;  -6.2; drag-lps8-03; 2; 7; 125000; 6265
2023-05-13 15:58:58; hka-aqm-am003a;  23.50;  44.49;   498;   724;  1759;   499;     0;     2;  -120;  -120;  -5.8; drag-lps8-05; 3; 7; 125000; 6266
2023-05-13 15:59:18; hka-aqm-am003a;  23.54;  44.46;   498;   725;  2050;   593;     0;     2;  -119;  -119;  -3.2; drag-lps8-05; 4; 7; 125000; 6267
2023-05-13 15:59:37; hka-aqm-am003a;  23.56;  44.46;   498;   736;  2392;   701;     0;     2;  -125;  -125;  -5.0; drag-lps8-05; 0; 7; 125000; 6268
2023-05-13 15:59:57; hka-aqm-am003a;  23.56;  44.46;   498;   754;  2198;   636;     0;     1;  -122;  -122;  -8.0; drag-lps8-03; 1; 7; 125000; 6269
2023-05-13 16:00:17; hka-aqm-am003a;  23.58;  44.42;   498;   744;  2901;   871;     0;     0;  -122;  -122;  -7.5; drag-lps8-05; 5; 7; 125000; 6270
2023-05-13 16:01:17; hka-aqm-am003a;  23.64;  44.46;   497;   670;  1609;   454;     0;     0;  -124;  -124;  -8.5; drag-lps8-03; 3; 7; 125000; 6271
2023-05-13 16:01:37; hka-aqm-am003a;  23.66;  44.33;   497;   691;  1993;   576;     0;     0;  -122;  -122;  -6.5; drag-lps8-05; 6; 7; 125000; 6272
2023-05-13 16:01:57; hka-aqm-am003a;  23.68;  44.33;   498;   707;  2898;   870;     0;     0;  -121;  -121;  -3.0; drag-lps8-05; 4; 7; 125000; 6273
2023-05-13 16:03:17; hka-aqm-am003a;  23.78;  44.13;   500;   725;  2715;   807;     0;     1;  -125;  -125;  -5.8; drag-lps8-03; 7; 7; 125000; 6274
2023-05-13 16:03:57; hka-aqm-am003a;  23.82;  44.07;   498;   732;  2548;   748;     0;     0;  -122;  -122;  -7.2; drag-lps8-03; 2; 7; 125000; 6275
2023-05-13 16:04:18; hka-aqm-am003a;  23.88;  43.97;   498;   734;  2938;   874;     0;     1;  -125;  -125;  -6.8; drag-lps8-05; 7; 7; 125000; 6276
2023-05-13 16:04:37; hka-aqm-am003a;  23.89;  43.94;   498;   736;  3051;   911;     0;     1;  -123;  -123;  -8.2; drag-lps8-03; 6; 7; 125000; 6277
2023-05-13 16:04:57; hka-aqm-am003a;  23.90;  43.87;   498;   737;  2617;   773;     1;     1;  -124;  -124;  -5.8; drag-lps8-05; 2; 7; 125000; 6278
2023-05-13 16:05:17; hka-aqm-am003a;  23.93;  43.87;   498;   738;  1976;   569;     1;     1;  -124;  -124;  -4.5; drag-lps8-05; 5; 7; 125000; 6279
2023-05-13 16:05:38; hka-aqm-am003a;  23.96;  43.81;   498;   737;  2445;   718;     0;     1;  -121;  -121;  -6.2; drag-lps8-03; 4; 7; 125000; 6280
2023-05-13 16:05:57; hka-aqm-am003a;  23.97;  43.74;   498;   738;  2056;   596;     0;     0;  -122;  -122;  -8.5; drag-lps8-03; 3; 7; 125000; 6281
2023-05-13 16:06:36; hka-aqm-am003a;  24.01;  43.71;   502;   739;  1463;   410;     0;     1;  -122;  -122;  -7.2; drag-lps8-05; 1; 7; 125000; 6282
2023-05-13 16:06:58; hka-aqm-am003a;  24.02;  43.64;   499;   794;  1092;   301;     0;     0;  -125;  -125;  -6.8; drag-lps8-03; 0; 7; 125000; 6283
2023-05-13 16:07:17; hka-aqm-am003a;  24.05;  43.61;   496;   778;   975;   268;     0;     0;  -124;  -124;  -6.5; drag-lps8-03; 4; 7; 125000; 6284
2023-05-13 16:08:57; hka-aqm-am003a;  24.11;  43.42;   496;   748;   826;   223;     1;     1;  -121;  -121;  -6.2; drag-lps8-05; 5; 7; 125000; 6285
2023-05-13 16:09:57; hka-aqm-am003a;  24.12;  43.42;   492;   741;   717;   193;     1;     1;  -121;  -121;  -4.2; drag-lps8-05; 7; 7; 125000; 6286
2023-05-13 16:16:17; hka-aqm-am003a;  24.04;  43.38;   489;   725;   758;   206;     0;     1;  -122;  -122;  -6.8; drag-lps8-05; 3; 7; 125000; 6287
2023-05-13 16:17:36; hka-aqm-am003a;  24.00;  43.35;   493;   719;   871;   236;     1;     0;  -123;  -123;  -8.2; drag-lps8-05; 6; 7; 125000; 6288
2023-05-13 16:18:36; hka-aqm-am003a;  24.00;  43.38;   494;   721;   985;   267;     1;     1;  -123;  -123;  -7.8; drag-lps8-03; 1; 7; 125000; 6289
2023-05-13 16:18:55; hka-aqm-am003a;  24.00;  43.35;   492;   720;  1099;   300;     0;     0;  -123;  -123;  -7.8; drag-lps8-05; 2; 7; 125000; 6290
2023-05-13 16:19:18; hka-aqm-am003a;  23.98;  43.42;   491;   719;   968;   263;     0;     1;  -125;  -125;  -7.2; drag-lps8-03; 0; 7; 125000; 6291
2023-05-13 16:20:56; hka-aqm-am003a;  23.98;  43.48;   489;   749;  1131;   310;     0;     1;  -122;  -122;  -7.5; drag-lps8-05; 1; 7; 125000; 6292
2023-05-13 16:21:35; hka-aqm-am003a;  23.99;  43.48;   493;   740;  1429;   396;     0;     0;  -123;  -123;  -5.2; drag-lps8-05; 7; 7; 125000; 6293
2023-05-13 16:21:55; hka-aqm-am003a;  23.98;  43.45;   492;   726;  1265;   348;     0;     0;  -125;  -125;  -6.2; drag-lps8-03; 0; 7; 125000; 6294
2023-05-13 16:22:15; hka-aqm-am003a;  23.98;  43.55;   491;   678;  1687;   473;     1;     0;  -121;  -121;  -3.2; drag-lps8-05; 5; 7; 125000; 6295
2023-05-13 16:22:37; hka-aqm-am003a;  23.97;  43.55;   491;   694;  1273;   348;     1;     1;  -122;  -122;  -6.8; drag-lps8-03; 4; 7; 125000; 6296
2023-05-13 16:23:36; hka-aqm-am003a;  23.97;  43.68;   494;   711;  1063;   291;     0;     1;  -122;  -122;  -7.5; drag-lps8-05; 6; 7; 125000; 6297
2023-05-13 16:23:57; hka-aqm-am003a;  23.98;  43.71;   492;   717;   889;   240;     0;     2;  -120;  -120;  -5.2; drag-lps8-05; 3; 7; 125000; 6298
2023-05-13 16:26:37; hka-aqm-am003a;  23.96;  43.55;   489;   705;   943;   252;     0;     2;  -122;  -122;  -5.8; drag-lps8-05; 2; 7; 125000; 6299
2023-05-13 16:26:57; hka-aqm-am003a;  23.95;  43.55;   489;   729;  1247;   341;     0;     2;  -120;  -120;  -5.5; drag-lps8-03; 5; 7; 125000; 6300
2023-05-13 16:27:16; hka-aqm-am003a;  23.94;  43.55;   489;   729;   865;   231;     0;     2;  -125;  -125;  -6.2; drag-lps8-05; 7; 7; 125000; 6301
2023-05-13 16:29:37; hka-aqm-am003a;  23.93;  43.71;   495;   729;  1877;   529;     1;     2;  -122;  -122;  -7.2; drag-lps8-05; 1; 7; 125000; 6302
2023-05-13 16:30:35; hka-aqm-am003a;  23.96;  43.74;   501;   730;  3416;  1008;     1;     1;  -122;  -122;  -7.0; drag-lps8-03; 4; 7; 125000; 6303
2023-05-13 16:30:57; hka-aqm-am003a;  23.94;  43.81;   497;   732;  3706;  1100;     0;     0;  -124;  -124;  -6.5; drag-lps8-03; 0; 7; 125000; 6304
2023-05-13 16:31:36; hka-aqm-am003a;  23.98;  43.77;   492;   747;  3646;  1079;     0;     1;  -124;  -124;  -5.5; drag-lps8-05; 2; 7; 125000; 6305
2023-05-13 16:31:57; hka-aqm-am003a;  23.99;  43.74;   491;   765;  2606;   751;     0;     1;  -120;  -120;  -5.8; drag-lps8-05; 3; 7; 125000; 6306
2023-05-13 16:32:55; hka-aqm-am003a;  24.03;  43.64;   498;   745;  3295;   963;     0;     2;  -122;  -122;  -6.8; drag-lps8-05; 6; 7; 125000; 6307
2023-05-13 16:33:15; hka-aqm-am003a;  24.05;  43.61;   495;   693;  2649;   761;     0;     1;  -119;  -119;  -5.2; drag-lps8-05; 3; 7; 125000; 6308
2023-05-13 16:33:35; hka-aqm-am003a;  24.06;  43.61;   494;   730;  2442;   696;     0;     0;  -121;  -121;  -3.2; drag-lps8-03; 0; 7; 125000; 6309
2023-05-13 16:33:57; hka-aqm-am003a;  24.10;  43.61;   493;   737;  2911;   845;     0;     1;  -119;  -119;  -2.8; drag-lps8-05; 4; 7; 125000; 6310
2023-05-13 16:34:35; hka-aqm-am003a;  24.13;  43.61;   496;   744;  3685;  1093;     0;     1;  -123;  -123;  -5.8; drag-lps8-05; 2; 7; 125000; 6311
2023-05-13 16:34:55; hka-aqm-am003a;  24.14;  43.58;   494;   749;  3582;  1062;     1;     0;  -120;  -120;  -3.0; drag-lps8-05; 5; 7; 125000; 6312
2023-05-13 16:35:17; hka-aqm-am003a;  24.18;  43.55;   493;   756;  3490;  1030;     1;     1;  -121;  -121;  -6.2; drag-lps8-05; 6; 7; 125000; 6313
2023-05-13 16:35:37; hka-aqm-am003a;  24.21;  43.51;   492;   760;  3429;  1012;     1;     1;  -123;  -123;  -5.8; drag-lps8-05; 7; 7; 125000; 6314
2023-05-13 16:36:15; hka-aqm-am003a;  24.24;  43.48;   495;   763;  3326;   981;     0;     1;  -118;  -118;  -4.5; drag-lps8-03; 1; 7; 125000; 6315
2023-05-13 16:36:35; hka-aqm-am003a;  24.25;  43.45;   494;   766;  3396;  1001;     0;     0;  -119;  -119;  -4.8; drag-lps8-03; 6; 7; 125000; 6316
2023-05-13 16:37:16; hka-aqm-am003a;  24.30;  43.42;   492;   771;  3178;   932;     0;     0;  -118;  -118;  -4.0; drag-lps8-03; 1; 7; 125000; 6317
2023-05-13 16:37:56; hka-aqm-am003a;  24.37;  43.35;   492;   776;  3291;   962;     0;     1;  -120;  -120;  -6.2; drag-lps8-05; 3; 7; 125000; 6318
2023-05-13 16:38:36; hka-aqm-am003a;  24.40;  43.32;   496;   778;  3087;   899;     1;     0;  -126;  -126;  -6.5; drag-lps8-05; 7; 7; 125000; 6319
2023-05-13 16:38:57; hka-aqm-am003a;  24.44;  43.35;   494;   779;  3559;  1053;     0;     1;  -120;  -120;  -4.8; drag-lps8-03; 4; 7; 125000; 6320
2023-05-13 16:39:56; hka-aqm-am003a;  24.51;  43.22;   497;   784;  1607;   443;     0;     1;  -122;  -122;  -4.8; drag-lps8-03; 0; 7; 125000; 6321
2023-05-13 16:40:35; hka-aqm-am003a;  24.53;  43.19;   500;   786;  1162;   313;     0;     1;  -122;  -122;  -4.8; drag-lps8-05; 2; 7; 125000; 6322
2023-05-13 16:40:57; hka-aqm-am003a;  24.56;  43.12;   498;   789;  1331;   364;     0;     4;  -122;  -122;  -4.2; drag-lps8-05; 5; 7; 125000; 6323
2023-05-13 16:41:35; hka-aqm-am003a;  24.56;  43.09;   500;   789;  1510;   420;     0;     4;  -121;  -121;  -2.8; drag-lps8-03; 0; 7; 125000; 6324
2023-05-13 16:41:56; hka-aqm-am003a;  24.58;  43.03;   497;   792;  2940;   861;     0;     1;  -122;  -122;  -6.5; drag-lps8-03; 6; 7; 125000; 6325
2023-05-13 16:42:16; hka-aqm-am003a;  24.60;  43.03;   494;   793;  3103;   913;     0;     1;  -119;  -119;  -3.8; drag-lps8-05; 1; 7; 125000; 6326
2023-05-13 16:42:37; hka-aqm-am003a;  24.61;  42.99;   493;   799;  3413;  1009;     1;     1;  -121;  -121;  -4.2; drag-lps8-05; 2; 7; 125000; 6327
2023-05-13 16:43:17; hka-aqm-am003a;  24.62;  42.96;   496;   850;  2782;   809;     1;     1;  -119;  -119;  -5.0; drag-lps8-05; 3; 7; 125000; 6328
2023-05-13 16:43:37; hka-aqm-am003a;  24.64;  42.99;   494;   829;  3107;   910;     1;     1;  -121;  -121;  -3.0; drag-lps8-05; 7; 7; 125000; 6329
2023-05-13 16:44:15; hka-aqm-am003a;  24.67;  42.96;   497;   771;  3272;   964;     1;     2;  -122;  -122;  -5.0; drag-lps8-03; 4; 7; 125000; 6330
2023-05-13 16:44:55; hka-aqm-am003a;  24.70;  42.90;   500;   780;  3194;   938;     0;     1;  -124;  -124;  -6.5; drag-lps8-03; 5; 7; 125000; 6331
2023-05-13 16:47:18; hka-aqm-am003a;  24.82;  42.70;   502;   799;  3060;   895;     1;     1;  -122;  -122;  -5.2; drag-lps8-05; 6; 7; 125000; 6332
2023-05-13 16:47:55; hka-aqm-am003a;  24.86;  42.70;   502;   799;  2989;   874;     0;     1;  -122;  -122;  -7.0; drag-lps8-03; 3; 7; 125000; 6333
2023-05-13 16:52:17; hka-aqm-am003a;  25.07;  42.38;   502;   811;  3148;   923;     1;     1;  -124;  -124;  -5.8; drag-lps8-05; 2; 7; 125000; 6334
2023-05-13 16:55:56; hka-aqm-am003a;  25.24;  42.11;   491;   830;  3141;   924;     1;     2;  -115;  -115;  -2.8; drag-lps8-05; 4; 7; 125000; 6335
2023-05-13 16:56:35; hka-aqm-am003a;  25.28;  42.11;   495;   827;  3199;   937;     1;     1;  -120;  -120;  -5.5; drag-lps8-05; 1; 7; 125000; 6336
2023-05-13 16:56:57; hka-aqm-am003a;  25.31;  42.11;   494;   835;  3257;   956;     1;     1;  -122;  -122;  -4.2; drag-lps8-05; 0; 7; 125000; 6337
2023-05-13 16:59:16; hka-aqm-am003a;  25.42;  41.92;   491;   835;  3326;   968;     1;     2;  -118;  -118;  -5.2; drag-lps8-05; 5; 7; 125000; 6338
2023-05-13 17:00:17; hka-aqm-am003a;  25.49;  41.85;   492;   832;  3447;  1004;     1;     1;  -121;  -121;  -5.0; drag-lps8-03; 7; 7; 125000; 6339
2023-05-13 17:00:56; hka-aqm-am003a;  25.51;  41.85;   495;   834;  3511;  1023;     0;     1;  -122;  -122;  -4.5; drag-lps8-05; 2; 7; 125000; 6340
2023-05-13 17:06:37; hka-aqm-am003a;  25.79;  41.46;   495;   826;  2717;   788;     1;     1;  -123;  -123;  -7.0; drag-lps8-03; 7; 7; 125000; 6341
2023-05-13 17:06:57; hka-aqm-am003a;  25.83;  41.46;   495;   768;  3398;   996;     0;     1;  -118;  -118;  -2.2; drag-lps8-05; 5; 7; 125000; 6342
2023-05-13 17:07:55; hka-aqm-am003a;  25.82;  41.46;   503;   793;  3277;   961;     0;     1;  -124;  -124;  -4.0; drag-lps8-05; 0; 7; 125000; 6343
2023-05-13 17:08:17; hka-aqm-am003a;  25.86;  41.40;   500;   810;  3075;   900;     0;     0;  -119;  -119;  -5.2; drag-lps8-03; 1; 7; 125000; 6344
2023-05-13 17:08:37; hka-aqm-am003a;  25.89;  41.36;   498;   823;  3233;   947;     0;     0;  -119;  -119;  -5.0; drag-lps8-05; 3; 7; 125000; 6345
2023-05-13 17:10:17; hka-aqm-am003a;  25.97;  41.26;   496;   845;  2945;   862;     2;     0;  -118;  -118;  -2.0; drag-lps8-05; 4; 7; 125000; 6346
2023-05-13 17:10:57; hka-aqm-am003a;  26.00;  41.23;   498;   848;  1946;   545;     0;     0;  -120;  -120;  -5.5; drag-lps8-05; 6; 7; 125000; 6347
2023-05-13 17:11:35; hka-aqm-am003a;  26.04;  41.20;   500;   854;   972;   261;     0;     0;  -124;  -124;  -7.2; drag-lps8-03; 4; 7; 125000; 6348
2023-05-13 17:12:17; hka-aqm-am003a;  26.05;  41.17;   501;   846;  2668;   770;     0;     0;  -119;  -119;  -5.2; drag-lps8-03; 2; 7; 125000; 6349
2023-05-13 17:12:56; hka-aqm-am003a;  26.07;  41.17;   496;   816;  2043;   583;     0;     0;  -123;  -123;  -6.0; drag-lps8-03; 0; 7; 125000; 6350
2023-05-13 17:13:16; hka-aqm-am003a;  26.08;  41.17;   494;   831;  3028;   886;     0;     0;  -122;  -122;  -8.0; drag-lps8-03; 3; 7; 125000; 6351
2023-05-13 17:13:36; hka-aqm-am003a;  26.09;  41.13;   493;   840;  1485;   412;     0;     0;  -120;  -120;  -5.5; drag-lps8-05; 1; 7; 125000; 6352
2023-05-13 17:13:57; hka-aqm-am003a;  26.10;  41.13;   491;   843;  1704;   480;     0;     0;  -121;  -121;  -6.2; drag-lps8-05; 6; 7; 125000; 6353
2023-05-13 17:14:37; hka-aqm-am003a;  26.10;  41.13;   495;   846;  3584;  1062;     1;     0;  -124;  -124;  -6.2; drag-lps8-03; 7; 7; 125000; 6354
2023-05-13 17:14:57; hka-aqm-am003a;  26.11;  41.13;   495;   848;  1453;   403;     0;     0;  -122;  -122;  -7.0; drag-lps8-03; 5; 7; 125000; 6355
2023-05-13 17:15:38; hka-aqm-am003a;  26.14;  41.10;   493;   849;   970;   262;     0;     0;  -123;  -123;  -5.0; drag-lps8-05; 7; 7; 125000; 6356
2023-05-13 17:15:57; hka-aqm-am003a;  26.14;  41.10;   492;   851;   765;   209;     0;     0;  -123;  -123;  -6.0; drag-lps8-03; 0; 7; 125000; 6357
2023-05-13 17:16:56; hka-aqm-am003a;  26.16;  41.00;   494;   851;   835;   224;     0;     0;  -119;  -119;  -5.2; drag-lps8-03; 2; 7; 125000; 6358
2023-05-13 17:17:17; hka-aqm-am003a;  26.16;  41.00;   493;   853;  1016;   275;     1;     0;  -123;  -123;  -9.0; drag-lps8-03; 3; 7; 125000; 6359
2023-05-13 17:17:56; hka-aqm-am003a;  26.15;  41.00;   490;   853;  1172;   317;     1;     0;  -118;  -118;  -1.5; drag-lps8-05; 4; 7; 125000; 6360
2023-05-13 17:18:16; hka-aqm-am003a;  26.16;  41.00;   490;   852;  1538;   425;     0;     0;  -119;  -119;  -4.0; drag-lps8-05; 5; 7; 125000; 6361
2023-05-13 17:18:37; hka-aqm-am003a;  26.14;  41.00;   489;   849;  1312;   358;     0;     0;  -122;  -122;  -5.5; drag-lps8-05; 6; 7; 125000; 6362
2023-05-13 17:18:56; hka-aqm-am003a;  26.15;  41.00;   489;   850;  2534;   724;     0;     0;  -121;  -121;  -6.0; drag-lps8-03; 1; 7; 125000; 6363
2023-05-13 17:19:16; hka-aqm-am003a;  26.17;  41.07;   489;   849;  2837;   819;     0;     0;  -123;  -123;  -5.2; drag-lps8-03; 0; 7; 125000; 6364
2023-05-13 17:19:37; hka-aqm-am003a;  26.16;  41.07;   489;   849;  2656;   763;     0;     0;  -119;  -119;  -5.2; drag-lps8-05; 6; 7; 125000; 6365
2023-05-13 17:19:56; hka-aqm-am003a;  26.17;  41.07;   488;   848;  2799;   806;     0;     0;  -123;  -123;  -8.0; drag-lps8-03; 4; 7; 125000; 6366
2023-05-13 17:20:17; hka-aqm-am003a;  26.15;  41.07;   487;   848;  2661;   763;     0;     0;  -120;  -120;  -5.8; drag-lps8-03; 2; 7; 125000; 6367
2023-05-13 17:20:36; hka-aqm-am003a;  26.17;  41.07;   487;   847;  1566;   436;     0;     0;  -121;  -121;  -6.2; drag-lps8-03; 1; 7; 125000; 6368
2023-05-13 17:21:35; hka-aqm-am003a;  26.19;  41.07;   491;   847;  1044;   283;     0;     0;  -118;  -118;  -4.5; drag-lps8-05; 3; 7; 125000; 6369
2023-05-13 17:21:58; hka-aqm-am003a;  26.18;  41.07;   490;   848;  1156;   316;     2;     0;  -124;  -124;  -7.0; drag-lps8-03; 5; 7; 125000; 6370
2023-05-13 17:22:16; hka-aqm-am003a;  26.18;  41.07;   489;   886;  1247;   340;     2;     0;  -121;  -121;  -3.8; drag-lps8-05; 7; 7; 125000; 6371
2023-05-13 17:22:37; hka-aqm-am003a;  26.18;  41.07;   489;   872;  1340;   364;     0;     0;  -122;  -122;  -7.5; drag-lps8-03; 5; 7; 125000; 6372
2023-05-13 17:22:57; hka-aqm-am003a;  26.19;  41.07;   489;   863;  1548;   423;     0;     1;  -121;  -121;  -4.0; drag-lps8-05; 0; 7; 125000; 6373
2023-05-13 17:23:16; hka-aqm-am003a;  26.17;  41.07;   489;   800;  2129;   598;     0;     1;  -118;  -118;  -3.8; drag-lps8-05; 3; 7; 125000; 6374
2023-05-13 17:23:37; hka-aqm-am003a;  26.18;  41.07;   489;   819;  3264;   947;     0;     1;  -122;  -122;  -7.5; drag-lps8-03; 4; 7; 125000; 6375
2023-05-13 17:23:56; hka-aqm-am003a;  26.19;  41.07;   489;   831;  3491;  1022;     0;     1;  -120;  -120;  -5.2; drag-lps8-05; 6; 7; 125000; 6376
2023-05-13 17:24:35; hka-aqm-am003a;  26.19;  41.07;   493;   836;  3791;  1118;     0;     1;  -123;  -123;  -4.2; drag-lps8-05; 7; 7; 125000; 6377
2023-05-13 17:24:55; hka-aqm-am003a;  26.20;  41.10;   491;   840;  3847;  1137;     0;     1;  -122;  -122;  -6.5; drag-lps8-05; 1; 7; 125000; 6378
2023-05-13 17:25:37; hka-aqm-am003a;  26.21;  41.10;   494;   841;  2759;   795;     0;     1;  -119;  -119;  -5.2; drag-lps8-05; 2; 7; 125000; 6379
2023-05-13 17:25:56; hka-aqm-am003a;  26.23;  41.07;   492;   843;  1963;   555;     0;     1;  -119;  -119;  -0.8; drag-lps8-05; 4; 7; 125000; 6380
2023-05-13 17:26:55; hka-aqm-am003a;  26.26;  41.04;   496;   849;  3674;  1073;     0;     1;  -121;  -121;  -5.8; drag-lps8-03; 2; 7; 125000; 6381
2023-05-13 17:27:15; hka-aqm-am003a;  26.25;  41.00;   493;   851;  2842;   825;     0;     1;  -121;  -121;  -6.2; drag-lps8-05; 1; 7; 125000; 6382
2023-05-13 17:27:57; hka-aqm-am003a;  26.27;  41.00;   495;   852;  2307;   654;     0;     0;  -123;  -123;  -6.0; drag-lps8-03; 5; 7; 125000; 6383
2023-05-13 17:28:16; hka-aqm-am003a;  26.28;  41.00;   493;   855;  3660;  1067;     0;     0;  -122;  -122;  -4.0; drag-lps8-05; 0; 7; 125000; 6384
2023-05-13 17:28:36; hka-aqm-am003a;  26.28;  41.00;   491;   855;  3464;  1006;     0;     0;  -126;  -126;  -6.8; drag-lps8-03; 7; 7; 125000; 6385
2023-05-13 17:28:58; hka-aqm-am003a;  26.30;  41.00;   490;   855;  2631;   755;     0;     2;  -118;  -118;  -4.5; drag-lps8-05; 3; 7; 125000; 6386
2023-05-13 17:29:18; hka-aqm-am003a;  26.31;  40.97;   489;   856;  3847;  1124;     0;     2;  -120;  -120;  -7.5; drag-lps8-03; 6; 7; 125000; 6387
2023-05-13 17:30:37; hka-aqm-am003a;  26.34;  40.94;   490;   857;  3798;  1108;     1;     1;  -120;  -120;  -1.8; drag-lps8-05; 4; 7; 125000; 6388
2023-05-13 17:31:16; hka-aqm-am003a;  26.37;  40.94;   489;   859;  3665;  1068;     1;     1;  -119;  -119;  -5.2; drag-lps8-05; 6; 7; 125000; 6389
2023-05-13 17:31:37; hka-aqm-am003a;  26.38;  40.90;   489;   858;  3448;  1006;     1;     2;  -122;  -122;  -6.8; drag-lps8-03; 3; 7; 125000; 6391
2023-05-13 17:31:57; hka-aqm-am003a;  26.40;  40.90;   489;   858;  3384;   987;     0;     2;  -121;  -121;  -4.0; drag-lps8-05; 0; 7; 125000; 6392
2023-05-13 17:32:16; hka-aqm-am003a;  26.41;  40.87;   489;   888;  3534;  1030;     0;     2;  -121;  -121;  -7.0; drag-lps8-03; 5; 7; 125000; 6393
2023-05-13 17:32:37; hka-aqm-am003a;  26.42;  40.90;   489;   879;   915;   241;     0;     2;  -121;  -121;  -6.0; drag-lps8-03; 1; 7; 125000; 6394
2023-05-13 17:32:56; hka-aqm-am003a;  26.44;  40.90;   489;   865;  1123;   305;     0;     2;  -122;  -122;  -4.5; drag-lps8-05; 2; 7; 125000; 6395
2023-05-13 17:33:16; hka-aqm-am003a;  26.43;  40.87;   490;   815;   628;   161;     0;     1;  -120;  -120;  -5.2; drag-lps8-05; 6; 7; 125000; 6396
2023-05-13 17:33:36; hka-aqm-am003a;  26.43;  40.90;   490;   832;  3503;  1016;     0;     1;  -122;  -122;  -7.5; drag-lps8-03; 1; 7; 125000; 6397
2023-05-13 17:38:35; hka-aqm-am003a;  26.59;  40.74;   490;   870;  3361;   974;     1;     2;  -124;  -124;  -6.8; drag-lps8-03; 4; 7; 125000; 6398
2023-05-13 17:38:56; hka-aqm-am003a;  26.62;  40.68;   488;   870;  3039;   880;     0;     1;  -122;  -122;  -7.8; drag-lps8-03; 5; 7; 125000; 6399
2023-05-13 17:39:16; hka-aqm-am003a;  26.64;  40.68;   487;   872;  3342;   967;     0;     1;  -123;  -123;  -3.8; drag-lps8-05; 0; 7; 125000; 6400
2023-05-13 17:39:56; hka-aqm-am003a;  26.65;  40.68;   490;   871;  2891;   833;     0;     2;  -121;  -121;  -4.8; drag-lps8-05; 2; 7; 125000; 6401
2023-05-13 17:40:17; hka-aqm-am003a;  26.67;  40.64;   488;   871;  3178;   920;     0;     2;  -122;  -122;  -4.2; drag-lps8-05; 7; 7; 125000; 6402
2023-05-13 17:40:37; hka-aqm-am003a;  26.68;  40.61;   487;   872;  3276;   947;     0;     2;  -118;  -118;  -4.2; drag-lps8-05; 3; 7; 125000; 6403
2023-05-13 17:41:35; hka-aqm-am003a;  26.71;  40.61;   490;   872;  3143;   906;     0;     2;  -120;  -120;  -5.5; drag-lps8-03; 2; 7; 125000; 6404
2023-05-13 17:42:15; hka-aqm-am003a;  26.72;  40.61;   493;   870;  3452;  1000;     0;     0;  -122;  -122;  -3.8; drag-lps8-05; 7; 7; 125000; 6405
2023-05-13 17:42:36; hka-aqm-am003a;  26.74;  40.54;   490;   879;  3654;  1063;     0;     1;  -123;  -123;  -7.8; drag-lps8-03; 4; 7; 125000; 6406
2023-05-13 17:42:57; hka-aqm-am003a;  26.76;  40.51;   488;   908;  3265;   949;     0;     1;  -121;  -121;  -3.0; drag-lps8-05; 5; 7; 125000; 6407
2023-05-13 17:43:16; hka-aqm-am003a;  26.78;  40.51;   488;   951;  3603;  1048;     1;     1;  -119;  -119;  -5.2; drag-lps8-05; 6; 7; 125000; 6408
2023-05-13 17:43:55; hka-aqm-am003a;  26.81;  40.48;   491;   918;  3108;   893;     1;     1;  -121;  -121;  -4.0; drag-lps8-05; 0; 7; 125000; 6409
2023-05-13 17:44:18; hka-aqm-am003a;  26.81;  40.48;   489;   903;  2655;   748;     0;     2;  -117;  -117;  -5.0; drag-lps8-05; 3; 7; 125000; 6410
2023-05-13 17:44:37; hka-aqm-am003a;  26.82;  40.45;   488;   895;  2197;   613;     0;     2;  -121;  -121;  -6.0; drag-lps8-03; 1; 7; 125000; 6411
2023-05-13 17:44:57; hka-aqm-am003a;  26.83;  40.41;   488;   889;  2115;   591;     0;     1;  -121;  -121;  -4.8; drag-lps8-05; 2; 7; 125000; 6412
2023-05-13 17:45:18; hka-aqm-am003a;  26.83;  40.38;   488;   884;  2005;   558;     0;     2;  -121;  -121;  -6.2; drag-lps8-05; 1; 7; 125000; 6413
2023-05-13 17:45:36; hka-aqm-am003a;  26.84;  40.31;   489;   882;  1807;   503;     0;     2;  -124;  -124;  -5.0; drag-lps8-05; 7; 7; 125000; 6414
2023-05-13 17:45:56; hka-aqm-am003a;  26.84;  40.28;   490;   881;  1360;   374;     0;     1;  -122;  -122;  -7.0; drag-lps8-03; 5; 7; 125000; 6415
2023-05-13 17:47:35; hka-aqm-am003a;  26.88;  40.18;   492;   876;  1386;   382;     1;     2;  -118;  -118;  -3.8; drag-lps8-05; 3; 7; 125000; 6416
2023-05-13 17:47:58; hka-aqm-am003a;  26.90;  40.08;   491;   931;  1143;   314;     0;     2;  -123;  -123;  -5.8; drag-lps8-03; 0; 7; 125000; 6417
2023-05-13 17:48:16; hka-aqm-am003a;  26.89;  40.08;   490;   912;  1004;   274;     1;     2;  -123;  -123;  -8.0; drag-lps8-03; 4; 7; 125000; 6418
2023-05-13 17:48:57; hka-aqm-am003a;  26.90;  40.02;   487;   886;   856;   231;     1;     2;  -122;  -122;  -7.2; drag-lps8-03; 6; 7; 125000; 6419
2023-05-13 17:49:18; hka-aqm-am003a;  26.90;  39.95;   486;   878;   805;   219;     0;     2;  -120;  -120;  -2.5; drag-lps8-05; 5; 7; 125000; 6420
2023-05-13 17:51:37; hka-aqm-am003a;  26.87;  39.53;   489;   856;   980;   267;     1;     2;  -119;  -119;  -1.0; drag-lps8-05; 4; 7; 125000; 6421
2023-05-13 17:51:57; hka-aqm-am003a;  26.87;  39.43;   487;   852;   827;   225;     1;     1;  -118;  -118;  -4.5; drag-lps8-05; 6; 7; 125000; 6422
2023-05-13 17:53:17; hka-aqm-am003a;  26.85;  39.20;   486;   789;  1175;   317;     1;     3;  -118;  -118;  -4.5; drag-lps8-05; 3; 7; 125000; 6423
2023-05-13 17:53:36; hka-aqm-am003a;  26.84;  39.13;   484;   804;  1285;   347;     0;     1;  -121;  -121;  -6.0; drag-lps8-05; 1; 7; 125000; 6424
2023-05-13 17:53:56; hka-aqm-am003a;  26.83;  39.13;   482;   813;  1608;   441;     0;     1;  -124;  -124;  -6.5; drag-lps8-03; 7; 7; 125000; 6425
2023-05-13 17:54:36; hka-aqm-am003a;  26.86;  39.13;   480;   821;  2335;   656;     0;     0;  -124;  -124;  -5.0; drag-lps8-03; 0; 7; 125000; 6426
2023-05-13 17:54:58; hka-aqm-am003a;  26.82;  39.16;   480;   822;  4022;  1151;     0;     0;  -120;  -120;  -5.5; drag-lps8-03; 2; 7; 125000; 6427
2023-05-13 17:55:17; hka-aqm-am003a;  26.84;  39.20;   480;   823;  1480;   408;     0;     2;  -123;  -123;  -7.8; drag-lps8-03; 6; 7; 125000; 6428
2023-05-13 17:55:55; hka-aqm-am003a;  26.83;  39.33;   484;   822;  1212;   333;     0;     2;  -124;  -124;  -5.8; drag-lps8-03; 7; 7; 125000; 6429
2023-05-13 17:56:35; hka-aqm-am003a;  26.81;  39.36;   485;   822;  1039;   287;     1;     1;  -121;  -121;  -3.8; drag-lps8-05; 0; 7; 125000; 6430
2023-05-13 17:57:37; hka-aqm-am003a;  26.79;  39.30;   486;   840;  1528;   421;     1;     1;  -120;  -120;  -4.5; drag-lps8-05; 1; 7; 125000; 6431
2023-05-13 17:58:37; hka-aqm-am003a;  26.81;  39.16;   486;   825;  2187;   610;     1;     1;  -122;  -122;  -7.5; drag-lps8-03; 5; 7; 125000; 6432
2023-05-13 17:58:57; hka-aqm-am003a;  26.82;  39.16;   484;   821;  1667;   454;     0;     0;  -119;  -119;  -4.0; drag-lps8-05; 3; 7; 125000; 6433
2023-05-13 17:59:17; hka-aqm-am003a;  26.81;  39.20;   481;   814;  2516;   702;     0;     0;  -121;  -121;  -6.8; drag-lps8-03; 2; 7; 125000; 6434
2023-05-13 17:59:37; hka-aqm-am003a;  26.81;  39.23;   479;   811;  1144;   306;     0;     0;  -118;  -118;  -1.5; drag-lps8-05; 4; 7; 125000; 6435
2023-05-13 18:00:15; hka-aqm-am003a;  26.80;  39.23;   482;   808;  1833;   504;     0;     2;  -122;  -122;  -5.0; drag-lps8-05; 2; 7; 125000; 6436
2023-05-13 18:00:35; hka-aqm-am003a;  26.80;  39.26;   480;   808;  2320;   645;     0;     0;  -118;  -118;  -4.5; drag-lps8-05; 1; 7; 125000; 6437
2023-05-13 18:00:55; hka-aqm-am003a;  26.80;  39.33;   479;   809;  1717;   471;     0;     0;  -122;  -122;  -3.2; drag-lps8-05; 0; 7; 125000; 6438
2023-05-13 18:01:17; hka-aqm-am003a;  26.79;  39.30;   478;   809;  4761;  1374;     0;     0;  -125;  -125;  -7.2; drag-lps8-03; 7; 7; 125000; 6439
2023-05-13 18:02:56; hka-aqm-am003a;  26.78;  39.72;   484;   787;  4607;  1324;     1;     1;  -122;  -122;  -7.0; drag-lps8-03; 4; 7; 125000; 6440
2023-05-13 18:03:17; hka-aqm-am003a;  26.82;  39.79;   482;   801;  4740;  1366;     0;     1;  -120;  -120;  -2.5; drag-lps8-05; 5; 7; 125000; 6441
2023-05-13 18:03:37; hka-aqm-am003a;  26.83;  39.82;   481;   811;  4958;  1432;     0;     1;  -120;  -120;  -5.8; drag-lps8-03; 6; 7; 125000; 6442
2023-05-13 18:03:57; hka-aqm-am003a;  26.83;  39.89;   481;   820;  4889;  1417;     0;     0;  -118;  -118;  -3.8; drag-lps8-05; 3; 7; 125000; 6443
2023-05-13 18:04:35; hka-aqm-am003a;  26.85;  39.89;   485;   824;  4687;  1359;     0;     1;  -121;  -121;  -6.8; drag-lps8-03; 5; 7; 125000; 6444
2023-05-13 18:04:57; hka-aqm-am003a;  26.84;  39.99;   484;   829;  4889;  1415;     1;     0;  -118;  -118;  -0.2; drag-lps8-05; 4; 7; 125000; 6445
2023-05-13 18:05:35; hka-aqm-am003a;  26.86;  39.95;   487;   833;  4980;  1435;     1;     0;  -121;  -121;  -3.0; drag-lps8-05; 0; 7; 125000; 6446
2023-05-13 18:06:16; hka-aqm-am003a;  26.88;  40.02;   486;   842;  1231;   335;     1;     0;  -118;  -118;  -4.0; drag-lps8-05; 3; 7; 125000; 6447
2023-05-13 18:06:37; hka-aqm-am003a;  26.89;  40.02;   485;   891;   985;   264;     1;     0;  -122;  -122;  -6.8; drag-lps8-03; 1; 7; 125000; 6448
2023-05-13 18:06:57; hka-aqm-am003a;  26.93;  39.95;   485;   865;  1037;   275;     0;     0;  -120;  -120;  -5.0; drag-lps8-05; 6; 7; 125000; 6449
2023-05-13 18:07:36; hka-aqm-am003a;  26.92;  39.85;   484;   812;  2123;   588;     0;     1;  -121;  -121;  -3.8; drag-lps8-05; 7; 7; 125000; 6450
2023-05-13 18:07:57; hka-aqm-am003a;  26.93;  39.85;   484;   822;  4402;  1262;     0;     0;  -119;  -119;  -4.2; drag-lps8-05; 2; 7; 125000; 6451
2023-05-13 18:08:17; hka-aqm-am003a;  26.93;  39.85;   483;   830;  4928;  1425;     0;     0;  -125;  -125;  -7.0; drag-lps8-03; 7; 7; 125000; 6452
2023-05-13 18:08:37; hka-aqm-am003a;  26.93;  39.79;   483;   834;  4660;  1351;     1;     0;  -119;  -119;  -4.0; drag-lps8-05; 5; 7; 125000; 6453
2023-05-13 18:08:57; hka-aqm-am003a;  26.94;  39.82;   483;   837;  5001;  1451;     1;     0;  -122;  -122;  -8.2; drag-lps8-03; 6; 7; 125000; 6454
2023-05-13 18:09:16; hka-aqm-am003a;  26.96;  39.79;   483;   841;  4151;  1193;     0;     1;  -122;  -122;  -7.2; drag-lps8-03; 4; 7; 125000; 6455
2023-05-13 18:09:36; hka-aqm-am003a;  26.95;  39.82;   483;   843;  4963;  1435;     0;     1;  -118;  -118;  -3.8; drag-lps8-05; 3; 7; 125000; 6456
2023-05-13 18:09:56; hka-aqm-am003a;  26.96;  39.82;   483;   844;  4712;  1369;     0;     1;  -121;  -121;  -6.0; drag-lps8-05; 1; 7; 125000; 6457
2023-05-13 18:10:17; hka-aqm-am003a;  26.97;  39.82;   484;   845;  4774;  1381;     0;     1;  -122;  -122;  -3.0; drag-lps8-05; 0; 7; 125000; 6458
2023-05-13 18:10:36; hka-aqm-am003a;  26.98;  39.89;   484;   846;  5013;  1450;     0;     1;  -118;  -118;  -5.5; drag-lps8-03; 2; 7; 125000; 6459
2023-05-13 18:10:57; hka-aqm-am003a;  26.99;  39.89;   484;   846;  4157;  1197;     0;     1;  -123;  -123;  -8.8; drag-lps8-03; 4; 7; 125000; 6460
2023-05-13 18:11:16; hka-aqm-am003a;  26.98;  39.92;   484;   867;  4790;  1379;     0;     1;  -122;  -122;  -6.5; drag-lps8-05; 6; 7; 125000; 6461
2023-05-13 18:11:36; hka-aqm-am003a;  26.99;  39.95;   484;   917;  4247;  1228;     0;     1;  -123;  -123;  -4.8; drag-lps8-05; 7; 7; 125000; 6462
2023-05-13 18:11:56; hka-aqm-am003a;  27.01;  39.95;   484;   888;  4132;  1186;     0;     0;  -121;  -121;  -6.0; drag-lps8-03; 1; 7; 125000; 6463
2023-05-13 18:12:16; hka-aqm-am003a;  27.01;  39.92;   484;   811;  2509;   710;     0;     0;  -119;  -119;  -4.8; drag-lps8-03; 2; 7; 125000; 6464
2023-05-13 18:12:37; hka-aqm-am003a;  27.02;  39.95;   484;   822;  2781;   791;     0;     1;  -119;  -119;  -4.0; drag-lps8-05; 3; 7; 125000; 6465
2023-05-13 18:13:17; hka-aqm-am003a;  27.06;  39.89;   483;   836;   949;   261;     0;     1;  -123;  -123;  -8.0; drag-lps8-03; 5; 7; 125000; 6466
2023-05-13 18:13:36; hka-aqm-am003a;  27.06;  39.85;   484;   841;   594;   167;     0;     1;  -121;  -121;  -3.2; drag-lps8-05; 0; 7; 125000; 6467
2023-05-13 18:13:57; hka-aqm-am003a;  27.05;  39.82;   484;   843;   477;   134;     0;     1;  -124;  -124;  -6.5; drag-lps8-03; 7; 7; 125000; 6468
2023-05-13 18:14:17; hka-aqm-am003a;  27.03;  39.82;   484;   846;   412;   115;     0;     1;  -124;  -124;  -6.5; drag-lps8-03; 0; 7; 125000; 6469
2023-05-13 18:20:37; hka-aqm-am003a;  26.90;  38.64;   480;   813;   377;   102;     2;     3;  -120;  -120;  -5.0; drag-lps8-05; 6; 7; 125000; 6470
2023-05-13 18:21:56; hka-aqm-am003a;  26.85;  38.57;   479;   782;   372;   101;     0;     2;  -118;  -118;  -4.0; drag-lps8-05; 3; 7; 125000; 6471
2023-05-13 18:25:36; hka-aqm-am003a;  26.74;  38.44;   472;   814;   418;   113;     1;     2;  -115;  -115;  -1.0; drag-lps8-05; 4; 7; 125000; 6472
2023-05-13 18:25:57; hka-aqm-am003a;  26.74;  38.37;   472;   739;   567;   151;     0;     2;  -118;  -118;  -4.5; drag-lps8-05; 1; 7; 125000; 6473
2023-05-13 18:26:35; hka-aqm-am003a;  26.74;  38.37;   476;   751;   419;   112;     1;     2;  -123;  -123;  -5.0; drag-lps8-05; 2; 7; 125000; 6474
2023-05-13 18:27:57; hka-aqm-am003a;  26.68;  38.44;   474;   768;   270;    74;     1;     2;  -119;  -119;  -1.2; drag-lps8-05; 5; 7; 125000; 6475
2023-05-13 18:40:16; hka-aqm-am003a;  26.30;  38.70;   467;   729;   394;   104;     2;     3;  -122;  -122;  -3.2; drag-lps8-05; 0; 7; 125000; 6476
2023-05-13 18:40:36; hka-aqm-am003a;  26.28;  38.64;   466;   684;   787;   214;     1;     1;  -124;  -124;  -7.2; drag-lps8-03; 4; 7; 125000; 6477
2023-05-13 18:40:58; hka-aqm-am003a;  26.26;  38.67;   465;   703;   840;   230;     1;     1;  -120;  -120;  -4.8; drag-lps8-05; 1; 7; 125000; 6478
2023-05-13 18:41:16; hka-aqm-am003a;  26.26;  38.70;   465;   715;   657;   177;     1;     1;  -118;  -118;  -1.2; drag-lps8-05; 5; 7; 125000; 6479
2023-05-13 18:41:36; hka-aqm-am003a;  26.26;  38.70;   465;   724;   484;   128;     0;     1;  -123;  -123;  -3.8; drag-lps8-05; 7; 7; 125000; 6480
2023-05-13 18:42:36; hka-aqm-am003a;  26.22;  38.77;   473;   729;   621;   171;     0;     2;  -120;  -120;  -4.5; drag-lps8-05; 6; 7; 125000; 6481
2023-05-13 18:42:56; hka-aqm-am003a;  26.22;  38.70;   471;   734;   329;    87;     0;     1;  -118;  -118;  -3.5; drag-lps8-05; 3; 7; 125000; 6482
2023-05-13 18:58:03; hka-aqm-am003a;  25.80;  39.23;   460;   738;   144;    38;     1;     2;  -120;  -120;  -6.2; drag-lps8-03; 2; 7; 125000; 6483
2023-05-13 19:13:09; hka-aqm-am003a;  25.42;  39.69;   463;   720;   145;    39;     1;     2;  -121;  -121;  -8.0; drag-lps8-05; 5; 7; 125000; 6484
2023-05-13 19:28:18; hka-aqm-am003a;  25.06;  40.18;   462;   725;   148;    46;     1;     2;  -123;  -123;  -5.8; drag-lps8-03; 7; 7; 125000; 6485
2023-05-13 19:43:24; hka-aqm-am003a;  24.78;  40.68;   468;   719;   186;    49;     2;     2;  -121;  -121;  -2.2; drag-lps8-05; 0; 7; 125000; 6486
2023-05-13 19:58:30; hka-aqm-am003a;  24.51;  41.00;   464;   669;    89;    19;     2;     2;  -118;  -118;  -4.5; drag-lps8-03; 1; 7; 125000; 6487
2023-05-13 20:13:37; hka-aqm-am003a;  24.22;  41.33;   458;   676;    60;    13;     2;     2;  -117;  -117;  -3.8; drag-lps8-05; 3; 7; 125000; 6488
2023-05-13 20:28:44; hka-aqm-am003a;  24.01;  41.66;   464;   654;    32;     6;     2;     2;  -121;  -121;  -4.0; drag-lps8-05; 2; 7; 125000; 6489
2023-05-13 20:43:50; hka-aqm-am003a;  23.77;  42.11;   461;   654;    20;     5;     2;     2;  -122;  -122;  -7.0; drag-lps8-03; 6; 7; 125000; 6490
2023-05-13 20:58:56; hka-aqm-am003a;  23.56;  42.44;   458;   640;    10;     2;     2;     2;  -121;  -121;  -5.8; drag-lps8-03; 4; 7; 125000; 6491
2023-05-13 21:14:03; hka-aqm-am003a;  23.40;  42.73;   459;   668;     6;     1;     2;     2;  -117;  -117;  -3.0; drag-lps8-05; 3; 7; 125000; 6492
2023-05-13 21:29:09; hka-aqm-am003a;  23.22;  43.06;   458;   645;     5;     0;     2;     2;  -121;  -121;  -5.8; drag-lps8-03; 7; 7; 125000; 6493
2023-05-13 21:44:18; hka-aqm-am003a;  23.07;  43.32;   456;   637;     7;     2;     2;     2;  -122;  -122;  -5.5; drag-lps8-03; 0; 7; 125000; 6494
2023-05-13 21:59:24; hka-aqm-am003a;  22.93;  43.64;   458;   633;     5;     0;     2;     2;  -120;  -120;  -5.5; drag-lps8-03; 5; 7; 125000; 6495
2023-05-13 22:14:30; hka-aqm-am003a;  22.80;  43.81;   455;   637;     7;     2;     2;     2;  -120;  -120;  -4.5; drag-lps8-05; 6; 7; 125000; 6496
2023-05-13 22:29:38; hka-aqm-am003a;  22.69;  44.00;   469;   624;     5;     0;     2;     2;  -121;  -121;  -5.8; drag-lps8-03; 2; 7; 125000; 6497
2023-05-13 22:44:44; hka-aqm-am003a;  22.58;  44.20;   447;   642;     5;     1;     2;     2;  -121;  -121;  -5.8; drag-lps8-03; 4; 7; 125000; 6498
2023-05-13 22:59:50; hka-aqm-am003a;  22.45;  44.42;   453;   638;     7;     2;     2;     2;  -122;  -122;  -6.5; drag-lps8-03; 1; 7; 125000; 6499
2023-05-13 23:14:57; hka-aqm-am003a;  22.36;  44.59;   451;   607;     5;     0;     2;     2;  -119;  -119;  -5.0; drag-lps8-03; 5; 7; 125000; 6500
2023-05-13 23:30:03; hka-aqm-am003a;  22.26;  44.71;   454;   592;     5;     1;     2;     2;  -120;  -120;  -4.0; drag-lps8-05; 2; 7; 125000; 6501
2023-05-13 23:45:09; hka-aqm-am003a;  22.19;  44.88;   442;   602;     5;     0;     2;     2;  -119;  -119;  -3.8; drag-lps8-05; 1; 7; 125000; 6502
