# Logfile LoRaWAN TTN/TTS V3 logger version hka-log V 1.1
date_time;device_id;tmp;hum;CO2;VOC;vis;IR;WIFI;BLE;rssi;channel_rssi;snr;gateway;channel_index;spreading_factor;bandwidth;f_cnt
2023-06-20 00:09:11; hka-aqm-am004;  28.98;  45.56;   571;  1748;     7;     2;     3;     8;  -120;  -120;  -2.5; drag-lps8-03; 7; 7; 125000; 2241
2023-06-20 00:24:18; hka-aqm-am004;  28.89;  45.88;   540;  1668;     5;     0;     3;     8;   -93;   -93;   7.2; drag-lps8-05; 4; 7; 125000; 2242
2023-06-20 00:39:24; hka-aqm-am004;  28.79;  46.14;   522;  1577;     5;     0;     3;     8;  -121;  -121;  -7.0; drag-lps8-03; 3; 7; 125000; 2243
2023-06-20 00:54:32; hka-aqm-am004;  28.73;  46.68;   503;  1511;     5;     0;     3;     8;  -116;  -116;  -3.5; drag-lps8-03; 6; 7; 125000; 2244
2023-06-20 01:09:38; hka-aqm-am004;  28.65;  47.10;   484;  1459;     5;     0;     3;     8;   -96;   -96;   9.2; drag-lps8-05; 0; 7; 125000; 2245
2023-06-20 01:24:45; hka-aqm-am004;  28.56;  47.49;   482;  1407;     5;     1;     3;     8;  -116;  -116;  -1.5; drag-lps8-03; 5; 7; 125000; 2246
2023-06-20 01:39:53; hka-aqm-am004;  28.50;  47.84;   471;  1458;     5;     0;     3;     8;   -94;   -94;   7.5; drag-lps8-05; 1; 7; 125000; 2247
2023-06-20 01:55:06; hka-aqm-am004;  28.36;  48.83;   458;  1416;     5;     0;     3;     8;   -99;   -99;   9.2; drag-lps8-05; 7; 7; 125000; 2249
2023-06-20 02:10:19; hka-aqm-am004;  28.30;  49.54;   446;  1338;     5;     0;     3;     8;   -96;   -96;   6.5; drag-lps8-05; 2; 7; 125000; 2251
2023-06-20 02:25:25; hka-aqm-am004;  28.09;  50.56;   438;  1358;     5;     0;     3;     8;   -95;   -95;   8.8; drag-lps8-05; 1; 7; 125000; 2252
2023-06-20 02:40:32; hka-aqm-am004;  28.02;  51.06;   440;  1359;     5;     0;     3;     8;  -118;  -118;  -3.5; drag-lps8-03; 4; 7; 125000; 2253
2023-06-20 02:55:38; hka-aqm-am004;  27.97;  52.36;   429;  1316;     5;     1;     3;     8;  -120;  -120;  -3.5; drag-lps8-03; 0; 7; 125000; 2254
2023-06-20 03:10:44; hka-aqm-am004;  27.90;  52.65;   429;  1408;     5;     0;     3;     8;  -122;  -122;  -7.2; drag-lps8-03; 6; 7; 125000; 2255
2023-06-20 03:25:53; hka-aqm-am004;  27.78;  53.37;   429;  1335;     5;     0;     3;     8;   -96;   -96;   8.8; drag-lps8-05; 3; 7; 125000; 2256
2023-06-20 03:41:00; hka-aqm-am004;  27.71;  53.81;   435;  1392;     5;     0;     3;     8;  -122;  -122;  -4.2; drag-lps8-03; 7; 7; 125000; 2257
2023-06-20 03:56:06; hka-aqm-am004;  27.68;  53.94;   431;  1379;     7;     2;     3;     8;  -121;  -121;  -4.0; drag-lps8-03; 0; 7; 125000; 2258
2023-06-20 04:11:13; hka-aqm-am004;  27.63;  54.47;   438;  1320;     5;     0;     3;     8;   -93;   -93;   6.5; drag-lps8-05; 5; 7; 125000; 2259
2023-06-20 04:26:20; hka-aqm-am004;  27.56;  54.85;   438;  1359;     7;     2;     3;     8;   -96;   -96;   9.2; drag-lps8-05; 3; 7; 125000; 2260
2023-06-20 04:41:26; hka-aqm-am004;  27.49;  55.10;   442;  1402;     7;     2;     3;     8;  -124;  -124;  -4.5; drag-lps8-03; 4; 7; 125000; 2261
2023-06-20 04:56:32; hka-aqm-am004;  27.42;  55.57;   442;  1325;     6;     1;     3;     8;   -94;   -94;   8.5; drag-lps8-05; 1; 7; 125000; 2262
2023-06-20 05:11:39; hka-aqm-am004;  27.36;  56.07;   441;  1437;    10;     3;     3;     8;   -95;   -95;   8.0; drag-lps8-05; 6; 7; 125000; 2263
2023-06-20 05:26:45; hka-aqm-am004;  27.14;  57.04;   446;  1383;    13;     2;     3;     8;   -96;   -96;   7.0; drag-lps8-05; 2; 7; 125000; 2264
2023-06-20 05:41:54; hka-aqm-am004;  27.10;  57.66;   467;  1353;    62;    10;     3;     8;   -97;   -97;   9.8; drag-lps8-05; 7; 7; 125000; 2265
2023-06-20 05:57:00; hka-aqm-am004;  27.10;  57.57;   454;  1400;    76;    14;     3;     8;   -93;   -93;   6.8; drag-lps8-05; 2; 7; 125000; 2266
2023-06-20 06:12:06; hka-aqm-am004;  27.03;  58.68;   456;  1379;    47;    11;     3;     8;  -124;  -124;  -7.5; drag-lps8-03; 5; 7; 125000; 2267
2023-06-20 06:27:13; hka-aqm-am004;  26.93;  58.90;   453;  1398;    54;    13;     3;     8;  -124;  -124;  -4.8; drag-lps8-03; 4; 7; 125000; 2268
2023-06-20 06:42:20; hka-aqm-am004;  26.89;  58.93;   451;  1383;    61;    14;     3;     8;   -99;   -99;   8.5; drag-lps8-05; 1; 7; 125000; 2269
2023-06-20 06:57:26; hka-aqm-am004;  26.90;  58.62;   452;  1401;    73;    18;     3;     8;   -96;   -96;   7.5; drag-lps8-05; 6; 7; 125000; 2270
2023-06-20 07:12:32; hka-aqm-am004;  26.93;  58.19;   450;  1396;    83;    23;     3;     8;   -99;   -99;   8.5; drag-lps8-05; 3; 7; 125000; 2271
2023-06-20 07:27:45; hka-aqm-am004;  26.90;  57.94;   444;  1398;   106;    31;     3;     8;  -101;  -101;   9.5; drag-lps8-05; 0; 7; 125000; 2273
2023-06-20 07:42:59; hka-aqm-am004;  26.96;  57.32;   447;  1532;   122;    39;     3;     8;  -123;  -123;  -8.8; drag-lps8-03; 1; 7; 125000; 2275
2023-06-20 07:58:05; hka-aqm-am004;  27.04;  56.76;   448;  1360;   136;    45;     3;     8;   -97;   -97;   9.0; drag-lps8-05; 4; 7; 125000; 2276
2023-06-20 08:13:14; hka-aqm-am004;  27.10;  56.26;   453;  1436;   149;    50;     3;     8;  -100;  -100;   9.0; drag-lps8-05; 7; 7; 125000; 2277
2023-06-20 08:28:21; hka-aqm-am004;  27.09;  56.07;   450;  1421;   165;    58;     3;     8;   -96;   -96;   8.0; drag-lps8-05; 6; 7; 125000; 2278
2023-06-20 08:43:27; hka-aqm-am004;  27.15;  55.70;   453;  1335;   182;    66;     3;     8;   -97;   -97;   6.5; drag-lps8-05; 5; 7; 125000; 2279
2023-06-20 08:58:33; hka-aqm-am004;  27.21;  55.26;   448;  1352;   198;    73;     3;     8;  -100;  -100;   9.2; drag-lps8-05; 0; 7; 125000; 2280
2023-06-20 09:13:46; hka-aqm-am004;  27.28;  54.85;   452;  1407;   259;    98;     3;     8;  -122;  -122;  -6.5; drag-lps8-03; 1; 7; 125000; 2282
2023-06-20 09:28:53; hka-aqm-am004;  27.39;  54.32;   460;  1335;   337;   125;     3;     8;   -97;   -97;   8.8; drag-lps8-05; 4; 7; 125000; 2283
2023-06-20 09:44:00; hka-aqm-am004;  27.58;  53.62;   468;  1420;   332;   120;     3;    10;  -103;  -103;   7.5; drag-lps8-05; 0; 7; 125000; 2284
2023-06-20 09:59:06; hka-aqm-am004;  27.69;  52.84;   461;  1309;   301;   108;     3;    12;  -101;  -101;   5.8; drag-lps8-05; 2; 7; 125000; 2285
2023-06-20 10:14:15; hka-aqm-am004;  27.80;  52.33;   460;  1245;   279;    99;     3;    14;  -102;  -102;   7.8; drag-lps8-05; 7; 7; 125000; 2286
2023-06-20 10:26:34; hka-aqm-am004;  27.88;  51.89;   538;   794;   315;   118;     3;    17;  -100;  -100;   8.0; drag-lps8-05; 3; 7; 125000; 2287
2023-06-20 10:41:40; hka-aqm-am004;  28.10;  51.38;   576;  1124;   409;   151;     3;    21;   -99;   -99;   7.5; drag-lps8-05; 6; 7; 125000; 2288
2023-06-20 10:55:34; hka-aqm-am004;  28.30;  50.21;   528;   829;   541;   216;     3;    21;  -123;  -123;  -6.2; drag-lps8-03; 5; 7; 125000; 2289
2023-06-20 10:56:12; hka-aqm-am004;  28.31;  50.30;   568;   881;   477;   163;     1;    12;   -99;   -99;   7.5; drag-lps8-05; 6; 7; 125000; 2290
2023-06-20 10:56:32; hka-aqm-am004;  28.31;  50.30;   623;  1010;   475;   160;     0;    12;  -102;  -102;   8.0; drag-lps8-05; 0; 7; 125000; 2291
2023-06-20 10:57:34; hka-aqm-am004;  28.34;  50.24;   665;  1211;   442;   162;     0;    10;  -121;  -121;  -6.0; drag-lps8-03; 2; 7; 125000; 2292
2023-06-20 11:04:52; hka-aqm-am004;  28.49;  50.78;   730;  1205;   446;   164;     4;    13;  -101;  -101;   7.0; drag-lps8-05; 5; 7; 125000; 2293
2023-06-20 11:05:13; hka-aqm-am004;  28.47;  50.87;   849;  1299;   450;   165;     1;     9;  -122;  -122;  -8.5; drag-lps8-03; 3; 7; 125000; 2294
2023-06-20 11:05:52; hka-aqm-am004;  28.48;  50.49;   891;  1383;   453;   166;     1;    11;  -102;  -102;   8.5; drag-lps8-05; 7; 7; 125000; 2295
2023-06-20 11:06:53; hka-aqm-am004;  28.51;  49.92;   814;  1410;   448;   163;     2;    14;   -96;   -96;   8.0; drag-lps8-05; 1; 7; 125000; 2296
2023-06-20 11:07:14; hka-aqm-am004;  28.53;  49.98;   761;  1394;   443;   162;     1;    14;   -97;   -97;   8.8; drag-lps8-05; 4; 7; 125000; 2297
2023-06-20 11:07:53; hka-aqm-am004;  28.54;  50.65;   830;  1445;   442;   162;     2;    11;  -122;  -122;  -6.5; drag-lps8-03; 5; 7; 125000; 2298
2023-06-20 11:08:55; hka-aqm-am004;  28.55;  49.98;   801;  1418;   471;   171;     1;    11;  -125;  -125;  -7.8; drag-lps8-03; 4; 7; 125000; 2299
2023-06-20 11:09:14; hka-aqm-am004;  28.57;  49.92;   758;  1478;   471;   173;     1;     9;   -97;   -97;   8.0; drag-lps8-05; 7; 7; 125000; 2300
2023-06-20 11:10:53; hka-aqm-am004;  28.59;  49.76;   704;  1252;   432;   159;     2;    10;  -100;  -100;   9.0; drag-lps8-05; 3; 7; 125000; 2301
2023-06-20 11:12:13; hka-aqm-am004;  28.66;  50.49;   769;  1301;   433;   160;     2;    10;   -96;   -96;   8.0; drag-lps8-05; 6; 7; 125000; 2302
2023-06-20 11:12:34; hka-aqm-am004;  28.63;  50.24;   836;  1328;   438;   160;     1;     9;   -97;   -97;   7.0; drag-lps8-05; 2; 7; 125000; 2303
2023-06-20 11:13:52; hka-aqm-am004;  28.66;  49.54;   800;  1341;   432;   159;     1;    10;  -101;  -101;   8.2; drag-lps8-05; 0; 7; 125000; 2304
2023-06-20 11:14:34; hka-aqm-am004;  28.54;  49.41;   751;  1258;   423;   158;     1;     7;  -121;  -121;  -5.8; drag-lps8-03; 1; 7; 125000; 2305
2023-06-20 11:14:54; hka-aqm-am004;  28.56;  49.28;   711;  1196;   422;   158;     2;     8;  -121;  -121;  -5.8; drag-lps8-03; 2; 7; 125000; 2306
2023-06-20 11:15:14; hka-aqm-am004;  28.58;  49.28;   677;  1130;   421;   159;     2;     8;  -100;  -100;   7.5; drag-lps8-05; 6; 7; 125000; 2307
2023-06-20 11:15:34; hka-aqm-am004;  28.60;  48.71;   642;  1108;   422;   159;     1;     5;  -101;  -101;   8.8; drag-lps8-05; 0; 7; 125000; 2308
2023-06-20 11:16:12; hka-aqm-am004;  28.60;  48.32;   603;  1005;   421;   159;     1;     7;  -100;  -100;   9.2; drag-lps8-05; 4; 7; 125000; 2309
2023-06-20 11:16:53; hka-aqm-am004;  28.62;  48.77;   655;   921;   436;   163;     1;     7;   -97;   -97;   8.8; drag-lps8-05; 1; 7; 125000; 2310
2023-06-20 11:17:14; hka-aqm-am004;  28.64;  48.71;   697;   925;   428;   162;     1;     8;   -99;   -99;   8.8; drag-lps8-05; 7; 7; 125000; 2311
2023-06-20 11:21:14; hka-aqm-am004;  28.72;  48.77;   670;   885;   425;   159;     2;    11;   -96;   -96;   6.2; drag-lps8-05; 5; 7; 125000; 2312
2023-06-20 11:23:52; hka-aqm-am004;  28.77;  48.07;   692;  1181;   426;   159;     2;    12;  -122;  -122;  -2.5; drag-lps8-03; 0; 7; 125000; 2314
2023-06-20 11:24:12; hka-aqm-am004;  28.77;  47.94;   651;  1143;   442;   165;     1;    12;  -119;  -119;  -4.8; drag-lps8-03; 2; 7; 125000; 2315
2023-06-20 11:24:54; hka-aqm-am004;  28.77;  47.55;   612;  1016;   445;   166;     0;     9;  -100;  -100;   8.5; drag-lps8-05; 7; 7; 125000; 2316
2023-06-20 11:25:32; hka-aqm-am004;  28.80;  47.42;   584;   919;   448;   168;     1;    13;   -98;   -98;   8.0; drag-lps8-05; 6; 7; 125000; 2317
2023-06-20 11:40:39; hka-aqm-am004;  28.94;  47.23;   674;  1366;   426;   159;     2;    13;  -103;  -103;   7.8; drag-lps8-05; 3; 7; 125000; 2318
2023-06-20 11:46:52; hka-aqm-am004;  28.95;  47.20;   702;  1354;   403;   151;     2;    13;  -103;  -103;   6.8; drag-lps8-05; 1; 7; 125000; 2319
2023-06-20 12:01:59; hka-aqm-am004;  29.03;  46.01;   597;  1092;   413;   151;     3;    14;   -99;   -99;   7.8; drag-lps8-05; 4; 7; 125000; 2320
2023-06-20 12:17:05; hka-aqm-am004;  29.58;  45.17;   673;  1241;   461;   148;     3;    17;  -109;  -109;   3.0; drag-lps8-05; 5; 7; 125000; 2321
2023-06-20 12:32:11; hka-aqm-am004;  29.64;  44.71;   627;  1210;   476;   148;     0;    16;  -120;  -120;  -5.2; drag-lps8-05; 3; 7; 125000; 2322
2023-06-20 12:47:18; hka-aqm-am004;  29.74;  44.20;   618;  1145;   524;   161;     3;    17;  -106;  -106;   7.0; drag-lps8-05; 0; 7; 125000; 2323
2023-06-20 12:52:14; hka-aqm-am004;  29.68;  44.10;   600;  1024;   305;   108;     3;    17;  -100;  -100;   9.0; drag-lps8-05; 6; 7; 125000; 2324
2023-06-20 12:52:53; hka-aqm-am004;  29.54;  45.20;   606;  1031;   478;   156;     1;    10;  -100;  -100;   6.8; drag-lps8-05; 2; 7; 125000; 2325
2023-06-20 12:55:55; hka-aqm-am004;  29.46;  46.01;   646;  1308;   551;   180;     2;    12;  -101;  -101;   7.5; drag-lps8-05; 1; 7; 125000; 2326
2023-06-20 12:58:13; hka-aqm-am004;  29.51;  45.23;   665;  1405;   466;   164;     2;    12;  -126;  -126;  -7.0; drag-lps8-03; 4; 7; 125000; 2327
2023-06-20 12:58:34; hka-aqm-am004;  29.53;  45.14;   665;  1412;   588;   196;     0;    12;  -103;  -103;   6.5; drag-lps8-05; 7; 7; 125000; 2328
2023-06-20 13:00:54; hka-aqm-am004;  29.58;  45.04;   670;  1438;   437;   154;     1;    17;  -106;  -106;   6.0; drag-lps8-05; 5; 7; 125000; 2329
2023-06-20 13:01:54; hka-aqm-am004;  29.60;  45.23;   705;  1463;   509;   172;     1;    15;  -107;  -107;   4.2; drag-lps8-05; 3; 7; 125000; 2330
2023-06-20 13:11:54; hka-aqm-am004;  29.65;  44.13;   623;  1273;   422;   130;     2;    21;  -106;  -106;   5.5; drag-lps8-05; 1; 7; 125000; 2331
2023-06-20 13:12:15; hka-aqm-am004;  29.66;  44.13;   619;  1282;   508;   169;     1;    16;  -105;  -105;   6.2; drag-lps8-05; 4; 7; 125000; 2332
2023-06-20 13:12:34; hka-aqm-am004;  29.64;  44.13;   616;  1281;   397;   121;     1;    17;  -106;  -106;   5.0; drag-lps8-05; 5; 7; 125000; 2333
2023-06-20 13:13:55; hka-aqm-am004;  29.66;  43.97;   611;  1309;   443;   139;     1;    18;  -106;  -106;   7.2; drag-lps8-05; 0; 7; 125000; 2334
2023-06-20 13:14:33; hka-aqm-am004;  29.67;  44.07;   614;  1312;   508;   165;     0;    18;  -105;  -105;   5.8; drag-lps8-05; 2; 7; 125000; 2335
2023-06-20 13:14:54; hka-aqm-am004;  29.65;  44.07;   613;  1314;   564;   190;     1;    17;  -119;  -119;  -4.2; drag-lps8-03; 6; 7; 125000; 2336
2023-06-20 13:22:35; hka-aqm-am004;  29.64;  43.74;   591;  1262;   359;   104;     2;    21;  -122;  -122;  -3.8; drag-lps8-03; 7; 7; 125000; 2337
2023-06-20 13:25:14; hka-aqm-am004;  29.67;  43.74;   572;  1215;   544;   179;     1;    20;  -120;  -120;  -6.0; drag-lps8-03; 6; 7; 125000; 2338
2023-06-20 13:32:55; hka-aqm-am004;  29.67;  43.25;   550;  1127;   426;   126;     2;    21;  -106;  -106;   6.2; drag-lps8-05; 7; 7; 125000; 2339
2023-06-20 13:33:14; hka-aqm-am004;  29.67;  43.22;   547;  1103;   613;   204;     0;    10;  -102;  -102;   6.5; drag-lps8-05; 1; 7; 125000; 2340
2023-06-20 13:33:34; hka-aqm-am004;  29.66;  43.22;   544;  1085;   516;   165;     0;    10;  -121;  -121;  -3.2; drag-lps8-03; 5; 7; 125000; 2341
2023-06-20 13:33:55; hka-aqm-am004;  29.66;  43.29;   542;  1081;   402;   117;     2;    12;  -120;  -120;  -3.2; drag-lps8-03; 4; 7; 125000; 2342
2023-06-20 13:36:54; hka-aqm-am004;  29.66;  43.19;   537;  1033;   639;   209;     2;    17;  -114;  -114;   0.8; drag-lps8-05; 0; 7; 125000; 2343
2023-06-20 13:52:01; hka-aqm-am004;  29.67;  43.12;   536;  1257;   599;   194;     3;    19;  -102;  -102;   5.8; drag-lps8-05; 2; 7; 125000; 2344
2023-06-20 14:00:34; hka-aqm-am004;  29.76;  43.03;   526;   987;   619;   198;     3;    19;  -104;  -104;   5.5; drag-lps8-05; 3; 7; 125000; 2345
2023-06-20 14:15:13; hka-aqm-am004;  30.01;  41.89;   529;   904;   576;   193;     2;    17;  -101;  -101;   8.2; drag-lps8-05; 6; 7; 125000; 2346
2023-06-20 14:15:55; hka-aqm-am004;  30.04;  41.85;   518;   846;   640;   204;     1;    14;  -103;  -103;   7.8; drag-lps8-05; 7; 7; 125000; 2347
2023-06-20 14:31:01; hka-aqm-am004;  30.14;  41.98;   527;  1104;   639;   202;     4;    19;  -104;  -104;   7.0; drag-lps8-05; 0; 7; 125000; 2348
2023-06-20 14:46:07; hka-aqm-am004;  30.13;  41.72;   517;  1175;   687;   213;     4;    19;  -103;  -103;   7.5; drag-lps8-05; 3; 7; 125000; 2349
2023-06-20 14:58:55; hka-aqm-am004;  30.13;  41.79;   516;  1143;   741;   234;     4;    19;  -103;  -103;   6.2; drag-lps8-05; 2; 7; 125000; 2350
2023-06-20 15:00:14; hka-aqm-am004;  30.10;  41.85;   521;  1197;   528;   155;     2;    19;  -105;  -105;   7.5; drag-lps8-05; 4; 7; 125000; 2351
2023-06-20 15:00:34; hka-aqm-am004;  30.11;  41.79;   519;  1163;   585;   176;     1;    17;  -122;  -122;  -4.5; drag-lps8-03; 5; 7; 125000; 2352
2023-06-20 15:00:54; hka-aqm-am004;  30.12;  41.79;   518;  1163;   704;   220;     2;    13;  -103;  -103;   7.5; drag-lps8-05; 1; 7; 125000; 2353
2023-06-20 15:01:33; hka-aqm-am004;  30.13;  41.59;   519;  1128;   523;   152;     2;    13;  -103;  -103;   7.5; drag-lps8-05; 4; 7; 125000; 2354
2023-06-20 15:01:55; hka-aqm-am004;  30.13;  41.66;   506;  1074;   792;   251;     2;    13;  -105;  -105;   7.2; drag-lps8-05; 0; 7; 125000; 2355
2023-06-20 15:12:15; hka-aqm-am004;  30.27;  41.46;   530;  1305;   587;   180;     2;    14;  -101;  -101;   7.0; drag-lps8-05; 5; 7; 125000; 2356
2023-06-20 15:12:35; hka-aqm-am004;  30.28;  41.46;   531;  1324;   467;   138;     2;     6;  -100;  -100;   6.2; drag-lps8-05; 2; 7; 125000; 2357
2023-06-20 15:13:15; hka-aqm-am004;  30.27;  41.33;   533;  1343;   525;   158;     1;     6;  -101;  -101;   7.5; drag-lps8-05; 1; 7; 125000; 2358
2023-06-20 15:13:55; hka-aqm-am004;  30.28;  41.33;   533;  1336;   496;   147;     1;     6;  -102;  -102;   8.0; drag-lps8-05; 6; 7; 125000; 2359
2023-06-20 15:14:55; hka-aqm-am004;  30.28;  41.33;   535;  1338;   520;   156;     2;     6;  -103;  -103;   7.2; drag-lps8-05; 3; 7; 125000; 2360
2023-06-20 15:15:33; hka-aqm-am004;  30.28;  41.30;   539;  1334;   453;   132;     2;     6;  -105;  -105;   6.8; drag-lps8-05; 7; 7; 125000; 2361
2023-06-20 15:16:55; hka-aqm-am004;  30.27;  41.26;   538;  1397;   583;   173;     1;     7;  -101;  -101;   6.8; drag-lps8-05; 0; 7; 125000; 2362
2023-06-20 15:18:16; hka-aqm-am004;  30.26;  41.30;   539;  1367;   815;   254;     2;     7;  -102;  -102;   7.2; drag-lps8-05; 5; 7; 125000; 2363
2023-06-20 15:19:13; hka-aqm-am004;  30.28;  41.33;   538;  1363;   644;   190;     2;     9;  -101;  -101;   6.8; drag-lps8-05; 6; 7; 125000; 2364
2023-06-20 15:19:35; hka-aqm-am004;  30.27;  41.33;   530;  1329;   814;   250;     2;    11;  -101;  -101;   7.8; drag-lps8-05; 4; 7; 125000; 2365
2023-06-20 15:19:55; hka-aqm-am004;  30.28;  41.30;   524;  1342;   673;   220;     1;    11;   -96;   -96;   8.2; drag-lps8-05; 3; 7; 125000; 2366
2023-06-20 15:20:15; hka-aqm-am004;  30.29;  41.26;   520;  1340;   791;   244;     1;    11;  -101;  -101;   8.0; drag-lps8-05; 1; 7; 125000; 2367
2023-06-20 15:35:21; hka-aqm-am004;  30.52;  41.17;   580;  1456;   928;   286;     2;    14;  -101;  -101;   8.0; drag-lps8-05; 7; 7; 125000; 2368
2023-06-20 15:35:54; hka-aqm-am004;  30.54;  41.13;   571;  1483;   653;   189;     2;    14;   -99;   -99;   6.8; drag-lps8-05; 2; 7; 125000; 2369
2023-06-20 15:36:14; hka-aqm-am004;  30.55;  41.10;   568;  1466;   743;   222;     2;     5;   -98;   -98;   6.2; drag-lps8-05; 5; 7; 125000; 2370
2023-06-20 15:36:34; hka-aqm-am004;  30.56;  41.13;   565;  1459;   907;   281;     2;     5;  -101;  -101;   8.0; drag-lps8-05; 0; 7; 125000; 2371
2023-06-20 15:36:54; hka-aqm-am004;  30.57;  41.10;   563;  1455;   672;   198;     2;     5;   -99;   -99;   8.8; drag-lps8-05; 1; 7; 125000; 2372
2023-06-20 15:37:15; hka-aqm-am004;  30.59;  41.04;   560;  1465;   791;   240;     0;     8;   -99;   -99;   8.5; drag-lps8-05; 6; 7; 125000; 2373
2023-06-20 15:37:53; hka-aqm-am004;  30.58;  41.00;   560;  1463;   937;   293;     2;     8;  -100;  -100;   6.8; drag-lps8-05; 2; 7; 125000; 2374
2023-06-20 15:46:35; hka-aqm-am004;  30.76;  40.41;   525;  1337;   566;   169;     2;    10;   -99;   -99;   9.0; drag-lps8-05; 4; 7; 125000; 2375
2023-06-20 15:46:54; hka-aqm-am004;  30.80;  40.41;   525;  1347;   503;   148;     2;     5;  -102;  -102;   8.5; drag-lps8-05; 7; 7; 125000; 2376
2023-06-20 15:48:54; hka-aqm-am004;  30.83;  40.41;   533;  1374;   883;   272;     2;     5;  -100;  -100;   7.8; drag-lps8-05; 3; 7; 125000; 2377
2023-06-20 15:49:34; hka-aqm-am004;  30.83;  40.45;   542;  1389;   957;   298;     2;     4;  -100;  -100;   8.2; drag-lps8-05; 1; 7; 125000; 2378
2023-06-20 15:49:54; hka-aqm-am004;  30.85;  40.41;   544;  1403;   646;   193;     2;     4;  -100;  -100;   8.2; drag-lps8-05; 4; 7; 125000; 2379
2023-06-20 15:50:14; hka-aqm-am004;  30.87;  40.35;   544;  1415;   565;   167;     1;     6;  -126;  -126;  -8.8; drag-lps8-03; 7; 7; 125000; 2380
2023-06-20 15:51:33; hka-aqm-am004;  30.88;  40.25;   551;  1430;   669;   198;     1;     6;  -101;  -101;   9.0; drag-lps8-05; 0; 7; 125000; 2381
2023-06-20 15:51:55; hka-aqm-am004;  30.88;  40.18;   546;  1415;   754;   226;     1;     4;   -99;   -99;   6.8; drag-lps8-05; 3; 7; 125000; 2382
2023-06-20 15:52:53; hka-aqm-am004;  30.91;  40.18;   543;  1400;   624;   187;     1;     4;   -99;   -99;   6.8; drag-lps8-05; 2; 7; 125000; 2383
2023-06-20 15:53:15; hka-aqm-am004;  30.92;  40.05;   536;  1420;   558;   168;     1;     3;  -123;  -123;  -8.8; drag-lps8-03; 6; 7; 125000; 2384
2023-06-20 16:03:35; hka-aqm-am004;  31.05;  39.62;   526;  1348;   796;   239;     3;     5;  -100;  -100;   7.2; drag-lps8-05; 5; 7; 125000; 2385
2023-06-20 16:04:14; hka-aqm-am004;  31.05;  39.69;   531;  1330;  1144;   346;     1;     3;  -100;  -100;   8.5; drag-lps8-05; 1; 7; 125000; 2386
2023-06-20 16:04:53; hka-aqm-am004;  31.06;  39.69;   535;  1340;  1410;   433;     2;     5;   -99;   -99;   9.5; drag-lps8-05; 6; 7; 125000; 2387
2023-06-20 16:05:15; hka-aqm-am004;  31.08;  39.66;   535;  1350;   778;   236;     1;     5;  -102;  -102;   8.2; drag-lps8-05; 7; 7; 125000; 2389
2023-06-20 16:05:35; hka-aqm-am004;  31.08;  39.62;   537;  1354;   662;   201;     1;     5;   -98;   -98;   7.8; drag-lps8-05; 4; 7; 125000; 2391
2023-06-20 16:05:54; hka-aqm-am004;  31.08;  39.62;   540;  1359;   562;   172;     1;     6;   -98;   -98;   7.5; drag-lps8-05; 0; 7; 125000; 2392
2023-06-20 16:08:54; hka-aqm-am004;  31.11;  39.46;   555;  1375;   817;   241;     2;     8;  -125;  -125;  -5.8; drag-lps8-03; 5; 7; 125000; 2393
2023-06-20 16:09:14; hka-aqm-am004;  31.11;  39.43;   555;  1374;  2112;   667;     2;     6;  -122;  -122;  -6.5; drag-lps8-03; 2; 7; 125000; 2394
2023-06-20 16:09:35; hka-aqm-am004;  31.12;  39.43;   555;  1310;  2602;   831;     1;     8;  -101;  -101;   8.8; drag-lps8-05; 0; 7; 125000; 2395
2023-06-20 16:09:55; hka-aqm-am004;  31.13;  39.43;   554;  1309;  3041;   975;     1;     8;   -99;   -99;   9.0; drag-lps8-05; 7; 7; 125000; 2396
2023-06-20 16:10:34; hka-aqm-am004;  31.15;  39.36;   554;  1311;  1101;   327;     1;     8;   -99;   -99;   7.8; drag-lps8-05; 1; 7; 125000; 2397
2023-06-20 16:10:55; hka-aqm-am004;  31.15;  39.33;   549;  1323;  1000;   292;     1;     8;  -123;  -123;  -8.2; drag-lps8-03; 6; 7; 125000; 2398
2023-06-20 16:11:14; hka-aqm-am004;  31.18;  39.33;   545;  1318;  2124;   646;     1;     9;  -100;  -100;   7.2; drag-lps8-05; 5; 7; 125000; 2399
2023-06-20 16:11:35; hka-aqm-am004;  31.18;  39.30;   542;  1311;  3063;   957;     1;     9;  -101;  -101;   7.2; drag-lps8-05; 3; 7; 125000; 2400
2023-06-20 16:12:13; hka-aqm-am004;  31.18;  39.23;   545;  1334;  4054;  1277;     1;    11;  -100;  -100;   9.0; drag-lps8-05; 4; 7; 125000; 2401
2023-06-20 16:12:33; hka-aqm-am004;  31.21;  39.23;   543;  1323;  4159;  1307;     0;     7;  -100;  -100;   8.2; drag-lps8-05; 3; 7; 125000; 2402
2023-06-20 16:12:55; hka-aqm-am004;  31.24;  39.30;   543;  1308;  4247;  1336;     1;    10;  -101;  -101;   9.0; drag-lps8-05; 7; 7; 125000; 2403
2023-06-20 16:13:16; hka-aqm-am004;  31.25;  39.23;   542;  1303;  4301;  1353;     1;    10;   -96;   -96;   6.5; drag-lps8-05; 5; 7; 125000; 2404
2023-06-20 16:15:35; hka-aqm-am004;  31.42;  39.03;   528;  1193;  3763;  1189;     2;    10;   -97;   -97;   6.8; drag-lps8-05; 2; 7; 125000; 2405
2023-06-20 16:15:55; hka-aqm-am004;  31.45;  39.00;   524;  1183;  4257;  1350;     2;    10;   -98;   -98;   7.8; drag-lps8-05; 0; 7; 125000; 2406
2023-06-20 16:16:15; hka-aqm-am004;  31.49;  38.90;   521;  1168;  4190;  1329;     1;     8;   -97;   -97;   8.8; drag-lps8-05; 1; 7; 125000; 2407
2023-06-20 16:17:34; hka-aqm-am004;  31.59;  38.60;   523;  1065;  4291;  1363;     2;    12;   -99;   -99;   8.8; drag-lps8-05; 4; 7; 125000; 2408
2023-06-20 16:18:34; hka-aqm-am004;  31.68;  38.24;   526;  1095;  4489;  1426;     2;    10;   -99;   -99;   8.2; drag-lps8-05; 6; 7; 125000; 2409
2023-06-20 16:18:54; hka-aqm-am004;  31.72;  38.18;   520;  1113;  4558;  1448;     2;    11;   -97;   -97;   6.0; drag-lps8-05; 2; 7; 125000; 2410
2023-06-20 16:19:15; hka-aqm-am004;  31.79;  37.98;   516;  1126;  4495;  1426;     2;    11;   -99;   -99;   9.0; drag-lps8-05; 6; 7; 125000; 2411
2023-06-20 16:19:35; hka-aqm-am004;  31.80;  38.11;   514;  1122;  4303;  1366;     2;    13;   -99;   -99;   8.0; drag-lps8-05; 7; 7; 125000; 2412
2023-06-20 16:19:54; hka-aqm-am004;  31.84;  37.91;   512;  1072;  4127;  1310;     2;    13;  -100;  -100;   9.0; drag-lps8-05; 4; 7; 125000; 2413
2023-06-20 16:20:15; hka-aqm-am004;  31.88;  37.98;   511;  1109;  4233;  1346;     3;     9;   -98;   -98;   7.0; drag-lps8-05; 5; 7; 125000; 2414
2023-06-20 16:20:35; hka-aqm-am004;  31.90;  37.84;   510;  1117;  4427;  1410;     3;     9;  -100;  -100;   9.2; drag-lps8-05; 0; 7; 125000; 2415
2023-06-20 16:21:33; hka-aqm-am004;  31.95;  37.81;   514;  1126;  4707;  1504;     2;    10;   -97;   -97;   8.0; drag-lps8-05; 1; 7; 125000; 2416
2023-06-20 16:21:56; hka-aqm-am004;  32.00;  37.61;   512;  1130;  4539;  1448;     2;    10;  -100;  -100;   8.2; drag-lps8-05; 3; 7; 125000; 2417
2023-06-20 16:22:33; hka-aqm-am004;  32.04;  37.55;   515;  1135;  4480;  1427;     2;    10;   -97;   -97;   8.8; drag-lps8-05; 4; 7; 125000; 2418
2023-06-20 16:22:56; hka-aqm-am004;  32.09;  37.25;   513;  1209;  4099;  1300;     1;     9;  -100;  -100;   8.8; drag-lps8-05; 7; 7; 125000; 2419
2023-06-20 16:23:14; hka-aqm-am004;  32.13;  37.18;   513;  1170;  3724;  1176;     2;     9;   -99;   -99;   8.2; drag-lps8-05; 3; 7; 125000; 2420
2023-06-20 16:23:53; hka-aqm-am004;  32.15;  37.12;   516;  1128;  3227;  1014;     2;     7;   -97;   -97;   8.8; drag-lps8-05; 0; 7; 125000; 2421
2023-06-20 16:24:13; hka-aqm-am004;  32.16;  37.15;   514;  1101;  2765;   863;     2;     8;   -97;   -97;   8.5; drag-lps8-05; 6; 7; 125000; 2422
2023-06-20 16:24:35; hka-aqm-am004;  32.20;  36.92;   511;  1093;  2009;   621;     2;    13;   -99;   -99;   7.0; drag-lps8-05; 5; 7; 125000; 2423
2023-06-20 16:24:55; hka-aqm-am004;  32.20;  36.79;   509;  1079;  1938;   602;     1;    13;   -97;   -97;   7.0; drag-lps8-05; 1; 7; 125000; 2424
2023-06-20 16:25:33; hka-aqm-am004;  32.23;  36.72;   511;  1067;  1868;   580;     2;     8;   -99;   -99;   6.8; drag-lps8-05; 2; 7; 125000; 2425
2023-06-20 16:26:16; hka-aqm-am004;  32.28;  36.72;   506;   990;  1807;   559;     1;     8;   -97;   -97;   7.0; drag-lps8-05; 5; 7; 125000; 2426
2023-06-20 16:26:53; hka-aqm-am004;  32.30;  36.69;   509;  1005;  1723;   536;     1;     4;   -98;   -98;   8.8; drag-lps8-05; 0; 7; 125000; 2427
2023-06-20 16:27:16; hka-aqm-am004;  32.31;  36.59;   507;  1016;  1521;   473;     1;     4;   -97;   -97;   8.2; drag-lps8-05; 6; 7; 125000; 2428
2023-06-20 16:27:35; hka-aqm-am004;  32.33;  36.65;   505;  1024;  1445;   449;     1;     4;   -99;   -99;   8.2; drag-lps8-05; 7; 7; 125000; 2429
2023-06-20 16:27:54; hka-aqm-am004;  32.32;  36.59;   504;  1034;  1355;   421;     1;     4;   -99;   -99;   6.8; drag-lps8-05; 2; 7; 125000; 2430
2023-06-20 16:28:14; hka-aqm-am004;  32.34;  36.59;   504;  1068;  1303;   404;     1;     4;   -97;   -97;   8.0; drag-lps8-05; 1; 7; 125000; 2431
2023-06-20 16:28:56; hka-aqm-am004;  32.36;  36.65;   509;  1089;  1248;   390;     2;     5;   -98;   -98;   8.0; drag-lps8-05; 4; 7; 125000; 2432
2023-06-20 16:31:35; hka-aqm-am004;  32.39;  36.45;   507;  1083;  1033;   318;     3;     6;  -100;  -100;   8.8; drag-lps8-05; 3; 7; 125000; 2433
2023-06-20 16:32:15; hka-aqm-am004;  32.38;  36.32;   498;  1062;   962;   294;     2;     5;   -99;   -99;   7.5; drag-lps8-05; 2; 7; 125000; 2434
2023-06-20 16:32:34; hka-aqm-am004;  32.38;  36.32;   496;  1052;  1250;   393;     2;     5;  -100;  -100;   8.8; drag-lps8-05; 0; 7; 125000; 2435
2023-06-20 16:32:55; hka-aqm-am004;  32.39;  36.32;   494;  1102;  1193;   372;     1;     5;  -100;  -100;   9.0; drag-lps8-05; 3; 7; 125000; 2436
2023-06-20 16:33:14; hka-aqm-am004;  32.39;  36.32;   493;  1101;  1095;   338;     1;     5;   -99;   -99;   9.2; drag-lps8-05; 7; 7; 125000; 2437
2023-06-20 16:33:35; hka-aqm-am004;  32.39;  36.39;   491;  1096;  1231;   387;     2;     5;  -100;  -100;   9.2; drag-lps8-05; 1; 7; 125000; 2438
2023-06-20 16:33:55; hka-aqm-am004;  32.39;  36.25;   490;  1078;  1142;   356;     2;     5;  -100;  -100;   7.5; drag-lps8-05; 5; 7; 125000; 2439
2023-06-20 16:34:34; hka-aqm-am004;  32.38;  36.29;   488;  1033;  1273;   403;     1;     6;   -99;   -99;   9.0; drag-lps8-05; 4; 7; 125000; 2440
2023-06-20 16:34:55; hka-aqm-am004;  32.37;  36.32;   487;  1037;   927;   288;     1;     5;   -97;   -97;   7.5; drag-lps8-05; 6; 7; 125000; 2441
2023-06-20 16:35:14; hka-aqm-am004;  32.39;  36.25;   486;  1030;   703;   212;     0;     5;   -99;   -99;   9.2; drag-lps8-05; 1; 7; 125000; 2442
2023-06-20 16:35:35; hka-aqm-am004;  32.38;  36.22;   486;  1036;  1094;   339;     1;     5;  -126;  -126;  -8.8; drag-lps8-03; 5; 7; 125000; 2443
2023-06-20 16:36:13; hka-aqm-am004;  32.38;  36.25;   490;  1046;  1902;   613;     1;     7;   -98;   -98;   9.0; drag-lps8-05; 6; 7; 125000; 2444
2023-06-20 16:36:55; hka-aqm-am004;  32.38;  36.32;   489;  1058;  2928;   946;     2;     5;  -100;  -100;   8.8; drag-lps8-05; 3; 7; 125000; 2446
2023-06-20 16:37:33; hka-aqm-am004;  32.40;  36.29;   493;   956;  3216;  1038;     1;     6;   -97;   -97;   8.0; drag-lps8-05; 0; 7; 125000; 2447
2023-06-20 16:37:55; hka-aqm-am004;  32.41;  36.32;   491;   975;  3152;   999;     0;     6;  -123;  -123;  -8.0; drag-lps8-03; 2; 7; 125000; 2448
2023-06-20 16:38:15; hka-aqm-am004;  32.43;  36.45;   489;   991;  2959;   935;     0;     6;  -125;  -125;  -6.0; drag-lps8-03; 4; 7; 125000; 2449
2023-06-20 16:38:34; hka-aqm-am004;  32.45;  36.39;   488;  1023;  2665;   837;     0;     6;  -102;  -102;   8.5; drag-lps8-05; 7; 7; 125000; 2451
2023-06-20 16:38:54; hka-aqm-am004;  32.46;  36.42;   487;  1050;  2515;   793;     0;     5;  -124;  -124;  -8.5; drag-lps8-03; 2; 7; 125000; 2453
2023-06-20 16:39:16; hka-aqm-am004;  32.48;  36.42;   486;  1078;  2244;   707;     0;     6;  -124;  -124;  -8.8; drag-lps8-03; 1; 7; 125000; 2454
2023-06-20 16:40:15; hka-aqm-am004;  32.50;  36.49;   490;  1134;  2138;   675;     1;     6;  -124;  -124;  -4.5; drag-lps8-03; 5; 7; 125000; 2455
2023-06-20 16:40:34; hka-aqm-am004;  32.50;  36.49;   495;  1100;  1939;   606;     1;     6;   -99;   -99;   9.5; drag-lps8-05; 4; 7; 125000; 2456
2023-06-20 16:40:54; hka-aqm-am004;  32.53;  36.42;   501;  1186;  2013;   634;     1;     6;  -101;  -101;   8.0; drag-lps8-05; 3; 7; 125000; 2457
2023-06-20 16:41:14; hka-aqm-am004;  32.52;  36.39;   506;  1190;  1720;   537;     1;     8;  -122;  -122;  -4.5; drag-lps8-03; 4; 7; 125000; 2458
2023-06-20 16:41:35; hka-aqm-am004;  32.53;  36.39;   510;  1225;  1652;   507;     1;     8;  -101;  -101;   8.0; drag-lps8-05; 0; 7; 125000; 2459
2023-06-20 16:42:13; hka-aqm-am004;  32.54;  36.39;   519;  1269;  1864;   576;     1;     6;  -101;  -101;   7.8; drag-lps8-05; 3; 7; 125000; 2460
2023-06-20 16:42:33; hka-aqm-am004;  32.54;  36.39;   521;  1300;  1762;   546;     0;     5;  -126;  -126;  -6.8; drag-lps8-03; 7; 7; 125000; 2461
2023-06-20 16:42:53; hka-aqm-am004;  32.55;  36.39;   524;  1324;  1520;   469;     1;     5;   -99;   -99;   6.8; drag-lps8-05; 6; 7; 125000; 2462
2023-06-20 16:43:14; hka-aqm-am004;  32.56;  36.42;   530;  1358;  1271;   394;     1;     6;   -98;   -98;   6.5; drag-lps8-05; 5; 7; 125000; 2463
2023-06-20 16:44:15; hka-aqm-am004;  32.58;  36.32;   550;  1384;  1453;   457;     1;     7;   -99;   -99;   6.2; drag-lps8-05; 2; 7; 125000; 2464
2023-06-20 16:44:35; hka-aqm-am004;  32.60;  36.35;   557;  1382;  1513;   476;     1;     9;   -98;   -98;   8.5; drag-lps8-05; 1; 7; 125000; 2465
2023-06-20 16:45:14; hka-aqm-am004;  32.60;  36.32;   567;  1428;  1999;   629;     2;     9;  -120;  -120;  -3.5; drag-lps8-03; 5; 7; 125000; 2466
2023-06-20 16:45:36; hka-aqm-am004;  32.61;  36.32;   571;  1483;  2193;   692;     2;     8;  -100;  -100;   8.0; drag-lps8-05; 0; 7; 125000; 2467
2023-06-20 16:46:14; hka-aqm-am004;  32.61;  36.35;   575;  1531;  2049;   648;     1;     6;  -102;  -102;   6.8; drag-lps8-05; 3; 7; 125000; 2468
2023-06-20 16:46:36; hka-aqm-am004;  32.62;  36.39;   575;  1548;  1847;   587;     1;     4;  -101;  -101;   7.2; drag-lps8-05; 7; 7; 125000; 2469
2023-06-20 16:46:55; hka-aqm-am004;  32.63;  36.39;   573;  1551;  1677;   533;     1;     7;  -123;  -123;  -3.8; drag-lps8-03; 4; 7; 125000; 2470
2023-06-20 16:47:33; hka-aqm-am004;  32.63;  36.39;   573;  1543;  1495;   472;     1;    12;   -99;   -99;   6.0; drag-lps8-05; 2; 7; 125000; 2471
2023-06-20 16:47:53; hka-aqm-am004;  32.63;  36.42;   567;  1516;  1369;   429;     0;     7;  -120;  -120;  -6.0; drag-lps8-03; 6; 7; 125000; 2472
2023-06-20 16:48:35; hka-aqm-am004;  32.66;  36.35;   554;  1391;  1243;   388;     1;    10;  -102;  -102;   7.2; drag-lps8-05; 3; 7; 125000; 2474
2023-06-20 16:55:34; hka-aqm-am004;  32.84;  35.99;   463;   857;   887;   269;     2;    13;  -101;  -101;   7.2; drag-lps8-05; 1; 7; 125000; 2475
2023-06-20 17:01:55; hka-aqm-am004;  32.98;  35.42;   453;   777;   895;   272;     3;     8;  -100;  -100;   7.0; drag-lps8-05; 6; 7; 125000; 2476
2023-06-20 17:03:36; hka-aqm-am004;  32.98;  35.29;   459;   792;   966;   296;     2;     8;  -101;  -101;   7.2; drag-lps8-05; 5; 7; 125000; 2477
2023-06-20 17:03:55; hka-aqm-am004;  33.01;  35.12;   453;   809;   841;   252;     2;     6;  -102;  -102;   8.5; drag-lps8-05; 0; 7; 125000; 2478
2023-06-20 17:04:15; hka-aqm-am004;  33.03;  35.22;   449;   807;   985;   304;     0;     7;   -97;   -97;   6.8; drag-lps8-05; 2; 7; 125000; 2480
2023-06-20 17:06:35; hka-aqm-am004;  33.06;  35.26;   447;   854;   837;   259;     2;    10;  -120;  -120;  -3.5; drag-lps8-03; 7; 7; 125000; 2481
2023-06-20 17:07:14; hka-aqm-am004;  33.07;  35.09;   449;   848;   907;   284;     1;     9;  -124;  -124;  -4.8; drag-lps8-03; 5; 7; 125000; 2483
2023-06-20 17:07:53; hka-aqm-am004;  33.07;  35.06;   451;   850;   807;   249;     1;     9;  -122;  -122;  -6.8; drag-lps8-03; 2; 7; 125000; 2484
2023-06-20 17:08:34; hka-aqm-am004;  33.11;  34.99;   446;   875;   868;   268;     0;    11;  -102;  -102;   7.0; drag-lps8-05; 3; 7; 125000; 2485
2023-06-20 17:09:14; hka-aqm-am004;  33.12;  34.72;   444;   926;   848;   262;     2;    11;   -98;   -98;   7.8; drag-lps8-05; 4; 7; 125000; 2486
2023-06-20 17:09:35; hka-aqm-am004;  33.12;  34.79;   444;   929;   754;   229;     0;     9;  -100;  -100;   8.0; drag-lps8-05; 7; 7; 125000; 2487
2023-06-20 17:13:14; hka-aqm-am004;  33.16;  34.72;   447;   932;   683;   209;     1;    11;  -101;  -101;   9.2; drag-lps8-05; 0; 7; 125000; 2488
2023-06-20 17:13:34; hka-aqm-am004;  33.17;  34.59;   445;   937;   490;   142;     0;     9;   -99;   -99;   7.8; drag-lps8-05; 6; 7; 125000; 2489
2023-06-20 17:13:55; hka-aqm-am004;  33.17;  34.52;   443;   946;   425;   119;     0;    12;  -126;  -126;  -6.8; drag-lps8-03; 4; 7; 125000; 2490
2023-06-20 17:16:55; hka-aqm-am004;  33.21;  33.99;   445;   857;   737;   218;     2;    12;  -127;  -127;  -7.2; drag-lps8-03; 5; 7; 125000; 2491
2023-06-20 17:18:16; hka-aqm-am004;  33.23;  34.12;   440;   773;   825;   253;     2;     9;  -100;  -100;   8.5; drag-lps8-05; 6; 7; 125000; 2492
2023-06-20 17:18:55; hka-aqm-am004;  33.23;  34.12;   438;   796;   601;   175;     0;     8;  -120;  -120;  -2.0; drag-lps8-03; 0; 7; 125000; 2493
2023-06-20 17:19:54; hka-aqm-am004;  33.24;  33.92;   438;   832;   676;   197;     2;     8;  -122;  -122;  -7.5; drag-lps8-03; 3; 7; 125000; 2494
2023-06-20 17:20:16; hka-aqm-am004;  33.24;  33.89;   438;   839;   871;   267;     1;     8;   -93;   -93;   8.8; drag-lps8-05; 1; 7; 125000; 2495
2023-06-20 17:21:55; hka-aqm-am004;  33.26;  33.79;   439;   822;   518;   150;     2;     9;  -117;  -117;  -3.0; drag-lps8-03; 2; 7; 125000; 2496
2023-06-20 17:29:54; hka-aqm-am004;  33.30;  33.55;   448;   855;   586;   170;     2;    15;  -119;  -119;  -2.2; drag-lps8-03; 7; 7; 125000; 2497
2023-06-20 17:31:36; hka-aqm-am004;  33.30;  33.39;   444;   857;   720;   215;     1;    16;  -120;  -120;  -2.5; drag-lps8-03; 5; 7; 125000; 2498
2023-06-20 17:32:55; hka-aqm-am004;  33.32;  33.35;   442;   831;   652;   189;     1;    16;   -99;   -99;   8.0; drag-lps8-05; 7; 7; 125000; 2499
2023-06-20 17:33:15; hka-aqm-am004;  33.32;  33.39;   440;   836;   794;   241;     1;    15;  -122;  -122;  -4.8; drag-lps8-03; 4; 7; 125000; 2500
2023-06-20 17:34:56; hka-aqm-am004;  33.33;  33.19;   438;   875;   635;   182;     1;    14;   -98;   -98;   6.8; drag-lps8-05; 2; 7; 125000; 2501
2023-06-20 17:35:16; hka-aqm-am004;  33.34;  33.19;   438;   866;   795;   240;     1;    15;   -99;   -99;   9.2; drag-lps8-05; 6; 7; 125000; 2502
2023-06-20 17:37:15; hka-aqm-am004;  33.36;  33.19;   437;   844;   986;   308;     1;    18;  -100;  -100;   8.0; drag-lps8-05; 3; 7; 125000; 2503
2023-06-20 17:37:35; hka-aqm-am004;  33.35;  33.19;   437;   844;  1121;   351;     0;    18;  -100;  -100;   8.0; drag-lps8-05; 1; 7; 125000; 2504
2023-06-20 17:37:56; hka-aqm-am004;  33.37;  33.12;   437;   837;  1249;   393;     0;    18;  -115;  -115;   1.5; drag-lps8-03; 0; 7; 125000; 2505
2023-06-20 17:38:15; hka-aqm-am004;  33.38;  33.12;   436;   833;  1396;   440;     0;    18;  -120;  -120;  -5.5; drag-lps8-03; 6; 7; 125000; 2506
2023-06-20 17:38:35; hka-aqm-am004;  33.37;  33.12;   434;   864;  1575;   497;     0;    16;  -118;  -118;  -3.5; drag-lps8-03; 5; 7; 125000; 2507
2023-06-20 17:38:55; hka-aqm-am004;  33.38;  33.05;   433;   823;  1744;   545;     0;    18;  -100;  -100;   8.0; drag-lps8-05; 7; 7; 125000; 2508
2023-06-20 17:39:15; hka-aqm-am004;  33.39;  33.05;   433;   809;  1822;   569;     0;    18;   -99;   -99;   6.5; drag-lps8-05; 2; 7; 125000; 2509
2023-06-20 17:39:35; hka-aqm-am004;  33.40;  32.99;   432;   807;  1881;   594;     0;    14;  -118;  -118;  -0.8; drag-lps8-03; 0; 7; 125000; 2510
2023-06-20 17:40:15; hka-aqm-am004;  33.42;  33.12;   437;   817;  2285;   734;     1;    14;   -99;   -99;   7.8; drag-lps8-05; 4; 7; 125000; 2511
2023-06-20 17:40:35; hka-aqm-am004;  33.46;  33.12;   436;   823;  2517;   807;     0;    16;  -125;  -125;  -8.2; drag-lps8-03; 3; 7; 125000; 2512
2023-06-20 17:41:15; hka-aqm-am004;  33.48;  32.85;   438;   824;   644;   191;     1;    17;   -99;   -99;   8.0; drag-lps8-05; 1; 7; 125000; 2513
2023-06-20 17:41:35; hka-aqm-am004;  33.52;  32.78;   437;   816;  2765;   876;     0;    15;  -103;  -103;   8.0; drag-lps8-05; 7; 7; 125000; 2514
2023-06-20 17:41:56; hka-aqm-am004;  33.53;  32.78;   436;   819;  2153;   677;     1;    15;  -115;  -115;   0.2; drag-lps8-03; 0; 7; 125000; 2515
2023-06-20 17:42:15; hka-aqm-am004;  33.54;  32.75;   435;   719;  1491;   459;     1;    15;  -116;  -116;  -2.2; drag-lps8-03; 6; 7; 125000; 2516
2023-06-20 17:42:54; hka-aqm-am004;  33.56;  32.42;   439;   705;  2196;   693;     1;    15;  -116;  -116;  -0.8; drag-lps8-03; 5; 7; 125000; 2517
2023-06-20 17:43:14; hka-aqm-am004;  33.58;  32.11;   437;   700;  4341;  1408;     1;    12;  -100;  -100;   9.2; drag-lps8-05; 3; 7; 125000; 2518
2023-06-20 17:43:35; hka-aqm-am004;  33.60;  32.45;   436;   698;  4245;  1383;     0;    13;   -99;   -99;   7.5; drag-lps8-05; 1; 7; 125000; 2519
2023-06-20 17:43:55; hka-aqm-am004;  33.60;  32.42;   435;   707;  3889;  1252;     0;    13;   -99;   -99;   9.2; drag-lps8-05; 4; 7; 125000; 2520
2023-06-20 17:44:34; hka-aqm-am004;  33.62;  32.48;   439;   722;  1228;   378;     1;    17;  -100;  -100;   6.5; drag-lps8-05; 2; 7; 125000; 2521
2023-06-20 17:45:14; hka-aqm-am004;  33.65;  32.38;   441;   739;   421;   126;     1;    14;  -114;  -114;   0.2; drag-lps8-03; 7; 7; 125000; 2522
2023-06-20 17:47:14; hka-aqm-am004;  33.68;  32.45;   445;   803;   637;   198;     1;    15;  -124;  -124;  -7.0; drag-lps8-03; 4; 7; 125000; 2523
2023-06-20 17:47:36; hka-aqm-am004;  33.68;  32.42;   443;   837;   510;   154;     0;    12;  -115;  -115;  -1.8; drag-lps8-03; 1; 7; 125000; 2524
2023-06-20 17:47:56; hka-aqm-am004;  33.70;  32.48;   442;   863;   935;   295;     0;    11;  -118;  -118;  -3.5; drag-lps8-03; 6; 7; 125000; 2525
2023-06-20 17:48:16; hka-aqm-am004;  33.68;  32.31;   441;   880;  1453;   467;     1;    13;  -121;  -121;  -7.2; drag-lps8-03; 3; 7; 125000; 2526
2023-06-20 17:48:35; hka-aqm-am004;  33.69;  32.21;   440;   865;  1396;   445;     1;    13;  -115;  -115;  -0.2; drag-lps8-03; 0; 7; 125000; 2527
2023-06-20 17:48:55; hka-aqm-am004;  33.70;  32.28;   439;   850;  1236;   394;     1;    13;   -97;   -97;   7.2; drag-lps8-05; 5; 7; 125000; 2528
2023-06-20 17:49:15; hka-aqm-am004;  33.70;  32.31;   438;   850;  1136;   360;     0;    13;  -112;  -112; nan; drag-lps8-03; 2; 7; 125000; 2529
2023-06-20 17:49:54; hka-aqm-am004;  33.70;  32.18;   442;   895;   409;   124;     1;    12;  -116;  -116;  -1.5; drag-lps8-03; 7; 7; 125000; 2530
2023-06-20 18:05:00; hka-aqm-am004;  33.63;  32.05;   446;   977;   471;   141;     2;    16;  -100;  -100;   8.0; drag-lps8-05; 3; 7; 125000; 2531
2023-06-20 18:08:35; hka-aqm-am004;  33.62;  32.18;   448;  1015;   417;   128;     2;    16;  -101;  -101;   6.5; drag-lps8-05; 2; 7; 125000; 2532
2023-06-20 18:23:41; hka-aqm-am004;  33.40;  32.38;   459;   976;   146;    47;     2;    13;  -118;  -118;  -2.2; drag-lps8-03; 0; 7; 125000; 2533
2023-06-20 18:38:47; hka-aqm-am004;  33.11;  32.65;   450;   894;   122;    39;     3;    16;   -97;   -97;   6.5; drag-lps8-05; 5; 7; 125000; 2534
2023-06-20 18:53:55; hka-aqm-am004;  32.86;  33.25;   445;   974;   206;    66;     3;    16;   -99;   -99;   8.5; drag-lps8-05; 4; 7; 125000; 2535
2023-06-20 19:09:01; hka-aqm-am004;  32.68;  33.62;   453;   919;   267;    85;     3;    16;   -97;   -97;   8.5; drag-lps8-05; 6; 7; 125000; 2536
2023-06-20 19:24:07; hka-aqm-am004;  32.55;  33.19;   431;   731;   132;    43;     3;    16;   -99;   -99;   9.2; drag-lps8-05; 1; 7; 125000; 2537
2023-06-20 19:39:17; hka-aqm-am004;  32.40;  33.25;   430;   736;   107;    34;     3;    16;  -113;  -113;  -0.2; drag-lps8-03; 4; 7; 125000; 2538
2023-06-20 19:54:23; hka-aqm-am004;  32.27;  33.45;   436;   708;   196;    62;     3;    16;   -97;   -97;   6.5; drag-lps8-05; 2; 7; 125000; 2539
2023-06-20 20:09:29; hka-aqm-am004;  32.14;  34.99;   422;   793;    95;    32;     3;    16;  -120;  -120;  -2.0; drag-lps8-03; 0; 7; 125000; 2540
2023-06-20 20:24:37; hka-aqm-am004;  31.95;  36.25;   428;   738;    41;    13;     3;    16;   -97;   -97;   5.8; drag-lps8-05; 5; 7; 125000; 2541
2023-06-20 20:39:43; hka-aqm-am004;  31.68;  36.92;   437;   786;    16;     4;     3;    16;  -117;  -117;  -3.0; drag-lps8-03; 1; 7; 125000; 2542
2023-06-20 20:54:49; hka-aqm-am004;  31.44;  38.60;   428;   788;    23;     7;     3;    16;  -123;  -123;  -4.8; drag-lps8-03; 7; 7; 125000; 2543
2023-06-20 21:09:57; hka-aqm-am004;  31.19;  42.38;   426;   904;    11;     3;     3;    16;   -97;   -97;   9.0; drag-lps8-05; 6; 7; 125000; 2544
2023-06-20 21:25:03; hka-aqm-am004;  30.92;  44.07;   422;   924;     7;     1;     3;    16;   -99;   -99;   8.8; drag-lps8-05; 3; 7; 125000; 2545
2023-06-20 21:40:10; hka-aqm-am004;  30.69;  45.78;   418;   983;     6;     0;     1;     0;  -116;  -116;  -3.5; drag-lps8-03; 2; 7; 125000; 2546
2023-06-20 21:55:17; hka-aqm-am004;  30.41;  46.56;   422;  1025;     7;     2;     3;    16;   -97;   -97;   8.8; drag-lps8-05; 6; 7; 125000; 2547
2023-06-20 22:10:23; hka-aqm-am004;  30.22;  46.85;   424;  1179;     8;     2;     3;    16;  -121;  -121;  -4.2; drag-lps8-03; 4; 7; 125000; 2548
2023-06-20 22:25:29; hka-aqm-am004;  30.02;  47.26;   427;  1156;     6;     1;     3;    16;   -97;   -97;   7.8; drag-lps8-05; 7; 7; 125000; 2549
2023-06-20 22:40:37; hka-aqm-am004;  29.82;  47.74;   422;  1122;     6;     0;     3;    16;   -97;   -97;   8.8; drag-lps8-05; 1; 7; 125000; 2550
2023-06-20 22:55:43; hka-aqm-am004;  29.63;  48.42;   417;  1152;     8;     2;     3;    16;   -95;   -95;   6.2; drag-lps8-05; 5; 7; 125000; 2551
2023-06-20 23:10:50; hka-aqm-am004;  29.45;  49.22;   424;  1189;     6;     0;     1;     0;   -96;   -96;   8.0; drag-lps8-05; 3; 7; 125000; 2552
2023-06-20 23:25:57; hka-aqm-am004;  29.24;  49.98;   428;  1069;     6;     0;     3;    16;  -122;  -122;  -2.8; drag-lps8-03; 0; 7; 125000; 2553
2023-06-20 23:41:10; hka-aqm-am004;  29.08;  50.75;   424;  1226;     6;     1;     1;     0;   -97;   -97;   6.5; drag-lps8-05; 5; 7; 125000; 2555
2023-06-20 23:56:17; hka-aqm-am004;  28.93;  51.25;   431;  1238;     6;     0;     3;    16;  -100;  -100;   8.8; drag-lps8-05; 7; 7; 125000; 2556
