# Logfile LoRaWAN TTN/TTS V3 logger version hka-log V 1.1
date_time;device_id;tmp;hum;CO2;VOC;vis;IR;WIFI;BLE;rssi;channel_rssi;snr;gateway;channel_index;spreading_factor;bandwidth;f_cnt
2023-07-15 00:02:08; hka-aqm-am116;  30.94;  32.01;   468;  1689;     9;     1;     2;     0;   -96;   -96;   8.8; drag-lps8-03; 6; 7; 125000; 705
2023-07-15 00:17:15; hka-aqm-am116;  30.83;  32.21;   460;  1660;     9;     1;     4;     0;   -93;   -93;  10.2; drag-lps8-05; 4; 7; 125000; 706
2023-07-15 00:32:21; hka-aqm-am116;  30.72;  32.38;   466;  1711;     9;     1;     4;     0;   -93;   -93;   8.0; drag-lps8-05; 3; 7; 125000; 707
2023-07-15 00:47:27; hka-aqm-am116;  30.63;  32.52;   464;  1647;     9;     1;     0;     0;   -97;   -97;   9.2; drag-lps8-03; 1; 7; 125000; 708
2023-07-15 01:02:34; hka-aqm-am116;  30.53;  32.72;   462;  1664;    12;     3;     4;     0;   -95;   -95;   9.5; drag-lps8-05; 0; 7; 125000; 709
2023-07-15 01:17:40; hka-aqm-am116;  30.44;  32.85;   458;  1625;     9;     1;     4;     0;   -93;   -93;   7.0; drag-lps8-05; 2; 7; 125000; 710
2023-07-15 01:32:47; hka-aqm-am116;  30.36;  33.05;   456;  1593;     9;     1;     1;     0;   -91;   -91;   7.0; drag-lps8-05; 5; 7; 125000; 711
2023-07-15 01:47:56; hka-aqm-am116;  30.24;  33.19;   456;  1593;     9;     3;     4;     0;   -93;   -93;   9.2; drag-lps8-05; 7; 7; 125000; 712
2023-07-15 02:03:02; hka-aqm-am116;  30.17;  33.39;   459;  1608;     9;     1;     4;     0;   -96;   -96;   7.5; drag-lps8-03; 3; 7; 125000; 713
2023-07-15 02:18:08; hka-aqm-am116;  30.11;  33.52;   453;  1581;     9;     1;     2;     0;   -96;   -96;   6.8; drag-lps8-03; 5; 7; 125000; 714
2023-07-15 02:33:15; hka-aqm-am116;  30.05;  33.69;   462;  1541;     9;     1;     4;     0;   -91;   -91;   8.5; drag-lps8-05; 4; 7; 125000; 715
2023-07-15 02:48:21; hka-aqm-am116;  30.01;  33.79;   456;  1575;     9;     1;     4;     0;   -96;   -96;   8.5; drag-lps8-03; 6; 7; 125000; 716
2023-07-15 03:03:27; hka-aqm-am116;  29.92;  33.86;   451;  1571;     9;     1;     2;     0;   -91;   -91;   7.5; drag-lps8-05; 2; 7; 125000; 717
2023-07-15 03:18:35; hka-aqm-am116;  29.86;  34.06;   456;  1527;     9;     1;     4;     0;   -90;   -90;   7.8; drag-lps8-05; 0; 7; 125000; 718
2023-07-15 03:33:42; hka-aqm-am116;  29.80;  34.16;   447;  1486;    12;     3;     4;     0;   -96;   -96;   8.5; drag-lps8-03; 1; 7; 125000; 719
2023-07-15 03:48:48; hka-aqm-am116;  29.72;  34.26;   450;  1583;     9;     1;     3;     0;   -96;   -96;   7.5; drag-lps8-03; 7; 7; 125000; 720
2023-07-15 04:03:55; hka-aqm-am116;  29.65;  34.46;   456;  1482;     9;     1;     4;     0;   -94;   -94;   7.2; drag-lps8-03; 5; 7; 125000; 721
2023-07-15 04:19:01; hka-aqm-am116;  29.59;  34.52;   449;  1475;    12;     3;     4;     0;   -97;   -97;   9.5; drag-lps8-03; 1; 7; 125000; 722
2023-07-15 04:34:07; hka-aqm-am116;  29.54;  34.66;   452;  1454;     9;     1;     1;     0;   -93;   -93;  10.0; drag-lps8-05; 4; 7; 125000; 723
2023-07-15 04:49:14; hka-aqm-am116;  29.48;  34.76;   452;  1455;     9;     1;     4;     0;   -97;   -97;   8.2; drag-lps8-03; 7; 7; 125000; 724
2023-07-15 05:04:20; hka-aqm-am116;  29.43;  34.86;   453;  1449;    12;     3;     5;     0;   -99;   -99;   9.2; drag-lps8-03; 0; 7; 125000; 725
2023-07-15 05:19:35; hka-aqm-am116;  29.38;  34.99;   451;  1415;    14;     1;     5;     0;   -97;   -97;   8.5; drag-lps8-03; 6; 7; 125000; 727
2023-07-15 05:34:48; hka-aqm-am116;  29.32;  35.12;   452;  1431;    29;     4;     1;     0;   -91;   -91;   9.5; drag-lps8-05; 4; 7; 125000; 729
2023-07-15 05:49:55; hka-aqm-am116;  29.30;  35.19;   450;  1423;    60;    10;     5;     0;   -93;   -93;   8.2; drag-lps8-05; 6; 7; 125000; 730
2023-07-15 06:05:02; hka-aqm-am116;  29.27;  35.26;   448;  1389;    92;    15;     5;     0;   -97;   -97;   7.2; drag-lps8-03; 2; 7; 125000; 731
2023-07-15 06:20:08; hka-aqm-am116;  29.23;  35.36;   452;  1387;   121;    17;     4;     0;   -97;   -97;   7.2; drag-lps8-03; 5; 7; 125000; 732
2023-07-15 06:35:15; hka-aqm-am116;  29.22;  35.39;   450;  1438;   153;    25;     5;     0;   -99;   -99;   9.2; drag-lps8-03; 7; 7; 125000; 733
2023-07-15 06:50:21; hka-aqm-am116;  29.19;  35.46;   457;  1369;   183;    29;     5;     0;   -93;   -93;   8.5; drag-lps8-05; 3; 7; 125000; 734
2023-07-15 07:05:27; hka-aqm-am116;  29.19;  35.52;   450;  1343;   220;    39;     2;     0;   -97;   -97;   9.8; drag-lps8-03; 1; 7; 125000; 735
2023-07-15 07:20:35; hka-aqm-am116;  29.18;  35.59;   451;  1330;   288;    59;     5;     0;   -93;   -93;   9.0; drag-lps8-05; 0; 7; 125000; 736
2023-07-15 07:27:14; hka-aqm-am116;  29.18;  35.56;   450;  1350;   219;    36;     5;     0;   -96;   -96;   6.2; drag-lps8-03; 2; 7; 125000; 737
2023-07-15 07:39:14; hka-aqm-am116;  29.20;  35.59;   450;  1411;   217;    35;     3;     0;   -96;   -96;   8.0; drag-lps8-03; 1; 7; 125000; 738
2023-07-15 07:51:13; hka-aqm-am116;  29.20;  35.59;   450;  1403;   199;    29;     3;     0;   -99;   -99;   9.8; drag-lps8-03; 0; 7; 125000; 739
2023-07-15 07:52:53; hka-aqm-am116;  29.20;  35.59;   457;  1345;   281;    53;     3;     0;   -96;   -96;   8.2; drag-lps8-03; 4; 7; 125000; 740
2023-07-15 08:02:54; hka-aqm-am116;  29.22;  35.59;   449;  1315;   233;    40;     4;     0;   -91;   -91;   8.5; drag-lps8-05; 6; 7; 125000; 741
2023-07-15 08:03:35; hka-aqm-am116;  29.22;  35.56;   447;  1332;   306;    61;     2;     0;   -95;   -95;   8.0; drag-lps8-05; 3; 7; 125000; 742
2023-07-15 08:04:32; hka-aqm-am116;  29.21;  35.59;   455;  1335;   230;    37;     3;     0;   -93;   -93;   9.2; drag-lps8-05; 7; 7; 125000; 743
2023-07-15 08:19:39; hka-aqm-am116;  29.26;  35.56;   448;  1347;   360;    76;     3;     0;   -96;   -96;   7.5; drag-lps8-03; 5; 7; 125000; 744
2023-07-15 08:24:14; hka-aqm-am116;  29.26;  35.52;   449;  1311;   285;    50;     3;     0;   -95;   -95;   8.2; drag-lps8-05; 7; 7; 125000; 745
2023-07-15 08:25:15; hka-aqm-am116;  29.27;  35.52;   451;  1328;   369;    78;     2;     0;   -99;   -99;   9.5; drag-lps8-03; 3; 7; 125000; 746
2023-07-15 08:40:21; hka-aqm-am116;  29.31;  35.49;   448;  1337;   515;   123;     3;     0;   -93;   -93;   7.8; drag-lps8-05; 5; 7; 125000; 747
2023-07-15 08:48:55; hka-aqm-am116;  29.32;  35.46;   449;  1348;   372;    87;     3;     0;   -97;   -97;   9.8; drag-lps8-03; 1; 7; 125000; 748
2023-07-15 08:50:13; hka-aqm-am116;  29.35;  35.46;   448;  1334;   333;    76;     2;     0;  -101;  -101;   9.0; drag-lps8-03; 0; 7; 125000; 750
2023-07-15 09:05:26; hka-aqm-am116;  29.38;  35.39;   445;  1371;   314;    67;     2;     0;   -96;   -96;   7.0; drag-lps8-03; 2; 7; 125000; 752
2023-07-15 09:20:34; hka-aqm-am116;  29.43;  35.32;   446;  1361;   357;    76;     3;     0;   -91;   -91;   9.0; drag-lps8-05; 1; 7; 125000; 753
2023-07-15 09:35:40; hka-aqm-am116;  29.49;  35.26;   445;  1353;   459;    95;     4;     0;   -91;   -91;   7.5; drag-lps8-05; 2; 7; 125000; 754
2023-07-15 09:36:33; hka-aqm-am116;  29.49;  35.26;   445;  1327;   591;   139;     4;     0;   -97;   -97;   9.0; drag-lps8-03; 7; 7; 125000; 755
2023-07-15 09:37:15; hka-aqm-am116;  29.51;  35.26;   445;  1278;   489;   103;     2;     0;   -93;   -93;   9.0; drag-lps8-05; 0; 7; 125000; 756
2023-07-15 09:37:53; hka-aqm-am116;  29.50;  35.26;   445;  1317;   593;   138;     2;     0;   -97;   -97;   6.8; drag-lps8-03; 5; 7; 125000; 757
2023-07-15 09:38:14; hka-aqm-am116;  29.50;  35.26;   445;  1345;   647;   157;     2;     0;   -93;   -93;   9.0; drag-lps8-05; 4; 7; 125000; 758
2023-07-15 09:38:35; hka-aqm-am116;  29.50;  35.26;   445;  1352;   571;   132;     1;     0;   -95;   -95;   9.8; drag-lps8-05; 3; 7; 125000; 759
2023-07-15 09:40:32; hka-aqm-am116;  29.51;  35.26;   452;  1357;   654;   156;     1;     0;   -96;   -96;   8.0; drag-lps8-03; 6; 7; 125000; 760
2023-07-15 09:44:13; hka-aqm-am116;  29.53;  35.19;   446;  1373;   562;   128;     2;     0;   -93;   -93;   8.8; drag-lps8-05; 0; 7; 125000; 761
2023-07-15 09:45:14; hka-aqm-am116;  29.55;  35.19;   446;  1421;   618;   146;     2;     0;   -91;   -91;   8.2; drag-lps8-05; 7; 7; 125000; 762
2023-07-15 09:46:14; hka-aqm-am116;  29.56;  35.19;   446;  1386;   616;   149;     2;     0;   -91;   -91;   9.2; drag-lps8-05; 1; 7; 125000; 763
2023-07-15 09:46:33; hka-aqm-am116;  29.56;  35.19;   446;  1373;   496;   107;     2;     0;   -91;   -91;   9.8; drag-lps8-05; 4; 7; 125000; 764
2023-07-15 09:47:53; hka-aqm-am116;  29.57;  35.19;   448;  1360;   637;   160;     2;     0;   -95;   -95;   8.5; drag-lps8-03; 6; 7; 125000; 765
2023-07-15 09:48:34; hka-aqm-am116;  29.57;  35.19;   447;  1330;   485;   107;     2;     0;   -93;   -93;   7.0; drag-lps8-05; 5; 7; 125000; 766
2023-07-15 09:57:15; hka-aqm-am116;  29.63;  35.12;   444;  1345;   574;   134;     3;     0;   -91;   -91;   7.2; drag-lps8-05; 2; 7; 125000; 767
2023-07-15 09:57:52; hka-aqm-am116;  29.62;  35.12;   449;  1360;   461;    95;     3;     0;   -99;   -99;   9.2; drag-lps8-03; 3; 7; 125000; 768
2023-07-15 10:01:54; hka-aqm-am116;  29.65;  35.06;   449;  1355;   598;   145;     3;     0;   -93;   -93;   9.8; drag-lps8-05; 1; 7; 125000; 769
2023-07-15 10:02:14; hka-aqm-am116;  29.65;  35.09;   449;  1369;   502;   111;     2;     0;   -95;   -95;   9.2; drag-lps8-05; 7; 7; 125000; 770
2023-07-15 10:04:15; hka-aqm-am116;  29.66;  35.06;   445;  1362;   579;   136;     2;     0;   -93;   -93;   8.8; drag-lps8-05; 3; 7; 125000; 771
2023-07-15 10:04:54; hka-aqm-am116;  29.68;  35.06;   444;  1349;   642;   157;     2;     0;   -95;   -95;   9.0; drag-lps8-05; 4; 7; 125000; 773
2023-07-15 10:06:15; hka-aqm-am116;  29.67;  35.06;   446;  1371;   498;   106;     2;     0;   -99;   -99;   8.8; drag-lps8-03; 0; 7; 125000; 775
2023-07-15 10:08:34; hka-aqm-am116;  29.68;  35.06;   447;  1371;   641;   153;     3;     0;   -91;   -91;   6.8; drag-lps8-05; 5; 7; 125000; 776
2023-07-15 10:09:55; hka-aqm-am116;  29.71;  35.02;   442;  1352;   530;   113;     4;     0;   -99;   -99;   9.2; drag-lps8-03; 0; 7; 125000; 777
2023-07-15 10:10:53; hka-aqm-am116;  29.70;  35.02;   445;  1306;   627;   143;     2;     0;   -97;   -97;   8.5; drag-lps8-03; 7; 7; 125000; 778
2023-07-15 10:17:14; hka-aqm-am116;  29.75;  34.92;   441;  1361;   673;   153;     4;     0;   -97;   -97;   7.8; drag-lps8-03; 3; 7; 125000; 779
2023-07-15 10:19:14; hka-aqm-am116;  29.77;  34.92;   441;  1372;   699;   164;     3;     0;   -93;   -93;   9.0; drag-lps8-05; 6; 7; 125000; 780
2023-07-15 10:21:33; hka-aqm-am116;  29.77;  34.92;   448;  1393;   781;   185;     3;     0;   -97;   -97;   8.8; drag-lps8-03; 1; 7; 125000; 781
2023-07-15 10:22:14; hka-aqm-am116;  29.78;  34.92;   445;  1389;   707;   158;     2;     0;   -97;   -97;   6.5; drag-lps8-03; 2; 7; 125000; 782
2023-07-15 10:23:54; hka-aqm-am116;  29.79;  34.86;   445;  1387;   892;   218;     1;     0;   -97;   -97;   7.5; drag-lps8-03; 5; 7; 125000; 783
2023-07-15 10:24:34; hka-aqm-am116;  29.80;  34.89;   444;  1380;   791;   185;     1;     0;   -97;   -97;   9.5; drag-lps8-03; 4; 7; 125000; 784
2023-07-15 10:24:54; hka-aqm-am116;  29.81;  34.86;   444;  1375;   905;   224;     1;     0;   -93;   -93;  10.0; drag-lps8-05; 0; 7; 125000; 785
2023-07-15 10:25:14; hka-aqm-am116;  29.80;  34.89;   444;  1363;   717;   158;     1;     0;   -96;   -96;   7.0; drag-lps8-03; 2; 7; 125000; 786
2023-07-15 10:26:33; hka-aqm-am116;  29.82;  34.86;   442;  1374;   797;   185;     1;     0;   -93;   -93;   7.2; drag-lps8-05; 5; 7; 125000; 787
2023-07-15 10:26:54; hka-aqm-am116;  29.82;  34.86;   441;  1381;   861;   207;     1;     0;   -97;   -97;   9.5; drag-lps8-03; 6; 7; 125000; 788
2023-07-15 10:27:13; hka-aqm-am116;  29.82;  34.86;   441;  1377;   737;   164;     3;     0;   -93;   -93;   9.0; drag-lps8-05; 4; 7; 125000; 789
2023-07-15 10:34:34; hka-aqm-am116;  29.88;  34.76;   441;  1374;   731;   172;     3;     0;   -97;   -97;   9.2; drag-lps8-03; 7; 7; 125000; 790
2023-07-15 10:34:54; hka-aqm-am116;  29.90;  34.76;   440;  1384;   656;   146;     1;     0;   -96;   -96;   8.2; drag-lps8-03; 1; 7; 125000; 791
2023-07-15 10:35:34; hka-aqm-am116;  29.88;  34.79;   444;  1396;   713;   167;     1;     0;   -99;   -99;   9.0; drag-lps8-03; 3; 7; 125000; 792
2023-07-15 10:36:34; hka-aqm-am116;  29.91;  34.72;   441;  1370;   643;   146;     2;     0;   -99;   -99;   9.5; drag-lps8-03; 7; 7; 125000; 793
2023-07-15 10:37:34; hka-aqm-am116;  29.94;  34.72;   441;  1367;   671;   160;     2;     0;   -99;   -99;   9.8; drag-lps8-03; 0; 7; 125000; 794
2023-07-15 10:37:55; hka-aqm-am116;  29.94;  34.72;   442;  1379;   616;   140;     1;     0;   -97;   -97;   7.8; drag-lps8-03; 3; 7; 125000; 796
2023-07-15 10:39:13; hka-aqm-am116;  29.92;  34.72;   444;  1454;   676;   161;     2;     0;   -95;   -95;   7.8; drag-lps8-03; 4; 7; 125000; 798
2023-07-15 10:40:14; hka-aqm-am116;  29.95;  34.72;   443;  1415;   632;   146;     2;     0;   -90;   -90;   8.0; drag-lps8-05; 1; 7; 125000; 799
2023-07-15 10:42:33; hka-aqm-am116;  29.98;  34.66;   442;  1432;   617;   137;     3;     0;   -97;   -97;   9.8; drag-lps8-03; 6; 7; 125000; 800
2023-07-15 10:51:53; hka-aqm-am116;  30.04;  34.59;   451;  1493;   650;   147;     2;     0;   -90;   -90;   9.2; drag-lps8-05; 4; 7; 125000; 801
2023-07-15 10:53:54; hka-aqm-am116;  30.06;  34.56;   447;  1408;   636;   151;     2;     0;   -91;   -91;   8.8; drag-lps8-05; 3; 7; 125000; 802
2023-07-15 11:09:00; hka-aqm-am116;  30.15;  34.39;   441;  1437;   231;    51;     3;     0;   -96;   -96;   8.5; drag-lps8-03; 7; 7; 125000; 803
2023-07-15 11:15:34; hka-aqm-am116;  30.19;  34.36;   448;  1445;   344;    81;     3;     0;   -91;   -91;   6.5; drag-lps8-05; 2; 7; 125000; 804
2023-07-15 11:30:41; hka-aqm-am116;  30.20;  34.29;   446;  1392;   539;   116;     3;     0;   -91;   -91;   6.5; drag-lps8-05; 5; 7; 125000; 805
2023-07-15 11:39:14; hka-aqm-am116;  30.25;  34.26;   439;  1391;   859;   188;     3;     0;   -96;   -96;   8.5; drag-lps8-03; 0; 7; 125000; 806
2023-07-15 11:40:14; hka-aqm-am116;  30.24;  34.22;   442;  1444;   984;   229;     3;     0;   -93;   -93;   9.2; drag-lps8-05; 1; 7; 125000; 807
2023-07-15 11:41:52; hka-aqm-am116;  30.26;  34.22;   452;  1432;   787;   167;     3;     0;   -93;   -93;   9.0; drag-lps8-05; 6; 7; 125000; 808
2023-07-15 11:42:13; hka-aqm-am116;  30.27;  34.19;   448;  1437;   935;   219;     3;     0;   -96;   -96;   9.8; drag-lps8-05; 3; 7; 125000; 809
2023-07-15 11:42:52; hka-aqm-am116;  30.27;  34.19;   449;  1513;   796;   173;     2;     0;   -90;   -90;   8.2; drag-lps8-05; 1; 7; 125000; 810
2023-07-15 11:43:35; hka-aqm-am116;  30.28;  34.19;   444;  1480;   741;   158;     2;     0;   -95;   -95;   6.5; drag-lps8-03; 2; 7; 125000; 811
2023-07-15 11:46:13; hka-aqm-am116;  30.31;  34.19;   444;  1430;   814;   182;     2;     0;   -93;   -93;   9.5; drag-lps8-05; 6; 7; 125000; 812
2023-07-15 11:46:34; hka-aqm-am116;  30.31;  34.16;   444;  1439;   736;   158;     1;     0;   -90;   -90;   6.5; drag-lps8-05; 5; 7; 125000; 813
2023-07-15 11:48:54; hka-aqm-am116;  30.33;  34.16;   442;  1476;   711;   145;     1;     0;   -95;   -95;   9.5; drag-lps8-05; 0; 7; 125000; 814
2023-07-15 11:50:12; hka-aqm-am116;  30.35;  34.12;   445;  1433;   862;   195;     2;     0;   -93;   -93;   9.8; drag-lps8-05; 7; 7; 125000; 815
2023-07-15 11:50:52; hka-aqm-am116;  30.34;  34.16;   447;  1447;   752;   154;     1;     0;   -93;   -93;   8.5; drag-lps8-05; 4; 7; 125000; 816
2023-07-15 11:51:13; hka-aqm-am116;  30.36;  34.12;   445;  1435;   963;   221;     1;     0;   -96;   -96;   8.0; drag-lps8-03; 1; 7; 125000; 817
2023-07-15 12:01:15; hka-aqm-am116;  30.46;  34.06;   447;  1415;  1041;   233;     3;     0;   -92;   -92;   8.5; drag-lps8-05; 3; 7; 125000; 819
2023-07-15 12:01:34; hka-aqm-am116;  30.48;  34.06;   445;  1416;  1145;   267;     2;     0;   -96;   -96;   6.5; drag-lps8-03; 5; 7; 125000; 821
2023-07-15 12:01:53; hka-aqm-am116;  30.48;  34.06;   444;  1410;  1034;   232;     2;     0;   -93;   -93;   9.0; drag-lps8-05; 7; 7; 125000; 822
2023-07-15 12:02:14; hka-aqm-am116;  30.50;  33.99;   443;  1434;   930;   200;     2;     0;   -90;   -90;   6.5; drag-lps8-05; 2; 7; 125000; 823
2023-07-15 12:03:14; hka-aqm-am116;  30.52;  33.99;   443;  1483;   892;   192;     2;     0;   -93;   -93;   9.0; drag-lps8-05; 0; 7; 125000; 824
2023-07-15 12:11:52; hka-aqm-am116;  30.62;  33.86;   445;  1436;   938;   212;     3;     0;   -99;   -99;   7.0; drag-lps8-03; 2; 7; 125000; 825
2023-07-15 12:12:15; hka-aqm-am116;  30.62;  33.86;   445;  1436;   852;   181;     1;     0;   -96;   -96;   9.2; drag-lps8-03; 6; 7; 125000; 826
2023-07-15 12:27:21; hka-aqm-am116;  30.78;  33.72;   442;  1438;   640;   139;     3;     0;   -96;   -96;   8.5; drag-lps8-03; 1; 7; 125000; 827
2023-07-15 12:42:27; hka-aqm-am116;  30.87;  33.55;   450;  1399;   515;   110;     5;     0;   -99;   -99;   9.8; drag-lps8-03; 3; 7; 125000; 828
2023-07-15 12:57:33; hka-aqm-am116;  30.92;  33.49;   438;  1418;   442;    99;     4;     0;   -95;   -95;   8.0; drag-lps8-03; 4; 7; 125000; 829
2023-07-15 13:12:40; hka-aqm-am116;  30.94;  33.42;   438;  1444;   724;   150;     4;     1;   -93;   -93;   8.0; drag-lps8-05; 7; 7; 125000; 830
2023-07-15 13:17:55; hka-aqm-am116;  30.95;  33.39;   438;  1427;   917;   197;     4;     1;   -97;   -97;   7.0; drag-lps8-03; 5; 7; 125000; 831
2023-07-15 13:18:55; hka-aqm-am116;  30.95;  33.39;   442;  1426;   842;   175;     3;     0;   -96;   -96;   8.0; drag-lps8-03; 0; 7; 125000; 832
2023-07-15 13:19:54; hka-aqm-am116;  30.99;  33.35;   439;  1377;  1026;   237;     3;     0;   -91;   -91;   8.2; drag-lps8-05; 6; 7; 125000; 833
2023-07-15 13:20:13; hka-aqm-am116;  30.99;  33.39;   439;  1382;   816;   171;     2;     0;   -97;   -97;   8.8; drag-lps8-03; 1; 7; 125000; 834
2023-07-15 13:30:33; hka-aqm-am116;  31.03;  33.29;   438;  1454;  1024;   237;     3;     1;   -99;   -99;   9.0; drag-lps8-03; 3; 7; 125000; 835
2023-07-15 13:30:55; hka-aqm-am116;  31.05;  33.25;   437;  1442;   843;   182;     1;     0;   -99;   -99;   9.8; drag-lps8-03; 0; 7; 125000; 836
2023-07-15 13:31:52; hka-aqm-am116;  31.05;  33.29;   440;  1437;   885;   192;     3;     0;   -99;   -99;   7.2; drag-lps8-03; 2; 7; 125000; 837
2023-07-15 13:32:13; hka-aqm-am116;  31.04;  33.25;   440;  1438;  1039;   243;     3;     0;   -96;   -96;   8.5; drag-lps8-03; 4; 7; 125000; 838
2023-07-15 13:34:14; hka-aqm-am116;  31.07;  33.25;   438;  1428;   881;   199;     2;     0;   -99;   -99;   8.5; drag-lps8-03; 7; 7; 125000; 839
2023-07-15 13:34:35; hka-aqm-am116;  31.06;  33.25;   438;  1422;   777;   166;     2;     0;   -95;   -95;   6.8; drag-lps8-03; 5; 7; 125000; 840
2023-07-15 13:49:47; hka-aqm-am116;  31.16;  33.12;   432;  1455;   594;   132;     4;     0;   -93;   -93;   7.0; drag-lps8-05; 5; 7; 125000; 842
2023-07-15 14:04:55; hka-aqm-am116;  31.25;  33.02;   435;  1411;   576;   125;     3;     0;   -91;   -91;   8.0; drag-lps8-05; 6; 7; 125000; 843
2023-07-15 14:20:01; hka-aqm-am116;  31.31;  32.92;   435;  1465;   798;   167;     4;     0;   -97;   -97;   8.2; drag-lps8-03; 1; 7; 125000; 844
2023-07-15 14:27:54; hka-aqm-am116;  31.34;  32.85;   436;  1422;   865;   183;     4;     0;   -93;   -93;   8.5; drag-lps8-05; 0; 7; 125000; 845
2023-07-15 14:33:33; hka-aqm-am116;  31.38;  32.78;   447;  1397;  1042;   218;     3;     0;   -95;   -95;   9.0; drag-lps8-05; 3; 7; 125000; 846
2023-07-15 14:35:33; hka-aqm-am116;  31.39;  32.78;   440;  1438;  1257;   265;     3;     0;   -97;   -97;   9.0; drag-lps8-03; 7; 7; 125000; 847
2023-07-15 14:35:53; hka-aqm-am116;  31.39;  32.78;   439;  1419;  1378;   297;     2;     0;   -93;   -93;   9.5; drag-lps8-05; 4; 7; 125000; 848
2023-07-15 14:36:13; hka-aqm-am116;  31.40;  32.78;   437;  1437;  1118;   220;     3;     0;   -93;   -93;   9.2; drag-lps8-05; 7; 7; 125000; 849
2023-07-15 14:36:52; hka-aqm-am116;  31.39;  32.78;   440;  1435;  1424;   306;     3;     0;   -90;   -90;   9.2; drag-lps8-05; 1; 7; 125000; 850
2023-07-15 14:38:33; hka-aqm-am116;  31.41;  32.75;   436;  1419;  1104;   213;     3;     0;   -93;   -93;   9.5; drag-lps8-05; 4; 7; 125000; 851
2023-07-15 14:38:53; hka-aqm-am116;  31.42;  32.72;   435;  1439;  1226;   244;     2;     0;   -99;   -99;   8.5; drag-lps8-03; 3; 7; 125000; 852
2023-07-15 14:39:34; hka-aqm-am116;  31.45;  32.72;   436;  1409;  1351;   277;     2;     0;   -96;   -96;   7.0; drag-lps8-03; 2; 7; 125000; 853
2023-07-15 14:39:53; hka-aqm-am116;  31.46;  32.72;   436;  1424;  1483;   315;     2;     0;   -99;   -99;   8.5; drag-lps8-03; 0; 7; 125000; 854
2023-07-15 14:42:53; hka-aqm-am116;  31.51;  32.68;   438;  1410;  1405;   292;     4;     0;   -96;   -96;   8.0; drag-lps8-03; 6; 7; 125000; 855
2023-07-15 14:43:33; hka-aqm-am116;  31.50;  32.68;   438;  1443;  1547;   335;     2;     0;   -95;   -95;   6.5; drag-lps8-03; 5; 7; 125000; 856
2023-07-15 14:43:55; hka-aqm-am116;  31.49;  32.68;   438;  1431;  1357;   280;     2;     0;   -90;   -90;   6.8; drag-lps8-05; 2; 7; 125000; 857
2023-07-15 14:44:53; hka-aqm-am116;  31.52;  32.65;   438;  1466;  1441;   300;     3;     0;   -95;   -95;   8.8; drag-lps8-05; 3; 7; 125000; 858
2023-07-15 14:45:33; hka-aqm-am116;  31.52;  32.65;   438;  1376;  1225;   240;     2;     0;   -91;   -91;   8.8; drag-lps8-05; 6; 7; 125000; 859
2023-07-15 14:46:13; hka-aqm-am116;  31.53;  32.65;   438;  1412;  1419;   293;     2;     0;   -95;   -95;   8.5; drag-lps8-03; 4; 7; 125000; 860
2023-07-15 14:46:33; hka-aqm-am116;  31.53;  32.62;   438;  1398;  1532;   325;     2;     0;   -93;   -93;   7.5; drag-lps8-05; 5; 7; 125000; 861
2023-07-15 14:46:53; hka-aqm-am116;  31.53;  32.62;   438;  1426;  1475;   309;     2;     0;   -89;   -89;   8.0; drag-lps8-05; 1; 7; 125000; 862
2023-07-15 14:47:14; hka-aqm-am116;  31.54;  32.62;   438;  1445;  1337;   271;     1;     0;   -97;   -97;   8.0; drag-lps8-03; 7; 7; 125000; 863
2023-07-15 14:47:33; hka-aqm-am116;  31.56;  32.62;   438;  1464;  1445;   302;     2;     0;   -99;   -99;   9.0; drag-lps8-03; 0; 7; 125000; 864
2023-07-15 14:47:54; hka-aqm-am116;  31.57;  32.62;   438;  1441;  1245;   244;     2;     0;   -97;   -97;   9.2; drag-lps8-03; 4; 7; 125000; 865
2023-07-15 14:48:33; hka-aqm-am116;  31.58;  32.62;   442;  1443;  1553;   329;     2;     0;   -99;   -99;   7.2; drag-lps8-03; 2; 7; 125000; 866
2023-07-15 14:49:13; hka-aqm-am116;  31.58;  32.58;   439;  1454;  1440;   297;     2;     0;   -99;   -99;   9.2; drag-lps8-03; 0; 7; 125000; 867
2023-07-15 14:49:53; hka-aqm-am116;  31.62;  32.58;   442;  1456;  1512;   319;     1;     0;   -95;   -95;   9.5; drag-lps8-05; 7; 7; 125000; 868
2023-07-15 14:50:34; hka-aqm-am116;  31.63;  32.58;   444;  1457;  1154;   224;     2;     0;   -95;   -95;  10.0; drag-lps8-05; 3; 7; 125000; 869
2023-07-15 14:51:14; hka-aqm-am116;  31.61;  32.52;   440;  1457;  1181;   231;     2;     0;   -91;   -91;  10.0; drag-lps8-05; 1; 7; 125000; 870
2023-07-15 14:51:53; hka-aqm-am116;  31.63;  32.55;   437;  1448;  1414;   294;     2;     0;   -90;   -90;   8.5; drag-lps8-05; 6; 7; 125000; 871
2023-07-15 14:52:33; hka-aqm-am116;  31.65;  32.52;   437;  1460;  1490;   312;     2;     0;   -93;   -93;   7.2; drag-lps8-05; 5; 7; 125000; 872
2023-07-15 14:52:53; hka-aqm-am116;  31.66;  32.52;   438;  1462;  1405;   289;     2;     0;   -97;   -97;   9.0; drag-lps8-03; 1; 7; 125000; 873
2023-07-15 14:53:52; hka-aqm-am116;  31.65;  32.52;   442;  1461;  1249;   250;     3;     0;   -91;   -91;   9.2; drag-lps8-05; 6; 7; 125000; 874
2023-07-15 14:54:33; hka-aqm-am116;  31.68;  32.48;   438;  1464;  1531;   323;     3;     0;   -97;   -97;   8.8; drag-lps8-03; 3; 7; 125000; 875
2023-07-15 14:55:12; hka-aqm-am116;  31.70;  32.48;   442;  1460;  1232;   243;     3;     0;   -91;   -91;   7.0; drag-lps8-05; 2; 7; 125000; 876
2023-07-15 14:55:54; hka-aqm-am116;  31.70;  32.45;   439;  1472;  1645;   351;     2;     0;   -93;   -93;   7.0; drag-lps8-05; 5; 7; 125000; 877
2023-07-15 14:56:13; hka-aqm-am116;  31.71;  32.45;   438;  1450;  1586;   334;     2;     0;   -99;   -99;   8.8; drag-lps8-03; 0; 7; 125000; 878
2023-07-15 14:56:52; hka-aqm-am116;  31.72;  32.45;   441;  1441;  1288;   254;     2;     0;   -96;   -96;   7.8; drag-lps8-03; 7; 7; 125000; 879
2023-07-15 14:57:13; hka-aqm-am116;  31.70;  32.45;   439;  1453;  1361;   271;     2;     0;   -90;   -90;   8.8; drag-lps8-05; 4; 7; 125000; 880
2023-07-15 14:57:52; hka-aqm-am116;  31.72;  32.45;   441;  1444;  1543;   321;     1;     0;   -90;   -90;   8.2; drag-lps8-05; 1; 7; 125000; 881
2023-07-15 14:58:13; hka-aqm-am116;  31.73;  32.42;   440;  1447;  1627;   348;     1;     0;   -97;   -97;   8.8; drag-lps8-03; 4; 7; 125000; 882
2023-07-15 14:58:54; hka-aqm-am116;  31.74;  32.42;   440;  1469;  1450;   303;     2;     0;   -95;   -95;   9.2; drag-lps8-05; 7; 7; 125000; 883
2023-07-15 14:59:13; hka-aqm-am116;  31.76;  32.38;   440;  1468;  1547;   330;     4;     0;   -90;   -90;   7.2; drag-lps8-05; 5; 7; 125000; 884
2023-07-15 14:59:33; hka-aqm-am116;  31.78;  32.38;   439;  1460;  1400;   290;     4;     0;   -91;   -91;   8.5; drag-lps8-05; 6; 7; 125000; 885
2023-07-15 15:00:52; hka-aqm-am116;  31.77;  32.38;   443;  1498;  1214;   242;     2;     0;   -89;   -89;   6.2; drag-lps8-05; 2; 7; 125000; 886
2023-07-15 15:01:13; hka-aqm-am116;  31.78;  32.35;   442;  1513;  1139;   222;     2;     0;   -95;   -95;   9.0; drag-lps8-05; 3; 7; 125000; 887
2023-07-15 15:04:13; hka-aqm-am116;  31.83;  32.28;   438;  1459;  1270;   255;     2;     0;   -90;   -90;   8.0; drag-lps8-05; 0; 7; 125000; 888
2023-07-15 15:04:33; hka-aqm-am116;  31.85;  32.28;   438;  1400;  1095;   209;     2;     0;   -91;   -91;   8.2; drag-lps8-05; 6; 7; 125000; 889
2023-07-15 15:04:53; hka-aqm-am116;  31.86;  32.25;   438;  1431;  1524;   324;     2;     0;   -90;   -90;   8.8; drag-lps8-05; 1; 7; 125000; 891
2023-07-15 15:05:13; hka-aqm-am116;  31.88;  32.25;   438;  1451;  1201;   237;     5;     0;   -90;   -90;   6.8; drag-lps8-05; 2; 7; 125000; 892
2023-07-15 15:05:54; hka-aqm-am116;  31.86;  32.25;   441;  1462;  1546;   327;     5;     0;   -93;   -93;   8.8; drag-lps8-05; 4; 7; 125000; 893
2023-07-15 15:06:13; hka-aqm-am116;  31.88;  32.25;   440;  1474;  1326;   270;     3;     0;   -91;   -91;   6.8; drag-lps8-05; 5; 7; 125000; 894
2023-07-15 15:06:52; hka-aqm-am116;  31.88;  32.25;   442;  1472;  1549;   330;     1;     0;   -95;   -95;   9.5; drag-lps8-05; 3; 7; 125000; 895
2023-07-15 15:07:34; hka-aqm-am116;  31.89;  32.21;   444;  1475;  1079;   205;     4;     0;   -99;   -99;   9.2; drag-lps8-03; 0; 7; 125000; 896
2023-07-15 15:09:34; hka-aqm-am116;  31.94;  32.18;   440;  1469;  1232;   238;     4;     0;   -96;   -96;   8.8; drag-lps8-03; 4; 7; 125000; 897
2023-07-15 15:10:32; hka-aqm-am116;  31.95;  32.18;   442;  1392;  1690;   358;     3;     0;   -95;   -95;   8.8; drag-lps8-05; 3; 7; 125000; 898
2023-07-15 15:10:53; hka-aqm-am116;  31.96;  32.18;   439;  1434;  1422;   290;     3;     0;   -97;   -97;   8.2; drag-lps8-03; 0; 7; 125000; 899
2023-07-15 15:11:14; hka-aqm-am116;  31.97;  32.11;   438;  1435;  1661;   356;     3;     0;   -91;   -91;   8.0; drag-lps8-05; 6; 7; 125000; 900
2023-07-15 15:12:54; hka-aqm-am116;  32.00;  32.11;   438;  1506;  1239;   257;     3;     0;   -97;   -97;   7.0; drag-lps8-03; 5; 7; 125000; 901
2023-07-15 15:13:14; hka-aqm-am116;  32.01;  32.08;   437;  1496;  1504;   331;     2;     0;   -96;   -96;   8.8; drag-lps8-03; 7; 7; 125000; 902
2023-07-15 15:13:54; hka-aqm-am116;  32.02;  32.05;   440;  1494;  1294;   277;     3;     0;   -91;   -91;   9.2; drag-lps8-05; 1; 7; 125000; 903
2023-07-15 15:14:33; hka-aqm-am116;  32.01;  32.05;   444;  1500;  1027;   210;     2;     0;   -91;   -91;   7.0; drag-lps8-05; 2; 7; 125000; 904
2023-07-15 15:14:53; hka-aqm-am116;  32.04;  32.05;   443;  1494;   954;   192;     1;     0;   -93;   -93;   9.5; drag-lps8-05; 1; 7; 125000; 905
2023-07-15 15:23:33; hka-aqm-am116;  32.17;  31.84;   441;  1491;   966;   206;     4;     0;   -96;   -96;   8.5; drag-lps8-03; 4; 7; 125000; 906
2023-07-15 15:23:54; hka-aqm-am116;  32.18;  31.84;   441;  1484;   884;   185;     2;     0;   -95;   -95;   9.0; drag-lps8-05; 3; 7; 125000; 907
2023-07-15 15:27:54; hka-aqm-am116;  32.22;  31.78;   441;  1510;   723;   153;     3;     0;   -93;   -93;   7.8; drag-lps8-05; 5; 7; 125000; 908
2023-07-15 15:43:00; hka-aqm-am116;  32.30;  31.64;   441;  1448;   410;    90;     4;     0;   -97;   -97;   9.8; drag-lps8-03; 6; 7; 125000; 909
2023-07-15 15:49:34; hka-aqm-am116;  32.29;  31.61;   442;  1496;   797;   161;     4;     0;   -91;   -91;   6.5; drag-lps8-05; 2; 7; 125000; 910
2023-07-15 15:49:53; hka-aqm-am116;  32.30;  31.61;   441;  1506;   848;   171;     2;     0;   -95;   -95;  10.2; drag-lps8-05; 0; 7; 125000; 911
2023-07-15 15:51:14; hka-aqm-am116;  32.30;  31.61;   438;  1542;  1047;   207;     2;     0;   -97;   -97;   8.5; drag-lps8-03; 7; 7; 125000; 912
2023-07-15 15:52:53; hka-aqm-am116;  32.31;  31.58;   438;  1486;  1302;   264;     2;     0;   -91;   -91;   6.8; drag-lps8-05; 5; 7; 125000; 913
2023-07-15 15:53:13; hka-aqm-am116;  32.33;  31.58;   438;  1510;  1196;   238;     1;     0;   -95;   -95;  10.0; drag-lps8-05; 0; 7; 125000; 914
2023-07-15 15:53:53; hka-aqm-am116;  32.32;  31.58;   438;  1501;  1281;   260;     1;     0;   -91;   -91;   6.8; drag-lps8-05; 2; 7; 125000; 915
2023-07-15 15:54:32; hka-aqm-am116;  32.31;  31.58;   441;  1495;  1221;   242;     2;     0;   -95;   -95;   9.5; drag-lps8-05; 3; 7; 125000; 916
2023-07-15 15:57:32; hka-aqm-am116;  32.33;  31.58;   443;  1507;  1332;   266;     1;     0;   -99;   -99;   9.2; drag-lps8-03; 7; 7; 125000; 917
2023-07-15 15:57:53; hka-aqm-am116;  32.33;  31.58;   440;  1506;  1632;   346;     3;     0;   -97;   -97;   8.5; drag-lps8-03; 1; 7; 125000; 918
2023-07-15 15:58:14; hka-aqm-am116;  32.34;  31.58;   438;  1413;  1224;   243;     3;     0;   -93;   -93;   9.8; drag-lps8-05; 6; 7; 125000; 919
2023-07-15 15:58:54; hka-aqm-am116;  32.33;  31.58;   436;  1446;  1800;   391;     1;     0;   -97;   -97;   9.5; drag-lps8-03; 4; 7; 125000; 920
2023-07-15 15:59:33; hka-aqm-am116;  32.35;  31.58;   435;  1469;  1565;   330;     1;     0;   -99;   -99;   9.0; drag-lps8-03; 3; 7; 125000; 921
2023-07-15 15:59:53; hka-aqm-am116;  32.34;  31.58;   435;  1490;  1378;   278;     2;     0;   -97;   -97;   9.2; drag-lps8-03; 4; 7; 125000; 922
2023-07-15 16:00:33; hka-aqm-am116;  32.35;  31.58;   440;  1487;  1271;   252;     2;     0;   -93;   -93;   9.8; drag-lps8-05; 0; 7; 125000; 923
2023-07-15 16:01:54; hka-aqm-am116;  32.36;  31.58;   440;  1506;  1338;   274;     2;     0;   -99;   -99;   9.0; drag-lps8-03; 7; 7; 125000; 924
2023-07-15 16:02:33; hka-aqm-am116;  32.38;  31.54;   438;  1467;  1219;   246;     2;     0;   -91;   -91;   6.8; drag-lps8-05; 5; 7; 125000; 925
2023-07-15 16:02:53; hka-aqm-am116;  32.37;  31.54;   437;  1448;  1351;   281;     2;     0;   -91;   -91;   9.2; drag-lps8-05; 6; 7; 125000; 926
2023-07-15 16:03:13; hka-aqm-am116;  32.40;  31.51;   436;  1465;  1426;   305;     3;     0;   -97;   -97;   8.5; drag-lps8-03; 1; 7; 125000; 927
2023-07-15 16:03:33; hka-aqm-am116;  32.38;  31.54;   435;  1467;  1138;   231;     3;     0;   -99;   -99;   7.0; drag-lps8-03; 2; 7; 125000; 928
2023-07-15 16:05:13; hka-aqm-am116;  32.40;  31.51;   435;  1460;   941;   190;     4;     0;   -93;   -93;   8.2; drag-lps8-05; 6; 7; 125000; 929
2023-07-15 16:05:53; hka-aqm-am116;  32.40;  31.51;   439;  1436;   840;   170;     2;     0;   -91;   -91;   7.2; drag-lps8-05; 2; 7; 125000; 930
2023-07-15 16:06:13; hka-aqm-am116;  32.41;  31.51;   436;  1456;   776;   157;     2;     0;   -91;   -91;   6.8; drag-lps8-05; 5; 7; 125000; 931
2023-07-15 16:08:13; hka-aqm-am116;  32.42;  31.51;   438;  1399;   584;   119;     3;     0;   -99;   -99;   8.5; drag-lps8-03; 3; 7; 125000; 932
2023-07-15 16:11:13; hka-aqm-am116;  32.44;  31.47;   437;  1476;   385;    81;     4;     0;   -93;   -93;   9.5; drag-lps8-05; 4; 7; 125000; 933
2023-07-15 16:26:20; hka-aqm-am116;  32.44;  31.44;   444;  1437;   144;    32;     4;     0;   -93;   -93;   9.2; drag-lps8-05; 0; 7; 125000; 934
2023-07-15 16:41:26; hka-aqm-am116;  32.33;  31.58;   441;  1434;   229;    49;     2;     0;   -97;   -97;   8.2; drag-lps8-03; 1; 7; 125000; 935
2023-07-15 16:48:52; hka-aqm-am116;  32.27;  31.58;   439;  1463;   649;   131;     4;     1;   -97;   -97;   8.2; drag-lps8-03; 7; 7; 125000; 936
2023-07-15 16:49:13; hka-aqm-am116;  32.26;  31.64;   437;  1466;   777;   155;     3;     0;   -91;   -91;   6.5; drag-lps8-05; 2; 7; 125000; 937
2023-07-15 16:49:34; hka-aqm-am116;  32.26;  31.61;   437;  1485;   861;   172;     3;     0;   -93;   -93;   8.2; drag-lps8-05; 3; 7; 125000; 938
2023-07-15 16:49:53; hka-aqm-am116;  32.26;  31.58;   437;  1483;   932;   183;     3;     0;   -93;   -93;   8.5; drag-lps8-05; 4; 7; 125000; 939
2023-07-15 16:50:13; hka-aqm-am116;  32.25;  31.61;   437;  1485;  1012;   198;     3;     0;   -93;   -93;   7.0; drag-lps8-05; 5; 7; 125000; 940
2023-07-15 16:50:34; hka-aqm-am116;  32.26;  31.64;   437;  1463;  1103;   215;     2;     0;   -96;   -96;   8.0; drag-lps8-03; 6; 7; 125000; 941
2023-07-15 16:51:12; hka-aqm-am116;  32.25;  31.61;   441;  1458;  1213;   236;     2;     0;   -91;   -91;   9.5; drag-lps8-05; 1; 7; 125000; 942
2023-07-15 16:51:52; hka-aqm-am116;  32.24;  31.64;   444;  1427;  1394;   272;     2;     0;   -95;   -95;   9.8; drag-lps8-05; 7; 7; 125000; 943
2023-07-15 16:52:32; hka-aqm-am116;  32.38;  31.58;   445;  1443;  1530;   300;     1;     0;   -97;   -97;   9.2; drag-lps8-03; 0; 7; 125000; 944
2023-07-15 16:52:53; hka-aqm-am116;  32.30;  31.58;   441;  1505;  1734;   342;     0;     0;   -95;   -95;   9.0; drag-lps8-05; 7; 7; 125000; 945
2023-07-15 16:53:13; hka-aqm-am116;  32.34;  31.58;   439;  1500;  1967;   399;     3;     0;   -93;   -93;   7.0; drag-lps8-05; 2; 7; 125000; 946
2023-07-15 16:53:52; hka-aqm-am116;  32.52;  31.41;   441;  1484;  2843;   614;     3;     0;   -95;   -95;   8.0; drag-lps8-03; 4; 7; 125000; 947
2023-07-15 16:54:13; hka-aqm-am116;  32.57;  31.20;   439;  1431;  3270;   706;     2;     0;   -97;   -97;   9.2; drag-lps8-03; 0; 7; 125000; 948
2023-07-15 16:54:33; hka-aqm-am116;  32.61;  31.17;   438;  1446;  2951;   623;     2;     0;   -93;   -93;   6.8; drag-lps8-05; 5; 7; 125000; 949
2023-07-15 16:54:54; hka-aqm-am116;  32.62;  31.10;   438;  1459;  3821;   819;     0;     0;   -97;   -97;   9.0; drag-lps8-03; 6; 7; 125000; 950
2023-07-15 16:55:13; hka-aqm-am116;  32.62;  31.14;   438;  1466;  2388;   487;     0;     0;   -97;   -97;   8.5; drag-lps8-03; 1; 7; 125000; 951
2023-07-15 16:55:33; hka-aqm-am116;  32.68;  31.04;   437;  1457;  4491;   959;     0;     0;   -97;   -97;   9.0; drag-lps8-03; 3; 7; 125000; 952
2023-07-15 16:55:53; hka-aqm-am116;  32.58;  31.10;   437;  1465;  2140;   425;     2;     0;   -89;   -89;   8.8; drag-lps8-05; 1; 7; 125000; 953
2023-07-15 16:56:32; hka-aqm-am116;  32.52;  31.24;   440;  1479;  1630;   310;     3;     0;   -93;   -93;   6.5; drag-lps8-05; 5; 7; 125000; 954
2023-07-15 16:56:54; hka-aqm-am116;  32.53;  31.31;   438;  1470;  3149;   654;     3;     0;   -99;   -99;   9.0; drag-lps8-03; 7; 7; 125000; 955
2023-07-15 16:57:13; hka-aqm-am116;  32.63;  31.17;   437;  1471;  1621;   301;     1;     0;   -89;   -89;   8.0; drag-lps8-05; 6; 7; 125000; 956
2023-07-15 16:57:34; hka-aqm-am116;  32.60;  31.27;   436;  1473;  1515;   278;     1;     0;   -93;   -93;   8.5; drag-lps8-05; 3; 7; 125000; 957
2023-07-15 16:58:13; hka-aqm-am116;  32.53;  31.37;   440;  1486;  2107;   406;     3;     0;   -95;   -95;   8.2; drag-lps8-03; 4; 7; 125000; 958
2023-07-15 16:58:53; hka-aqm-am116;  32.84;  30.97;   443;  1481;  4330;   911;     3;     0;   -91;   -91;   8.2; drag-lps8-05; 0; 7; 125000; 959
2023-07-15 16:59:13; hka-aqm-am116;  32.95;  30.83;   441;  1454;  4445;   930;     2;     0;   -91;   -91;   7.0; drag-lps8-05; 2; 7; 125000; 960
2023-07-15 17:00:53; hka-aqm-am116;  33.19;  30.46;   441;  1494;  4279;   896;     2;     1;   -96;   -96;   8.5; drag-lps8-03; 4; 7; 125000; 961
2023-07-15 17:01:13; hka-aqm-am116;  33.18;  30.46;   440;  1501;  4117;   867;     2;     1;   -97;   -97;   8.2; drag-lps8-03; 3; 7; 125000; 962
2023-07-15 17:02:52; hka-aqm-am116;  33.22;  30.56;   442;  1498;  4028;   841;     2;     0;   -91;   -91;   9.0; drag-lps8-05; 1; 7; 125000; 963
2023-07-15 17:03:12; hka-aqm-am116;  33.16;  30.63;   441;  1519;  3920;   817;     2;     0;   -97;   -97;   8.8; drag-lps8-03; 6; 7; 125000; 964
2023-07-15 17:03:32; hka-aqm-am116;  33.14;  30.70;   441;  1521;  3732;   775;     2;     0;   -97;   -97;   6.8; drag-lps8-03; 5; 7; 125000; 965
2023-07-15 17:03:54; hka-aqm-am116;  32.96;  30.83;   441;  1497;  2397;   486;     1;     0;   -97;   -97;   7.0; drag-lps8-03; 2; 7; 125000; 966
2023-07-15 17:04:13; hka-aqm-am116;  32.92;  30.94;   441;  1494;  1883;   377;     1;     0;   -96;   -96;   8.2; drag-lps8-03; 0; 7; 125000; 967
2023-07-15 17:04:53; hka-aqm-am116;  32.89;  31.00;   445;  1498;  2047;   411;     2;     0;   -91;   -91;   8.5; drag-lps8-05; 7; 7; 125000; 968
2023-07-15 17:05:13; hka-aqm-am116;  32.90;  31.04;   444;  1498;  1822;   362;     2;     0;   -96;   -96;   6.8; drag-lps8-03; 5; 7; 125000; 969
2023-07-15 17:05:34; hka-aqm-am116;  32.90;  31.04;   443;  1552;  1629;   321;     1;     0;   -99;   -99;   8.5; drag-lps8-03; 3; 7; 125000; 970
2023-07-15 17:06:53; hka-aqm-am116;  32.97;  30.97;   443;  1505;  1531;   300;     2;     0;   -90;   -90;   7.2; drag-lps8-05; 2; 7; 125000; 971
2023-07-15 17:21:59; hka-aqm-am116;  33.12;  30.70;   444;  1476;  1134;   220;     4;     1;   -97;   -97;   9.5; drag-lps8-03; 1; 7; 125000; 972
2023-07-15 17:22:34; hka-aqm-am116;  33.16;  30.70;   442;  1469;  1080;   208;     4;     1;   -93;   -93;   9.8; drag-lps8-05; 4; 7; 125000; 973
2023-07-15 17:29:53; hka-aqm-am116;  33.19;  30.77;   442;  1517;  1112;   216;     2;     0;   -93;   -93;   9.2; drag-lps8-05; 0; 7; 125000; 974
2023-07-15 17:31:13; hka-aqm-am116;  33.16;  30.77;   444;  1523;  1064;   205;     2;     0;   -95;   -95;  10.0; drag-lps8-05; 7; 7; 125000; 975
2023-07-15 17:31:52; hka-aqm-am116;  33.18;  30.77;   447;  1450;  1004;   192;     2;     0;   -97;   -97;   9.0; drag-lps8-03; 6; 7; 125000; 976
2023-07-15 17:46:58; hka-aqm-am116;  33.31;  30.83;   442;  1529;   860;   158;     3;     0;   -93;   -93;   8.8; drag-lps8-05; 7; 7; 125000; 977
2023-07-15 18:02:04; hka-aqm-am116;  33.42;  30.83;   448;  1606;   786;   140;     3;     0;   -97;   -97;   8.2; drag-lps8-03; 3; 7; 125000; 978
2023-07-15 18:17:10; hka-aqm-am116;  33.53;  30.77;   450;  1458;   754;   136;     2;     0;   -99;   -99;   9.0; drag-lps8-03; 0; 7; 125000; 979
2023-07-15 18:32:17; hka-aqm-am116;  33.61;  30.70;   455;  1551;   667;   119;     5;     0;   -93;   -93;   7.8; drag-lps8-05; 5; 7; 125000; 980
2023-07-15 18:47:23; hka-aqm-am116;  33.63;  30.63;   446;  1512;   624;   112;     0;     1;   -96;   -96;   7.5; drag-lps8-03; 6; 7; 125000; 981
2023-07-15 19:02:29; hka-aqm-am116;  33.64;  30.63;   441;  1576;   528;    94;     2;     1;   -89;   -89;   6.8; drag-lps8-05; 2; 7; 125000; 982
2023-07-15 19:14:54; hka-aqm-am116;  33.58;  30.60;   446;  1548;   404;    66;     5;     2;   -91;   -91;   9.5; drag-lps8-05; 4; 7; 125000; 983
2023-07-15 19:15:13; hka-aqm-am116;  33.59;  30.60;   445;  1542;   468;    87;     1;     1;   -97;   -97;   8.8; drag-lps8-03; 1; 7; 125000; 984
2023-07-15 19:30:19; hka-aqm-am116;  33.50;  30.63;   444;  1583;   529;   106;     3;     3;   -91;   -91;  10.0; drag-lps8-05; 4; 7; 125000; 985
2023-07-15 19:45:25; hka-aqm-am116;  33.39;  30.77;   450;  1506;   254;    53;     4;     1;   -94;   -94;   8.0; drag-lps8-03; 6; 7; 125000; 986
2023-07-15 20:00:34; hka-aqm-am116;  33.22;  30.90;   448;  1543;   222;    48;     4;     3;   -97;   -97;   8.8; drag-lps8-03; 1; 7; 125000; 987
2023-07-15 20:15:40; hka-aqm-am116;  33.04;  31.17;   445;  1534;   139;    30;     4;     3;   -99;   -99;   9.5; drag-lps8-03; 7; 7; 125000; 988
2023-07-15 20:30:47; hka-aqm-am116;  32.84;  31.41;   450;  1517;    61;    14;     4;     0;   -97;   -97;   7.2; drag-lps8-03; 2; 7; 125000; 989
2023-07-15 20:45:54; hka-aqm-am116;  32.63;  31.71;   444;  1564;    34;     6;     4;     3;   -97;   -97;   7.0; drag-lps8-03; 5; 7; 125000; 990
2023-07-15 21:01:00; hka-aqm-am116;  32.44;  31.98;   443;  1514;    11;     1;     4;     3;   -99;   -99;   9.5; drag-lps8-03; 0; 7; 125000; 991
2023-07-15 21:16:06; hka-aqm-am116;  32.28;  32.25;   454;  1542;     9;     1;     4;     1;   -97;   -97;   7.5; drag-lps8-03; 3; 7; 125000; 992
2023-07-15 21:31:12; hka-aqm-am116;  32.12;  32.75;   443;  1516;    12;     3;     5;     3;   -90;   -90;   9.0; drag-lps8-05; 4; 7; 125000; 993
2023-07-15 21:46:19; hka-aqm-am116;  31.96;  33.25;   451;  1500;    12;     3;     5;     3;   -99;   -99;   8.5; drag-lps8-03; 7; 7; 125000; 994
2023-07-15 22:01:25; hka-aqm-am116;  31.79;  33.79;   444;  1462;     9;     1;     1;     0;   -96;   -96;   8.5; drag-lps8-03; 3; 7; 125000; 995
2023-07-15 22:16:33; hka-aqm-am116;  31.60;  34.26;   438;  1473;     9;     1;     5;     3;   -99;   -99;   9.2; drag-lps8-03; 0; 7; 125000; 996
2023-07-15 22:31:39; hka-aqm-am116;  31.45;  34.82;   438;  1458;     9;     1;     5;     3;   -97;   -97;   8.5; drag-lps8-03; 6; 7; 125000; 997
2023-07-15 22:46:45; hka-aqm-am116;  31.30;  35.26;   441;  1435;     9;     1;     4;     0;   -99;   -99;   9.2; drag-lps8-03; 1; 7; 125000; 998
2023-07-15 23:01:54; hka-aqm-am116;  31.16;  35.79;   438;  1457;    11;     2;     5;     3;   -96;   -96;   6.8; drag-lps8-03; 5; 7; 125000; 999
2023-07-15 23:17:00; hka-aqm-am116;  31.02;  36.25;   438;  1443;     9;     1;     5;     3;   -89;   -89;   7.0; drag-lps8-05; 2; 7; 125000; 1000
2023-07-15 23:32:06; hka-aqm-am116;  30.90;  36.55;   439;  1452;    12;     3;     0;     0;   -91;   -91;   9.0; drag-lps8-05; 1; 7; 125000; 1001
2023-07-15 23:47:14; hka-aqm-am116;  30.82;  37.05;   443;  1381;     9;     1;     5;     3;   -96;   -96;   8.5; drag-lps8-03; 6; 7; 125000; 1002
