# Logfile LoRaWAN TTN/TTS V3 logger version hka-log V 1.1
date_time;device_id;tmp;hum;CO2;VOC;vis;IR;WIFI;BLE;rssi;channel_rssi;snr;gateway;channel_index;spreading_factor;bandwidth;f_cnt
2023-01-19 00:08:12; hka-aqm-am001;  22.98;  26.97;   511;   739;    17;     2;     3;    23;  -102;  -102;   6.5; drag-lps8-03; 2; 7; 125000; 261
2023-01-19 00:23:18; hka-aqm-am001;  22.96;  26.97;   510;   697;    17;     2;     2;     0;  -103;  -103;   6.8; drag-lps8-03; 5; 7; 125000; 262
2023-01-19 00:38:27; hka-aqm-am001;  22.97;  26.97;   503;   665;    17;     2;     3;    23;  -105;  -105;   8.0; drag-lps8-03; 1; 7; 125000; 263
2023-01-19 00:53:33; hka-aqm-am001;  22.97;  26.94;   499;   688;    20;     4;     3;    23;  -103;  -103;   7.2; drag-lps8-03; 6; 7; 125000; 264
2023-01-19 01:08:40; hka-aqm-am001;  22.98;  26.90;   493;   662;    18;     2;     1;     0;  -105;  -105;   7.5; drag-lps8-03; 7; 7; 125000; 265
2023-01-19 01:23:47; hka-aqm-am001;  22.97;  26.87;   494;   642;    17;     2;     3;    23;  -107;  -107;   5.8; drag-lps8-03; 3; 7; 125000; 266
2023-01-19 01:38:54; hka-aqm-am001;  22.98;  26.83;   486;   637;    17;     2;     3;    23;  -105;  -105;   6.8; drag-lps8-03; 6; 7; 125000; 267
2023-01-19 01:54:00; hka-aqm-am001;  22.98;  26.83;   483;   601;    20;     4;     1;     0;  -103;  -103;   7.8; drag-lps8-03; 1; 7; 125000; 268
2023-01-19 02:09:08; hka-aqm-am001;  22.99;  26.76;   484;   612;    17;     2;     3;    23;  -106;  -106;   9.0; drag-lps8-03; 0; 7; 125000; 269
2023-01-19 02:24:14; hka-aqm-am001;  22.99;  26.76;   483;   624;    17;     2;     3;    23;  -105;  -105;   8.0; drag-lps8-03; 7; 7; 125000; 270
2023-01-19 02:39:20; hka-aqm-am001;  22.97;  26.70;   485;   615;    19;     4;     1;     0;  -105;  -105;   8.0; drag-lps8-03; 4; 7; 125000; 271
2023-01-19 02:54:26; hka-aqm-am001;  22.97;  26.66;   475;   620;    17;     2;     3;    23;  -105;  -105;   6.5; drag-lps8-03; 5; 7; 125000; 272
2023-01-19 03:09:33; hka-aqm-am001;  22.97;  26.63;   468;   622;    17;     2;     3;    23;  -103;  -103;   6.8; drag-lps8-03; 2; 7; 125000; 273
2023-01-19 03:24:39; hka-aqm-am001;  22.98;  26.59;   468;   604;    19;     4;     1;     0;  -103;  -103;   6.5; drag-lps8-03; 5; 7; 125000; 274
2023-01-19 03:39:48; hka-aqm-am001;  22.98;  26.63;   465;   620;    17;     2;     3;    23;  -105;  -105;   8.0; drag-lps8-03; 6; 7; 125000; 275
2023-01-19 03:54:54; hka-aqm-am001;  22.97;  26.63;   467;   603;    20;     4;     3;    23;  -103;  -103;   6.0; drag-lps8-03; 2; 7; 125000; 276
2023-01-19 04:10:00; hka-aqm-am001;  22.97;  26.56;   461;   614;    17;     2;     1;     0;  -105;  -105;   8.0; drag-lps8-03; 4; 7; 125000; 277
2023-01-19 04:25:08; hka-aqm-am001;  22.97;  26.56;   459;   637;    20;     4;     3;    23;  -103;  -103;   7.8; drag-lps8-03; 1; 7; 125000; 278
2023-01-19 04:40:14; hka-aqm-am001;  22.96;  25.67;   464;   617;    56;     7;     3;    23;  -106;  -106;   6.8; drag-lps8-03; 3; 7; 125000; 279
2023-01-19 04:55:20; hka-aqm-am001;  22.98;  25.47;   455;   576;    56;     6;     2;     0;  -103;  -103;   7.5; drag-lps8-03; 7; 7; 125000; 280
2023-01-19 05:10:28; hka-aqm-am001;  22.98;  25.12;   453;   591;    56;     6;     3;    23;  -105;  -105;   9.0; drag-lps8-03; 0; 7; 125000; 281
2023-01-19 05:25:34; hka-aqm-am001;  23.00;  24.99;   455;   594;    56;     6;     3;    23;  -103;  -103;   7.5; drag-lps8-03; 6; 7; 125000; 282
2023-01-19 05:40:41; hka-aqm-am001;  22.99;  24.85;   455;   606;    56;     6;     1;     0;  -103;  -103;   8.0; drag-lps8-03; 4; 7; 125000; 283
2023-01-19 05:55:48; hka-aqm-am001;  23.06;  25.60;   450;   666;    49;     6;     3;    23;  -104;  -104;   6.5; drag-lps8-03; 3; 7; 125000; 284
2023-01-19 06:10:54; hka-aqm-am001;  23.09;  25.88;   449;   676;    49;     6;     3;    23;  -105;  -105;   6.0; drag-lps8-03; 2; 7; 125000; 285
2023-01-19 06:26:00; hka-aqm-am001;  23.08;  26.12;   447;   687;    17;     2;     1;     0;  -102;  -102;   8.0; drag-lps8-03; 1; 7; 125000; 286
2023-01-19 06:41:07; hka-aqm-am001;  23.06;  25.74;   448;   663;    17;     2;     3;    23;  -106;  -106;   8.8; drag-lps8-03; 7; 7; 125000; 287
2023-01-19 06:56:14; hka-aqm-am001;  23.07;  25.74;   448;   666;    19;     3;     3;    23;  -103;  -103;   9.2; drag-lps8-03; 0; 7; 125000; 288
2023-01-19 07:11:20; hka-aqm-am001;  23.03;  25.95;   446;   665;    17;     2;     0;     0;  -103;  -103;   6.2; drag-lps8-03; 5; 7; 125000; 289
2023-01-19 07:26:28; hka-aqm-am001;  23.03;  26.01;   444;   661;    20;     4;     3;    23;  -103;  -103;   7.2; drag-lps8-03; 6; 7; 125000; 290
2023-01-19 07:41:35; hka-aqm-am001;  23.02;  25.88;   446;   643;    52;     7;     3;    23;  -105;  -105;   8.5; drag-lps8-03; 0; 7; 125000; 291
2023-01-19 07:56:41; hka-aqm-am001;  22.99;  24.51;   449;   601;    54;     8;     0;    10;  -106;  -106;   7.5; drag-lps8-03; 3; 7; 125000; 292
2023-01-19 08:11:49; hka-aqm-am001;  23.04;  25.67;   480;   664;    55;     6;     3;    23;  -103;  -103;   7.5; drag-lps8-03; 7; 7; 125000; 293
2023-01-19 08:26:55; hka-aqm-am001;  23.20;  26.56;   546;   749;    55;     6;     3;    24;  -103;  -103;   6.2; drag-lps8-03; 2; 7; 125000; 294
2023-01-19 08:42:01; hka-aqm-am001;  23.32;  27.31;   649;   802;    59;     9;     2;    15;  -103;  -103;   7.8; drag-lps8-03; 1; 7; 125000; 295
2023-01-19 08:57:09; hka-aqm-am001;  23.50;  27.72;   725;   906;    56;     7;     3;    24;  -103;  -103;   6.2; drag-lps8-03; 5; 7; 125000; 296
2023-01-19 09:12:15; hka-aqm-am001;  23.64;  27.65;   797;   971;    56;     7;     3;    25;  -103;  -103;   8.5; drag-lps8-03; 4; 7; 125000; 297
2023-01-19 09:27:21; hka-aqm-am001;  23.78;  27.68;   879;   995;    70;    10;     1;    30;  -102;  -102;   6.5; drag-lps8-03; 2; 7; 125000; 298
2023-01-19 09:31:08; hka-aqm-am001;  23.83;  29.21;   956;  1065;    58;     9;     3;    35;  -109;  -109;   6.0; drag-lps8-03; 4; 7; 125000; 299
2023-01-19 09:34:07; hka-aqm-am001;  23.84;  26.56;   980;  1038;    59;    11;     2;     7;  -108;  -108;   5.0; drag-lps8-03; 5; 7; 125000; 300
2023-01-19 09:34:28; hka-aqm-am001;  23.84;  26.29;   929;  1011;    57;     9;     2;     7;  -106;  -106;   4.5; drag-lps8-03; 1; 7; 125000; 301
2023-01-19 09:34:48; hka-aqm-am001;  23.84;  26.15;   885;  1019;    57;     9;     0;     7;  -108;  -108;   6.5; drag-lps8-03; 7; 7; 125000; 302
2023-01-19 09:35:08; hka-aqm-am001;  23.84;  25.95;   845;   972;    59;    10;     1;     5;  -109;  -109;   2.8; drag-lps8-03; 3; 7; 125000; 303
2023-01-19 09:35:27; hka-aqm-am001;  23.82;  25.54;   808;   937;    71;    12;     1;     3;  -105;  -105;   8.2; drag-lps8-03; 0; 7; 125000; 304
2023-01-19 09:35:48; hka-aqm-am001;  23.84;  25.47;   775;   906;    72;    12;     1;     3;  -102;  -102;   7.8; drag-lps8-03; 6; 7; 125000; 305
2023-01-19 09:50:54; hka-aqm-am001;  23.77;  25.43;   697;   842;    17;     2;     3;     3;  -105;  -105;   8.2; drag-lps8-03; 0; 7; 125000; 306
2023-01-19 10:06:00; hka-aqm-am001;  23.66;  25.19;   671;   795;    20;     5;     1;     4;  -103;  -103;   7.8; drag-lps8-03; 6; 7; 125000; 307
2023-01-19 10:21:08; hka-aqm-am001;  23.56;  25.12;   641;   792;    18;     3;     3;     4;  -103;  -103;   8.2; drag-lps8-03; 4; 7; 125000; 308
2023-01-19 10:36:14; hka-aqm-am001;  23.46;  24.99;   618;   784;    19;     3;     3;     4;  -103;  -103;   7.8; drag-lps8-03; 1; 7; 125000; 309
2023-01-19 10:51:20; hka-aqm-am001;  23.36;  25.12;   609;   766;    16;     2;     2;     3;  -103;  -103;   7.0; drag-lps8-03; 5; 7; 125000; 310
2023-01-19 11:06:28; hka-aqm-am001;  23.27;  25.19;   610;   762;    17;     3;     3;     5;  -102;  -102;   6.5; drag-lps8-03; 2; 7; 125000; 311
2023-01-19 11:21:34; hka-aqm-am001;  23.19;  25.12;   597;   751;    16;     2;     3;     5;  -105;  -105;   8.2; drag-lps8-03; 7; 7; 125000; 312
2023-01-19 11:36:41; hka-aqm-am001;  23.12;  25.40;   601;   766;    19;     4;     2;     3;  -106;  -106;   7.0; drag-lps8-03; 3; 7; 125000; 313
2023-01-19 11:51:48; hka-aqm-am001;  23.06;  25.40;   606;   761;    16;     2;     3;     5;  -106;  -106;   6.0; drag-lps8-03; 5; 7; 125000; 314
2023-01-19 12:06:54; hka-aqm-am001;  23.02;  25.47;   619;   789;    19;     4;     3;     5;  -105;  -105;   7.5; drag-lps8-03; 7; 7; 125000; 315
2023-01-19 12:22:01; hka-aqm-am001;  22.94;  25.40;   612;   708;    16;     2;     1;     4;  -102;  -102;   7.5; drag-lps8-03; 6; 7; 125000; 316
2023-01-19 12:37:10; hka-aqm-am001;  22.92;  25.60;   623;   763;    17;     3;     3;     6;  -103;  -103;   8.0; drag-lps8-03; 4; 7; 125000; 317
2023-01-19 12:52:16; hka-aqm-am001;  22.90;  25.88;   613;   774;    18;     3;     3;     6;  -105;  -105;   7.0; drag-lps8-03; 3; 7; 125000; 318
2023-01-19 13:07:22; hka-aqm-am001;  22.88;  26.12;   613;   778;    17;     3;     2;     3;  -105;  -105;   5.8; drag-lps8-03; 2; 7; 125000; 319
2023-01-19 13:22:30; hka-aqm-am001;  22.86;  26.29;   603;   783;    16;     2;     3;     6;  -105;  -105;   8.8; drag-lps8-03; 0; 7; 125000; 320
2023-01-19 13:37:36; hka-aqm-am001;  22.84;  26.36;   616;   832;    16;     2;     3;     8;  -106;  -106;   7.0; drag-lps8-03; 1; 7; 125000; 321
2023-01-19 13:52:42; hka-aqm-am001;  22.84;  26.29;   631;   874;    54;     7;     4;    22;  -105;  -105;   8.2; drag-lps8-03; 6; 7; 125000; 322
2023-01-19 14:07:50; hka-aqm-am001;  22.87;  26.36;   635;   900;    58;     7;     5;    28;  -103;  -103;   8.2; drag-lps8-03; 1; 7; 125000; 323
2023-01-19 14:23:03; hka-aqm-am001;  22.93;  26.97;   670;   874;    58;     7;     2;    24;  -107;  -107;   8.0; drag-lps8-03; 7; 7; 125000; 325
2023-01-19 14:38:09; hka-aqm-am001;  23.00;  27.24;   729;   971;    60;     8;     5;    28;  -104;  -104;   7.0; drag-lps8-03; 3; 7; 125000; 326
2023-01-19 14:53:15; hka-aqm-am001;  23.07;  27.31;   743;  1008;    59;     7;     5;    33;  -106;  -106;   6.8; drag-lps8-03; 2; 7; 125000; 327
2023-01-19 15:08:22; hka-aqm-am001;  23.11;  27.31;   775;  1053;    62;     9;     1;    29;  -106;  -106;   6.2; drag-lps8-03; 5; 7; 125000; 328
2023-01-19 15:23:30; hka-aqm-am001;  23.12;  27.24;   791;  1029;    58;     7;     5;    33;  -104;  -104;   8.2; drag-lps8-03; 4; 7; 125000; 329
2023-01-19 15:38:36; hka-aqm-am001;  23.13;  26.83;   829;  1080;    19;     3;     5;    33;  -107;  -107;   6.8; drag-lps8-03; 1; 7; 125000; 330
2023-01-19 15:53:43; hka-aqm-am001;  23.10;  27.24;   809;  1069;    18;     2;     2;     9;  -103;  -103;   6.8; drag-lps8-03; 5; 7; 125000; 331
2023-01-19 16:08:50; hka-aqm-am001;  23.00;  27.31;   801;  1049;    19;     3;     5;    33;  -105;  -105;   7.8; drag-lps8-03; 4; 7; 125000; 332
2023-01-19 16:23:56; hka-aqm-am001;  22.88;  27.45;   802;  1059;    17;     2;     5;    33;  -106;  -106;   6.2; drag-lps8-03; 3; 7; 125000; 333
2023-01-19 16:39:03; hka-aqm-am001;  22.76;  27.38;   789;  1056;    16;     2;     2;     4;  -106;  -106;   8.8; drag-lps8-03; 0; 7; 125000; 334
2023-01-19 16:54:10; hka-aqm-am001;  22.66;  27.65;   784;  1095;    16;     2;     5;    33;  -103;  -103;   7.8; drag-lps8-03; 6; 7; 125000; 335
2023-01-19 17:09:16; hka-aqm-am001;  22.54;  27.72;   776;  1082;    18;     4;     5;    33;  -107;  -107;   8.2; drag-lps8-03; 7; 7; 125000; 336
2023-01-19 17:24:22; hka-aqm-am001;  22.45;  27.85;   778;  1076;    18;     4;     1;     1;  -103;  -103;   6.0; drag-lps8-03; 2; 7; 125000; 337
2023-01-19 17:39:31; hka-aqm-am001;  22.35;  27.92;   769;  1113;    16;     2;     5;    33;  -105;  -105;   6.2; drag-lps8-03; 5; 7; 125000; 338
2023-01-19 17:54:37; hka-aqm-am001;  22.25;  28.06;   760;  1095;    18;     4;     5;    33;  -102;  -102;   6.2; drag-lps8-03; 2; 7; 125000; 339
2023-01-19 18:09:43; hka-aqm-am001;  22.15;  27.99;   744;  1071;    16;     2;     0;     2;  -106;  -106;   8.5; drag-lps8-03; 0; 7; 125000; 340
2023-01-19 18:24:51; hka-aqm-am001;  22.06;  28.19;   743;  1068;    18;     4;     5;    33;  -105;  -105;   6.2; drag-lps8-03; 3; 7; 125000; 341
2023-01-19 18:39:57; hka-aqm-am001;  22.00;  28.13;   735;  1080;    16;     2;     5;    33;  -103;  -103;   7.2; drag-lps8-03; 6; 7; 125000; 342
2023-01-19 18:55:03; hka-aqm-am001;  21.94;  28.19;   727;  1074;    16;     2;     2;     0;  -105;  -105;   8.2; drag-lps8-03; 7; 7; 125000; 343
2023-01-19 19:10:11; hka-aqm-am001;  21.88;  28.19;   714;  1084;    16;     2;     5;    33;  -103;  -103;   8.0; drag-lps8-03; 1; 7; 125000; 344
2023-01-19 19:25:17; hka-aqm-am001;  21.82;  28.19;   693;  1057;    16;     2;     5;    33;  -103;  -103;   8.5; drag-lps8-03; 4; 7; 125000; 345
2023-01-19 19:40:23; hka-aqm-am001;  21.76;  28.23;   682;  1057;    16;     2;     0;     0;  -103;  -103;   7.5; drag-lps8-03; 7; 7; 125000; 346
2023-01-19 19:55:31; hka-aqm-am001;  21.73;  28.26;   674;  1050;    16;     2;     5;    33;  -103;  -103;   8.8; drag-lps8-03; 4; 7; 125000; 347
2023-01-19 20:10:37; hka-aqm-am001;  21.67;  28.30;   673;  1033;    16;     2;     5;    33;  -103;  -103;   7.5; drag-lps8-03; 6; 7; 125000; 348
2023-01-19 20:25:44; hka-aqm-am001;  21.62;  28.33;   667;  1089;    18;     4;     1;     0;  -106;  -106;   7.5; drag-lps8-03; 3; 7; 125000; 349
2023-01-19 20:40:51; hka-aqm-am001;  21.59;  28.40;   654;  1072;    16;     2;     5;    33;  -103;  -103;   7.5; drag-lps8-03; 1; 7; 125000; 350
2023-01-19 20:55:57; hka-aqm-am001;  21.55;  28.40;   645;  1036;    16;     2;     5;    33;  -103;  -103;   6.8; drag-lps8-03; 2; 7; 125000; 351
2023-01-19 21:11:03; hka-aqm-am001;  21.51;  28.40;   642;  1087;    16;     2;     0;     0;  -103;  -103;   6.2; drag-lps8-03; 5; 7; 125000; 352
2023-01-19 21:26:11; hka-aqm-am001;  21.48;  28.40;   634;  1038;    16;     2;     5;    33;  -105;  -105;   8.8; drag-lps8-03; 0; 7; 125000; 353
2023-01-19 21:41:17; hka-aqm-am001;  21.45;  28.43;   621;   969;    18;     4;     5;    33;  -106;  -106;   8.0; drag-lps8-03; 4; 7; 125000; 354
2023-01-19 21:56:23; hka-aqm-am001;  21.41;  28.47;   618;   993;    16;     2;     0;     0;  -105;  -105;   8.0; drag-lps8-03; 0; 7; 125000; 355
2023-01-19 22:11:32; hka-aqm-am001;  21.37;  28.47;   610;   974;    16;     2;     5;    33;  -105;  -105;   6.8; drag-lps8-03; 2; 7; 125000; 356
2023-01-19 22:26:38; hka-aqm-am001;  21.36;  28.43;   607;   983;    16;     2;     5;    33;  -107;  -107;   6.8; drag-lps8-03; 3; 7; 125000; 357
2023-01-19 22:41:44; hka-aqm-am001;  21.32;  28.47;   601;   973;    16;     2;     1;     0;  -105;  -105;   6.0; drag-lps8-03; 5; 7; 125000; 358
2023-01-19 22:56:52; hka-aqm-am001;  21.29;  28.50;   595;   961;    16;     2;     5;    33;  -105;  -105;   7.5; drag-lps8-03; 1; 7; 125000; 359
2023-01-19 23:11:58; hka-aqm-am001;  21.27;  28.50;   597;   927;    17;     3;     5;    33;  -104;  -104;   7.2; drag-lps8-03; 7; 7; 125000; 360
2023-01-19 23:27:04; hka-aqm-am001;  21.22;  28.53;   579;   910;    16;     2;     2;     0;  -103;  -103;   7.5; drag-lps8-03; 6; 7; 125000; 361
2023-01-19 23:42:12; hka-aqm-am001;  21.17;  28.57;   577;   885;    16;     2;     5;    33;  -105;  -105;   8.0; drag-lps8-03; 4; 7; 125000; 362
2023-01-19 23:57:18; hka-aqm-am001;  21.14;  28.60;   572;   887;    16;     2;     5;    33;  -106;  -106;   8.8; drag-lps8-03; 0; 7; 125000; 363
