# Logfile LoRaWAN TTN/TTS V3 logger version hka-log V 1.1
date_time;device_id;tmp;hum;CO2;VOC;vis;IR;WIFI;BLE;rssi;channel_rssi;snr;gateway;channel_index;spreading_factor;bandwidth;f_cnt
2023-07-14 00:06:17; hka-aqm-am116;  28.34;  32.78;   445;  1598;     9;     1;     3;     1;   -93;   -93;   9.5; drag-lps8-05; 3; 7; 125000; 340
2023-07-14 00:21:23; hka-aqm-am116;  28.32;  32.92;   446;  1624;     9;     1;     3;     1;   -89;   -89;   8.5; drag-lps8-05; 0; 7; 125000; 341
2023-07-14 00:36:30; hka-aqm-am116;  28.27;  33.05;   445;  1611;     9;     1;     3;     1;   -90;   -90;   8.0; drag-lps8-05; 5; 7; 125000; 342
2023-07-14 00:51:37; hka-aqm-am116;  28.23;  33.19;   437;  1651;    12;     3;     3;     1;   -91;   -91;   9.5; drag-lps8-05; 7; 7; 125000; 343
2023-07-14 01:06:50; hka-aqm-am116;  28.18;  33.25;   443;  1665;     9;     1;     3;     1;   -91;   -91;   8.5; drag-lps8-05; 3; 7; 125000; 345
2023-07-14 01:21:56; hka-aqm-am116;  28.16;  33.39;   437;  1628;    12;     3;     3;     1;   -90;   -90;   7.5; drag-lps8-05; 5; 7; 125000; 346
2023-07-14 01:37:09; hka-aqm-am116;  28.12;  33.52;   435;  1616;     9;     1;     3;     1;   -90;   -90;   9.8; drag-lps8-05; 4; 7; 125000; 348
2023-07-14 01:52:17; hka-aqm-am116;  28.06;  33.66;   443;  1629;     9;     1;     3;     1;   -89;   -89;   9.5; drag-lps8-05; 6; 7; 125000; 349
2023-07-14 02:07:24; hka-aqm-am116;  28.04;  33.79;   439;  1606;     9;     1;     3;     1;  -100;  -100;   9.0; drag-lps8-03; 0; 7; 125000; 350
2023-07-14 02:22:30; hka-aqm-am116;  28.00;  33.92;   439;  1619;     9;     1;     3;     1;   -89;   -89;   9.0; drag-lps8-05; 1; 7; 125000; 351
2023-07-14 02:37:37; hka-aqm-am116;  27.97;  34.06;   438;  1573;    12;     3;     3;     1;   -99;   -99;   6.8; drag-lps8-03; 2; 7; 125000; 352
2023-07-14 02:52:44; hka-aqm-am116;  27.94;  34.19;   435;  1585;     9;     1;     3;     1;   -88;   -88;   6.5; drag-lps8-05; 5; 7; 125000; 353
2023-07-14 03:07:50; hka-aqm-am116;  27.91;  34.32;   432;  1575;     9;     1;     3;     1;   -90;   -90;   8.2; drag-lps8-05; 3; 7; 125000; 354
2023-07-14 03:22:56; hka-aqm-am116;  27.85;  34.46;   439;  1487;    10;     1;     3;     1;   -91;   -91;   9.2; drag-lps8-05; 4; 7; 125000; 355
2023-07-14 03:38:03; hka-aqm-am116;  27.83;  34.59;   435;  1570;     9;     1;     3;     1;   -90;   -90;   9.2; drag-lps8-05; 6; 7; 125000; 356
2023-07-14 03:53:09; hka-aqm-am116;  27.80;  34.72;   436;  1532;     9;     1;     3;     1;   -91;   -91;   8.0; drag-lps8-05; 7; 7; 125000; 357
2023-07-14 04:08:16; hka-aqm-am116;  27.76;  34.86;   436;  1569;     9;     1;     3;     1;   -99;   -99;   6.8; drag-lps8-03; 2; 7; 125000; 358
2023-07-14 04:23:23; hka-aqm-am116;  27.72;  34.99;   441;  1470;     9;     1;     3;     1;   -89;   -89;   9.0; drag-lps8-05; 0; 7; 125000; 359
2023-07-14 04:38:29; hka-aqm-am116;  27.70;  35.12;   439;  1537;    12;     3;     3;     1;   -99;   -99;   8.5; drag-lps8-03; 1; 7; 125000; 360
2023-07-14 04:53:37; hka-aqm-am116;  27.66;  35.26;   435;  1484;    10;     1;     3;     1;   -98;   -98;   7.8; drag-lps8-03; 3; 7; 125000; 361
2023-07-14 05:08:44; hka-aqm-am116;  27.62;  35.39;   438;  1480;    11;     1;     3;     1;   -90;   -90;   9.0; drag-lps8-05; 6; 7; 125000; 362
2023-07-14 05:23:50; hka-aqm-am116;  27.60;  35.49;   441;  1409;    20;     5;     3;     1;   -88;   -88;   7.8; drag-lps8-05; 2; 7; 125000; 363
2023-07-14 05:38:57; hka-aqm-am116;  27.55;  35.59;   438;  1468;    36;     6;     3;     1;   -90;   -90;   9.5; drag-lps8-05; 4; 7; 125000; 364
2023-07-14 05:54:03; hka-aqm-am116;  27.54;  35.69;   439;  1437;    60;    13;     3;     1;  -101;  -101;   9.2; drag-lps8-03; 1; 7; 125000; 365
2023-07-14 06:09:09; hka-aqm-am116;  27.52;  35.76;   438;  1452;    66;    13;     4;     1;   -94;   -94;   7.5; drag-lps8-03; 7; 7; 125000; 366
2023-07-14 06:24:17; hka-aqm-am116;  27.51;  35.86;   446;  1339;    86;    19;     4;     1;   -91;   -91;   9.8; drag-lps8-05; 0; 7; 125000; 367
2023-07-14 06:39:30; hka-aqm-am116;  27.51;  35.89;   442;  1411;   141;    31;     4;     1;   -91;   -91;   9.0; drag-lps8-05; 4; 7; 125000; 369
2023-07-14 06:54:37; hka-aqm-am116;  27.50;  36.79;   470;  1423;   147;    33;     4;     1;   -99;   -99;   8.8; drag-lps8-03; 0; 7; 125000; 370
2023-07-14 07:09:50; hka-aqm-am116;  27.54;  36.72;   479;  1431;   154;    36;     4;     1;   -89;   -89;   6.8; drag-lps8-05; 5; 7; 125000; 372
2023-07-14 07:24:57; hka-aqm-am116;  27.54;  36.59;   463;  1408;   200;    43;     4;     1;   -97;   -97;   8.8; drag-lps8-03; 6; 7; 125000; 373
2023-07-14 07:40:03; hka-aqm-am116;  27.59;  36.52;   461;  1372;   262;    55;     4;     1;   -96;   -96;   8.2; drag-lps8-03; 7; 7; 125000; 374
2023-07-14 07:55:10; hka-aqm-am116;  27.62;  36.45;   461;  1404;   288;    61;     4;     1;   -96;   -96;   8.5; drag-lps8-03; 1; 7; 125000; 375
2023-07-14 08:10:16; hka-aqm-am116;  27.69;  36.39;   459;  1372;   328;    70;     4;     1;   -91;   -91;   7.0; drag-lps8-05; 2; 7; 125000; 376
2023-07-14 08:25:23; hka-aqm-am116;  27.74;  36.32;   462;  1320;   337;    71;     4;     1;   -93;   -93;   8.8; drag-lps8-05; 7; 7; 125000; 377
2023-07-14 08:40:29; hka-aqm-am116;  27.80;  36.29;   453;  1260;   374;    81;     4;     1;   -97;   -97;   8.5; drag-lps8-03; 0; 7; 125000; 378
2023-07-14 08:55:36; hka-aqm-am116;  27.85;  36.22;   458;  1316;   401;    86;     4;     1;   -96;   -96;   6.8; drag-lps8-03; 5; 7; 125000; 379
2023-07-14 09:15:15; hka-aqm-am116;  27.96;  36.12;   451;  1323;   417;    89;     3;     0;   -97;   -97;   8.5; drag-lps8-03; 3; 7; 125000; 381
2023-07-14 09:24:34; hka-aqm-am116;  28.02;  36.06;   454;  1381;   573;   141;     2;     0;   -90;   -90;   7.2; drag-lps8-05; 2; 7; 125000; 382
2023-07-14 09:31:15; hka-aqm-am116;  28.07;  36.02;   451;  1362;   587;   142;     2;     1;   -97;   -97;   8.8; drag-lps8-03; 4; 7; 125000; 383
2023-07-14 09:32:14; hka-aqm-am116;  28.06;  35.99;   454;  1385;   623;   153;     1;     0;   -97;   -97;   8.2; drag-lps8-03; 1; 7; 125000; 384
2023-07-14 09:34:17; hka-aqm-am116;  28.06;  35.99;   450;  1387;   602;   144;     2;     0;   -95;   -95;   9.8; drag-lps8-05; 0; 7; 125000; 385
2023-07-14 09:35:36; hka-aqm-am116;  28.07;  35.99;   451;  1388;   566;   130;     1;     0;   -96;   -96;   7.0; drag-lps8-03; 2; 7; 125000; 386
2023-07-14 09:35:56; hka-aqm-am116;  28.07;  35.99;   450;  1378;   648;   158;     0;     0;   -95;   -95;   9.8; drag-lps8-05; 4; 7; 125000; 387
2023-07-14 09:36:16; hka-aqm-am116;  28.10;  35.99;   450;  1345;   570;   132;     2;     0;   -93;   -93;   9.2; drag-lps8-05; 1; 7; 125000; 388
2023-07-14 09:36:55; hka-aqm-am116;  28.09;  35.99;   449;  1353;   619;   147;     2;     0;   -93;   -93;   9.0; drag-lps8-05; 7; 7; 125000; 389
2023-07-14 09:37:16; hka-aqm-am116;  28.09;  35.99;   449;  1368;   563;   127;     2;     0;   -97;   -97;   8.5; drag-lps8-03; 3; 7; 125000; 390
2023-07-14 09:37:56; hka-aqm-am116;  28.10;  35.96;   449;  1338;   536;   116;     2;     0;   -91;   -91;   6.2; drag-lps8-05; 5; 7; 125000; 391
2023-07-14 09:39:16; hka-aqm-am116;  28.11;  35.99;   451;  1379;   636;   150;     2;     0;   -93;   -93;   9.0; drag-lps8-05; 6; 7; 125000; 392
2023-07-14 09:42:16; hka-aqm-am116;  28.11;  35.92;   452;  1379;   635;   146;     3;     0;   -95;   -95;  10.2; drag-lps8-05; 0; 7; 125000; 394
2023-07-14 09:42:36; hka-aqm-am116;  28.12;  35.92;   451;  1392;   686;   165;     1;     0;   -96;   -96;   6.2; drag-lps8-03; 5; 7; 125000; 395
2023-07-14 09:45:16; hka-aqm-am116;  28.13;  35.86;   453;  1373;   599;   135;     2;     0;   -96;   -96;   8.8; drag-lps8-05; 3; 7; 125000; 396
2023-07-14 09:45:36; hka-aqm-am116;  28.15;  35.89;   452;  1374;   687;   165;     0;     0;   -93;   -93;   7.0; drag-lps8-05; 2; 7; 125000; 397
2023-07-14 09:46:15; hka-aqm-am116;  28.16;  35.86;   450;  1374;   596;   131;     0;     0;   -95;   -95;   9.0; drag-lps8-05; 7; 7; 125000; 398
2023-07-14 09:46:35; hka-aqm-am116;  28.17;  35.86;   450;  1407;   678;   160;     1;     0;  -101;  -101;  10.2; drag-lps8-05; 4; 7; 125000; 399
2023-07-14 10:01:41; hka-aqm-am116;  28.30;  35.72;   450;  1424;   728;   176;     3;     1;   -95;   -95;   8.5; drag-lps8-05; 6; 7; 125000; 400
2023-07-14 10:16:48; hka-aqm-am116;  28.46;  35.59;   446;  1374;   641;   142;     3;     2;   -93;   -93;   8.2; drag-lps8-05; 7; 7; 125000; 401
2023-07-14 10:31:57; hka-aqm-am116;  28.58;  35.42;   457;  1412;   719;   168;     3;     2;  -101;  -101;   9.2; drag-lps8-03; 0; 7; 125000; 402
2023-07-14 10:47:03; hka-aqm-am116;  28.70;  35.29;   445;  1385;   677;   150;     3;     2;   -90;   -90;   8.8; drag-lps8-05; 1; 7; 125000; 403
2023-07-14 11:02:09; hka-aqm-am116;  28.86;  35.12;   444;  1414;   882;   210;     3;     2;   -93;   -93;   8.2; drag-lps8-05; 6; 7; 125000; 404
2023-07-14 11:17:17; hka-aqm-am116;  29.03;  34.96;   444;  1451;   739;   167;     3;     2;   -95;   -95;   9.5; drag-lps8-05; 3; 7; 125000; 405
2023-07-14 11:32:23; hka-aqm-am116;  29.16;  34.79;   450;  1498;   845;   196;     3;     2;   -91;   -91;   7.2; drag-lps8-05; 5; 7; 125000; 406
2023-07-14 11:47:29; hka-aqm-am116;  29.32;  34.59;   445;  1506;   866;   199;     3;     2;   -91;   -91;   7.2; drag-lps8-05; 2; 7; 125000; 407
2023-07-14 12:02:37; hka-aqm-am116;  29.50;  34.46;   444;  1437;   914;   213;     3;     2;   -99;   -99;   9.2; drag-lps8-03; 4; 7; 125000; 408
2023-07-14 12:17:43; hka-aqm-am116;  29.68;  34.26;   447;  1488;   825;   183;     3;     2;   -99;   -99;   8.5; drag-lps8-03; 7; 7; 125000; 409
2023-07-14 12:32:49; hka-aqm-am116;  29.81;  34.06;   453;  1443;   946;   212;     3;     2;   -93;   -93;   8.5; drag-lps8-05; 1; 7; 125000; 410
2023-07-14 12:34:35; hka-aqm-am116;  29.84;  33.99;   446;  1485;   952;   214;     3;     1;   -99;   -99;   8.8; drag-lps8-03; 3; 7; 125000; 411
2023-07-14 12:37:35; hka-aqm-am116;  29.86;  33.99;   442;  1474;   965;   219;     3;     1;   -93;   -93;   7.8; drag-lps8-05; 5; 7; 125000; 412
2023-07-14 12:40:36; hka-aqm-am116;  29.93;  33.96;   441;  1499;   959;   217;     2;     0;   -99;   -99;   6.8; drag-lps8-03; 2; 7; 125000; 413
2023-07-14 12:50:14; hka-aqm-am116;  30.02;  33.82;   444;  1478;  1078;   247;     3;     0;   -99;   -99;   9.2; drag-lps8-03; 4; 7; 125000; 415
2023-07-14 12:53:34; hka-aqm-am116;  30.05;  33.79;   446;  1486;  1008;   227;     2;     0;   -97;   -97;   7.2; drag-lps8-03; 1; 7; 125000; 417
2023-07-14 13:02:15; hka-aqm-am116;  30.16;  33.66;   449;  1498;   927;   206;     3;     1;   -97;   -97;   9.2; drag-lps8-03; 6; 7; 125000; 419
2023-07-14 13:17:22; hka-aqm-am116;  30.34;  33.45;   455;  1471;   926;   207;     3;     2;   -96;   -96;   8.2; drag-lps8-03; 4; 7; 125000; 420
2023-07-14 13:29:55; hka-aqm-am116;  30.48;  33.25;   445;  1506;  1017;   223;     3;     2;   -90;   -90;   9.5; drag-lps8-05; 3; 7; 125000; 421
2023-07-14 13:38:15; hka-aqm-am116;  30.57;  33.12;   445;  1458;   960;   215;     2;     1;   -99;   -99;   6.5; drag-lps8-03; 2; 7; 125000; 422
2023-07-14 13:53:15; hka-aqm-am116;  30.70;  32.92;   444;  1501;  1028;   225;     3;     1;   -93;   -93;   8.8; drag-lps8-05; 7; 7; 125000; 423
2023-07-14 13:53:56; hka-aqm-am116;  30.70;  32.92;   449;  1500;  1131;   257;     1;     0;   -99;   -99;  10.0; drag-lps8-03; 0; 7; 125000; 424
2023-07-14 13:56:36; hka-aqm-am116;  30.74;  32.85;   445;  1498;   942;   207;     2;     0;   -97;   -97;   8.2; drag-lps8-03; 3; 7; 125000; 426
2023-07-14 14:00:15; hka-aqm-am116;  30.76;  32.78;   446;  1481;  1048;   220;     3;     0;   -93;   -93;   6.5; drag-lps8-05; 5; 7; 125000; 427
2023-07-14 14:00:55; hka-aqm-am116;  30.76;  32.78;   449;  1493;  1231;   273;     2;     0;   -93;   -93;   9.5; drag-lps8-05; 7; 7; 125000; 428
2023-07-14 14:05:56; hka-aqm-am116;  30.81;  32.72;   445;  1454;   963;   216;     3;     0;   -95;   -95;   8.8; drag-lps8-03; 4; 7; 125000; 429
2023-07-14 14:06:35; hka-aqm-am116;  30.83;  32.72;   445;  1479;   804;   173;     2;     0;   -91;   -91;   7.2; drag-lps8-05; 2; 7; 125000; 430
2023-07-14 14:07:16; hka-aqm-am116;  30.84;  32.72;   444;  1541;   651;   133;     1;     0;   -91;   -91;   9.5; drag-lps8-05; 1; 7; 125000; 431
2023-07-14 14:13:15; hka-aqm-am116;  30.87;  32.65;   445;  1527;   766;   152;     2;     0;   -99;   -99;   9.5; drag-lps8-03; 0; 7; 125000; 432
2023-07-14 14:13:36; hka-aqm-am116;  30.88;  32.65;   445;  1524;   911;   193;     1;     0;   -95;   -95;  10.0; drag-lps8-05; 7; 7; 125000; 433
2023-07-14 14:26:35; hka-aqm-am116;  30.99;  32.52;   454;  1529;   863;   176;     3;     2;   -95;   -95;   7.2; drag-lps8-05; 5; 7; 125000; 434
2023-07-14 14:27:34; hka-aqm-am116;  31.01;  32.52;   456;  1533;   957;   203;     2;     1;   -95;   -95;   8.0; drag-lps8-03; 1; 7; 125000; 435
2023-07-14 14:28:14; hka-aqm-am116;  31.01;  32.52;   459;  1553;   808;   159;     1;     0;   -93;   -93;   9.2; drag-lps8-05; 6; 7; 125000; 436
2023-07-14 14:28:34; hka-aqm-am116;  31.03;  32.52;   456;  1549;   877;   178;     1;     0;   -99;   -99;   6.8; drag-lps8-03; 2; 7; 125000; 437
2023-07-14 14:29:16; hka-aqm-am116;  31.05;  32.52;   451;  1534;   948;   197;     2;     0;   -99;   -99;   8.2; drag-lps8-03; 3; 7; 125000; 438
2023-07-14 14:30:15; hka-aqm-am116;  31.05;  32.48;   449;  1546;  1021;   216;     2;     0;   -95;   -95;  10.0; drag-lps8-05; 0; 7; 125000; 439
2023-07-14 14:31:15; hka-aqm-am116;  31.06;  32.45;   449;  1561;  1011;   214;     1;     0;   -97;   -97;   7.2; drag-lps8-03; 2; 7; 125000; 441
2023-07-14 14:31:55; hka-aqm-am116;  31.08;  32.45;   448;  1547;   949;   194;     1;     0;   -99;   -99;   9.0; drag-lps8-03; 4; 7; 125000; 442
2023-07-14 14:32:35; hka-aqm-am116;  31.08;  32.45;   448;  1544;   877;   174;     2;     0;   -95;   -95;   9.8; drag-lps8-05; 0; 7; 125000; 444
2023-07-14 14:34:16; hka-aqm-am116;  31.08;  32.45;   451;  1565;   928;   185;     2;     0;   -95;   -95;   7.2; drag-lps8-05; 5; 7; 125000; 445
2023-07-14 14:36:15; hka-aqm-am116;  31.10;  32.45;   454;  1536;  1145;   238;     2;     0;   -91;   -91;   8.8; drag-lps8-05; 1; 7; 125000; 446
2023-07-14 14:36:35; hka-aqm-am116;  31.10;  32.38;   452;  1551;  1240;   264;     0;     0;   -97;   -97;   8.5; drag-lps8-03; 6; 7; 125000; 447
2023-07-14 14:37:56; hka-aqm-am116;  31.13;  32.38;   452;  1545;  1245;   259;     2;     0;   -99;   -99;   9.2; drag-lps8-03; 7; 7; 125000; 448
2023-07-14 14:38:15; hka-aqm-am116;  31.14;  32.38;   452;  1626;  1412;   304;     0;     0;   -96;   -96;   8.0; drag-lps8-03; 3; 7; 125000; 449
2023-07-14 14:39:55; hka-aqm-am116;  31.14;  32.35;   460;  1579;  1264;   257;     1;     1;   -97;   -97;   7.0; drag-lps8-03; 5; 7; 125000; 450
2023-07-14 14:40:36; hka-aqm-am116;  31.15;  32.35;   456;  1520;  1394;   294;     1;     0;   -99;   -99;   8.5; drag-lps8-03; 7; 7; 125000; 451
2023-07-14 14:40:56; hka-aqm-am116;  31.17;  32.38;   456;  1533;  1271;   258;     1;     0;   -91;   -91;   8.2; drag-lps8-05; 1; 7; 125000; 452
2023-07-14 14:41:55; hka-aqm-am116;  31.19;  32.35;   457;  1539;  1383;   290;     2;     1;   -93;   -93;   9.5; drag-lps8-05; 0; 7; 125000; 453
2023-07-14 14:44:56; hka-aqm-am116;  31.21;  32.28;   461;  1508;  1365;   284;     2;     0;   -97;   -97;   8.8; drag-lps8-03; 4; 7; 125000; 454
2023-07-14 14:45:15; hka-aqm-am116;  31.22;  32.25;   458;  1511;  1497;   321;     2;     0;   -91;   -91;   7.5; drag-lps8-05; 2; 7; 125000; 455
2023-07-14 14:45:35; hka-aqm-am116;  31.22;  32.28;   457;  1529;  1566;   340;     2;     0;   -91;   -91;   8.0; drag-lps8-05; 6; 7; 125000; 456
2023-07-14 14:46:15; hka-aqm-am116;  31.24;  32.25;   456;  1531;  1420;   298;     0;     1;   -97;   -97;   6.2; drag-lps8-03; 5; 7; 125000; 457
2023-07-14 14:46:35; hka-aqm-am116;  31.25;  32.25;   456;  1511;  1557;   335;     1;     0;   -99;   -99;   8.5; drag-lps8-03; 3; 7; 125000; 458
2023-07-14 14:47:15; hka-aqm-am116;  31.25;  32.25;   456;  1558;  1250;   252;     1;     1;   -99;   -99;   7.0; drag-lps8-03; 2; 7; 125000; 459
2023-07-14 14:47:35; hka-aqm-am116;  31.26;  32.21;   456;  1563;  1598;   347;     2;     1;   -95;   -95;  10.0; drag-lps8-05; 7; 7; 125000; 460
2023-07-14 14:48:54; hka-aqm-am116;  31.28;  32.18;   457;  1568;  1586;   344;     2;     1;   -97;   -97;   8.5; drag-lps8-03; 1; 7; 125000; 461
2023-07-14 14:49:15; hka-aqm-am116;  31.31;  32.25;   454;  1578;  1425;   300;     1;     0;   -93;   -93;   9.8; drag-lps8-05; 6; 7; 125000; 462
2023-07-14 14:49:55; hka-aqm-am116;  31.31;  32.18;   453;  1513;  1553;   339;     2;     0;   -93;   -93;   9.0; drag-lps8-05; 4; 7; 125000; 463
2023-07-14 14:50:16; hka-aqm-am116;  31.30;  32.18;   454;  1527;  1437;   308;     1;     0;   -99;   -99;   7.0; drag-lps8-03; 5; 7; 125000; 465
2023-07-14 14:50:55; hka-aqm-am116;  31.32;  32.18;   454;  1557;  1275;   264;     1;     0;   -93;   -93;   8.5; drag-lps8-05; 3; 7; 125000; 466
2023-07-14 14:51:34; hka-aqm-am116;  31.33;  32.15;   457;  1559;  1541;   338;     1;     0;   -91;   -91;   8.5; drag-lps8-05; 4; 7; 125000; 468
2023-07-14 14:51:54; hka-aqm-am116;  31.35;  32.11;   457;  1561;  1167;   236;     1;     0;   -96;   -96;   8.5; drag-lps8-05; 7; 7; 125000; 469
2023-07-14 14:52:14; hka-aqm-am116;  31.35;  32.11;   456;  1570;  1535;   339;     1;     1;   -97;   -97;   8.8; drag-lps8-03; 1; 7; 125000; 470
2023-07-14 14:52:34; hka-aqm-am116;  31.37;  32.15;   456;  1523;  1303;   275;     2;     1;   -97;   -97;   6.8; drag-lps8-03; 2; 7; 125000; 471
2023-07-14 14:52:54; hka-aqm-am116;  31.36;  32.11;   456;  1548;  1248;   260;     2;     1;   -93;   -93;   9.0; drag-lps8-05; 6; 7; 125000; 472
2023-07-14 14:53:55; hka-aqm-am116;  31.38;  32.11;   464;  1559;  1412;   301;     2;     1;   -93;   -93;   9.5; drag-lps8-05; 1; 7; 125000; 473
2023-07-14 14:54:16; hka-aqm-am116;  31.39;  32.08;   461;  1586;  1289;   265;     1;     1;   -96;   -96;   8.2; drag-lps8-03; 7; 7; 125000; 474
2023-07-14 14:54:35; hka-aqm-am116;  31.39;  32.08;   459;  1564;  1474;   313;     1;     1;   -93;   -93;   8.8; drag-lps8-05; 0; 7; 125000; 475
2023-07-14 14:55:14; hka-aqm-am116;  31.41;  32.05;   462;  1567;  1415;   298;     2;     1;   -97;   -97;   7.8; drag-lps8-03; 5; 7; 125000; 476
2023-07-14 14:55:36; hka-aqm-am116;  31.41;  32.05;   461;  1596;  1632;   355;     1;     1;   -97;   -97;   9.5; drag-lps8-03; 4; 7; 125000; 477
2023-07-14 14:55:55; hka-aqm-am116;  31.42;  32.05;   460;  1599;  1328;   272;     1;     1;   -91;   -91;   8.0; drag-lps8-05; 6; 7; 125000; 478
2023-07-14 14:56:16; hka-aqm-am116;  31.42;  32.05;   459;  1590;  1452;   305;     1;     0;   -97;   -97;   7.8; drag-lps8-03; 3; 7; 125000; 479
2023-07-14 14:56:55; hka-aqm-am116;  31.43;  32.01;   463;  1588;  1511;   322;     1;     0;   -96;   -96;   6.5; drag-lps8-03; 2; 7; 125000; 480
2023-07-14 14:57:55; hka-aqm-am116;  31.46;  31.98;   461;  1583;  1632;   357;     1;     0;   -95;   -95;   9.2; drag-lps8-05; 0; 7; 125000; 481
2023-07-14 14:58:36; hka-aqm-am116;  31.47;  31.98;   463;  1579;  1406;   300;     3;     1;   -95;   -95;   8.8; drag-lps8-03; 6; 7; 125000; 482
2023-07-14 14:58:55; hka-aqm-am116;  31.49;  31.98;   461;  1588;  1254;   259;     3;     0;   -97;   -97;   8.5; drag-lps8-03; 1; 7; 125000; 483
2023-07-14 14:59:15; hka-aqm-am116;  31.48;  31.98;   459;  1586;  1398;   298;     1;     1;   -97;   -97;   6.8; drag-lps8-03; 5; 7; 125000; 484
2023-07-14 14:59:55; hka-aqm-am116;  31.50;  31.98;   456;  1567;  1253;   261;     1;     1;   -95;   -95;   8.8; drag-lps8-05; 7; 7; 125000; 485
2023-07-14 15:01:15; hka-aqm-am116;  31.53;  31.91;   457;  1574;  1241;   261;     1;     1;   -97;   -97;   7.2; drag-lps8-03; 2; 7; 125000; 487
2023-07-14 15:02:16; hka-aqm-am116;  31.55;  31.91;   460;  1542;  1290;   285;     2;     0;   -99;   -99;   7.5; drag-lps8-03; 2; 7; 125000; 490
2023-07-14 15:02:35; hka-aqm-am116;  31.55;  31.91;   458;  1534;  1202;   264;     1;     0;   -95;   -95;  10.0; drag-lps8-05; 1; 7; 125000; 491
2023-07-14 15:03:15; hka-aqm-am116;  31.56;  31.88;   456;  1555;  1007;   219;     2;     0;   -97;   -97;   6.5; drag-lps8-03; 5; 7; 125000; 492
2023-07-14 15:03:35; hka-aqm-am116;  31.58;  31.84;   456;  1566;   855;   182;     2;     0;   -94;   -94;   9.0; drag-lps8-05; 7; 7; 125000; 493
2023-07-14 15:13:54; hka-aqm-am116;  31.70;  31.64;   462;  1553;  1189;   244;     3;     1;   -99;   -99;   9.2; drag-lps8-03; 0; 7; 125000; 494
2023-07-14 15:14:15; hka-aqm-am116;  31.73;  31.64;   462;  1568;  1602;   352;     2;     0;   -99;   -99;   9.2; drag-lps8-03; 4; 7; 125000; 495
2023-07-14 15:15:35; hka-aqm-am116;  31.74;  31.64;   463;  1570;  1163;   235;     2;     0;   -95;   -95;   9.5; drag-lps8-05; 6; 7; 125000; 496
2023-07-14 15:16:35; hka-aqm-am116;  31.78;  31.64;   463;  1578;  1324;   276;     2;     1;   -92;   -92;   8.8; drag-lps8-05; 0; 7; 125000; 497
2023-07-14 15:17:14; hka-aqm-am116;  31.78;  31.61;   465;  1580;  1442;   305;     1;     0;   -97;   -97;   8.2; drag-lps8-03; 4; 7; 125000; 498
2023-07-14 15:17:34; hka-aqm-am116;  31.79;  31.58;   463;  1602;  1297;   268;     1;     0;  -100;  -100;   8.5; drag-lps8-03; 7; 7; 125000; 499
2023-07-14 15:17:55; hka-aqm-am116;  31.79;  31.58;   461;  1605;  1667;   365;     1;     0;   -95;   -95;   9.0; drag-lps8-05; 1; 7; 125000; 500
2023-07-14 15:21:14; hka-aqm-am116;  31.83;  31.51;   458;  1556;  1559;   338;     2;     1;  -101;  -101;   8.5; drag-lps8-03; 3; 7; 125000; 501
2023-07-14 15:21:35; hka-aqm-am116;  31.84;  31.51;   457;  1556;  1424;   304;     0;     2;   -96;   -96;   6.5; drag-lps8-03; 5; 7; 125000; 502
2023-07-14 15:21:55; hka-aqm-am116;  31.83;  31.51;   456;  1586;  1224;   251;     1;     2;   -99;   -99;   7.2; drag-lps8-03; 2; 7; 125000; 503
2023-07-14 15:22:15; hka-aqm-am116;  31.87;  31.51;   456;  1595;  1429;   307;     1;     0;   -95;   -95;   9.5; drag-lps8-05; 6; 7; 125000; 504
2023-07-14 15:22:35; hka-aqm-am116;  31.87;  31.51;   456;  1596;  1640;   366;     3;     0;   -99;   -99;   8.0; drag-lps8-03; 3; 7; 125000; 505
2023-07-14 15:22:55; hka-aqm-am116;  31.88;  31.51;   456;  1577;  1391;   299;     3;     0;   -99;   -99;   9.8; drag-lps8-03; 6; 7; 125000; 506
2023-07-14 15:23:16; hka-aqm-am116;  31.88;  31.51;   456;  1611;  1482;   328;     2;     0;   -97;   -97;   9.2; drag-lps8-03; 1; 7; 125000; 507
2023-07-14 15:23:54; hka-aqm-am116;  31.87;  31.51;   460;  1622;  1101;   230;     2;     0;   -93;   -93;   8.8; drag-lps8-05; 4; 7; 125000; 508
2023-07-14 15:24:14; hka-aqm-am116;  31.90;  31.51;   458;  1611;  1021;   213;     0;     0;   -99;   -99;   7.0; drag-lps8-03; 5; 7; 125000; 509
2023-07-14 15:24:55; hka-aqm-am116;  31.91;  31.44;   456;  1610;   953;   208;     2;     0;   -97;   -97;   9.0; drag-lps8-05; 7; 7; 125000; 511
2023-07-14 15:25:16; hka-aqm-am116;  31.91;  31.44;   456;  1599;   770;   165;     2;     0;   -99;   -99;   6.0; drag-lps8-03; 1; 7; 125000; 513
2023-07-14 15:26:16; hka-aqm-am116;  31.92;  31.44;   458;  1589;  1213;   287;     1;     1;   -97;   -97;   8.5; drag-lps8-03; 0; 7; 125000; 515
2023-07-14 15:26:55; hka-aqm-am116;  31.92;  31.41;   461;  1594;   791;   179;     2;     1;   -95;   -95;   8.8; drag-lps8-05; 3; 7; 125000; 516
2023-07-14 15:27:15; hka-aqm-am116;  31.96;  31.44;   460;  1594;   671;   148;     1;     1;   -90;   -90;   6.5; drag-lps8-05; 2; 7; 125000; 517
2023-07-14 15:32:15; hka-aqm-am116;  32.03;  31.31;   464;  1635;   921;   191;     3;     1;   -97;   -97;  10.0; drag-lps8-03; 4; 7; 125000; 518
2023-07-14 15:33:16; hka-aqm-am116;  32.01;  31.31;   465;  1609;  1029;   209;     1;     0;   -93;   -93;   6.8; drag-lps8-05; 5; 7; 125000; 519
2023-07-14 15:38:15; hka-aqm-am116;  32.10;  31.20;   464;  1642;  1395;   293;     3;     1;   -97;   -97;   9.2; drag-lps8-03; 6; 7; 125000; 520
2023-07-14 15:38:35; hka-aqm-am116;  32.08;  31.24;   463;  1638;  1680;   367;     1;     0;   -90;   -90;   8.5; drag-lps8-05; 3; 7; 125000; 521
2023-07-14 15:38:55; hka-aqm-am116;  32.08;  31.20;   462;  1636;  1733;   382;     1;     0;  -101;  -101;   8.8; drag-lps8-03; 7; 7; 125000; 522
2023-07-14 15:40:15; hka-aqm-am116;  32.11;  31.17;   465;  1645;  1416;   296;     2;     0;   -99;   -99;   6.5; drag-lps8-03; 2; 7; 125000; 523
2023-07-14 15:40:35; hka-aqm-am116;  32.12;  31.17;   463;  1651;  1234;   251;     2;     0;   -99;   -99;   6.2; drag-lps8-03; 5; 7; 125000; 524
2023-07-14 15:40:56; hka-aqm-am116;  32.12;  31.17;   461;  1647;  1362;   277;     2;     0;   -98;   -98;   8.2; drag-lps8-03; 0; 7; 125000; 525
2023-07-14 15:41:16; hka-aqm-am116;  32.13;  31.17;   460;  1639;  1422;   292;     0;     0;   -99;   -99;   8.5; drag-lps8-03; 1; 7; 125000; 526
2023-07-14 15:41:36; hka-aqm-am116;  32.14;  31.14;   459;  1635;  1843;   400;     0;     0;   -96;   -96;   8.0; drag-lps8-03; 6; 7; 125000; 527
2023-07-14 15:41:55; hka-aqm-am116;  32.14;  31.10;   459;  1591;  1500;   311;     0;     0;   -93;   -93;   9.0; drag-lps8-05; 4; 7; 125000; 528
2023-07-14 15:42:15; hka-aqm-am116;  32.15;  31.10;   460;  1636;  1774;   382;     1;     0;   -97;   -97;   6.5; drag-lps8-03; 5; 7; 125000; 529
2023-07-14 15:43:15; hka-aqm-am116;  32.16;  31.10;   460;  1651;  1541;   323;     1;     0;   -96;   -96;   8.2; drag-lps8-03; 3; 7; 125000; 530
2023-07-14 15:43:36; hka-aqm-am116;  32.16;  31.10;   460;  1644;  1723;   370;     2;     0;   -91;   -91;   8.8; drag-lps8-05; 6; 7; 125000; 531
2023-07-14 15:46:35; hka-aqm-am116;  32.20;  31.10;   466;  1614;  1522;   327;     2;     0;   -91;   -91;   8.5; drag-lps8-05; 0; 7; 125000; 532
2023-07-14 15:47:35; hka-aqm-am116;  32.23;  31.10;   465;  1601;  1141;   231;     1;     0;   -97;   -97;  10.8; drag-lps8-03; 4; 7; 125000; 533
2023-07-14 15:47:55; hka-aqm-am116;  32.24;  31.10;   465;  1622;  1426;   306;     2;     0;   -99;   -99;   8.2; drag-lps8-03; 7; 7; 125000; 534
2023-07-14 15:48:15; hka-aqm-am116;  32.25;  31.10;   466;  1651;  1065;   214;     2;     0;  -101;  -101;   7.0; drag-lps8-03; 2; 7; 125000; 536
2023-07-14 15:48:56; hka-aqm-am116;  32.25;  31.10;   470;  1658;   798;   148;     3;     0;   -99;   -99;   7.0; drag-lps8-03; 5; 7; 125000; 537
2023-07-14 15:49:15; hka-aqm-am116;  32.26;  31.10;   469;  1682;   888;   169;     3;     0;   -99;   -99;   8.8; drag-lps8-03; 6; 7; 125000; 538
2023-07-14 15:50:16; hka-aqm-am116;  32.28;  31.04;   472;  1671;  1073;   215;     1;     0;   -97;   -97;   8.5; drag-lps8-03; 7; 7; 125000; 540
2023-07-14 15:50:35; hka-aqm-am116;  32.28;  31.04;   470;  1650;   803;   147;     1;     0;   -93;   -93;   8.2; drag-lps8-05; 0; 7; 125000; 541
2023-07-14 15:50:55; hka-aqm-am116;  32.29;  31.04;   469;  1644;   950;   184;     0;     0;   -97;   -97;   9.8; drag-lps8-03; 4; 7; 125000; 542
2023-07-14 15:51:15; hka-aqm-am116;  32.30;  31.04;   468;  1643;  1272;   264;     2;     0;   -91;   -91;   8.5; drag-lps8-05; 3; 7; 125000; 543
2023-07-14 15:51:36; hka-aqm-am116;  32.32;  31.00;   468;  1674;  1341;   283;     2;     0;   -90;   -90;   7.0; drag-lps8-05; 2; 7; 125000; 544
2023-07-14 15:52:15; hka-aqm-am116;  32.33;  31.00;   468;  1632;  1067;   213;     3;     1;   -97;   -97;   7.5; drag-lps8-03; 5; 7; 125000; 545
2023-07-14 15:52:35; hka-aqm-am116;  32.33;  30.97;   468;  1632;  1354;   286;     1;     1;   -97;   -97;  10.5; drag-lps8-03; 4; 7; 125000; 546
2023-07-14 15:53:54; hka-aqm-am116;  32.34;  30.97;   472;  1688;  1241;   256;     4;     0;   -99;   -99;   9.5; drag-lps8-03; 7; 7; 125000; 547
2023-07-14 15:54:15; hka-aqm-am116;  32.34;  30.94;   470;  1691;  1361;   287;     4;     0;   -93;   -93;   8.8; drag-lps8-05; 0; 7; 125000; 548
2023-07-14 15:59:15; hka-aqm-am116;  32.45;  30.83;   467;  1648;  1350;   278;     2;     0;   -90;   -90;   8.5; drag-lps8-05; 1; 7; 125000; 549
2023-07-14 15:59:35; hka-aqm-am116;  32.45;  30.83;   466;  1694;  1190;   237;     2;     0;   -97;   -97;  10.0; drag-lps8-03; 6; 7; 125000; 550
2023-07-14 15:59:56; hka-aqm-am116;  32.45;  30.83;   465;  1687;  1324;   273;     2;     0;   -99;   -99;   7.0; drag-lps8-03; 2; 7; 125000; 551
2023-07-14 16:00:56; hka-aqm-am116;  32.48;  30.83;   466;  1700;  1039;   202;     3;     0;   -93;   -93;   8.8; drag-lps8-05; 7; 7; 125000; 553
2023-07-14 16:01:36; hka-aqm-am116;  32.51;  30.83;   469;  1684;   979;   187;     2;     0;   -97;   -97;   8.2; drag-lps8-03; 6; 7; 125000; 554
2023-07-14 16:01:55; hka-aqm-am116;  32.52;  30.83;   467;  1673;  1160;   234;     2;     0;   -91;   -91;   8.5; drag-lps8-05; 3; 7; 125000; 555
2023-07-14 16:02:15; hka-aqm-am116;  32.53;  30.80;   466;  1664;   997;   192;     2;     0;   -96;   -96;   8.0; drag-lps8-03; 4; 7; 125000; 556
2023-07-14 16:02:35; hka-aqm-am116;  32.52;  30.83;   465;  1670;  1191;   239;     2;     0;   -93;   -93;   7.0; drag-lps8-05; 2; 7; 125000; 557
2023-07-14 16:02:56; hka-aqm-am116;  32.54;  30.77;   464;  1675;  1304;   266;     2;     0;   -96;   -96;   8.0; drag-lps8-03; 1; 7; 125000; 558
2023-07-14 16:03:54; hka-aqm-am116;  32.55;  30.77;   468;  1629;  1236;   249;     2;     0;   -95;   -95;   9.0; drag-lps8-05; 0; 7; 125000; 559
2023-07-14 16:04:34; hka-aqm-am116;  32.58;  30.77;   472;  1640;  1151;   227;     1;     0;   -93;   -93;   7.2; drag-lps8-05; 5; 7; 125000; 560
2023-07-14 16:05:15; hka-aqm-am116;  32.57;  30.73;   473;  1640;  1289;   259;     1;     0;   -95;   -95;   7.0; drag-lps8-05; 5; 7; 125000; 562
2023-07-14 16:05:36; hka-aqm-am116;  32.59;  30.70;   471;  1659;  1470;   306;     1;     0;   -99;   -99;   9.0; drag-lps8-03; 1; 7; 125000; 563
2023-07-14 16:05:55; hka-aqm-am116;  32.61;  30.70;   470;  1636;  1323;   266;     1;     0;   -93;   -93;   9.2; drag-lps8-05; 3; 7; 125000; 565
2023-07-14 16:06:54; hka-aqm-am116;  32.62;  30.67;   471;  1650;  1516;   315;     1;     0;   -97;   -97;   9.5; drag-lps8-03; 6; 7; 125000; 566
2023-07-14 16:07:35; hka-aqm-am116;  32.66;  30.63;   469;  1686;  1585;   330;     1;     1;   -97;   -97;   8.0; drag-lps8-03; 0; 7; 125000; 567
2023-07-14 16:07:55; hka-aqm-am116;  32.66;  30.63;   468;  1690;  1648;   346;     1;     0;   -95;   -95;   9.5; drag-lps8-05; 7; 7; 125000; 568
2023-07-14 16:09:54; hka-aqm-am116;  32.71;  30.56;   472;  1697;  1600;   330;     2;     1;   -93;   -93;  10.0; drag-lps8-05; 6; 7; 125000; 569
2023-07-14 16:10:15; hka-aqm-am116;  32.71;  30.56;   470;  1677;  1693;   353;     2;     1;   -93;   -93;   9.5; drag-lps8-05; 0; 7; 125000; 570
2023-07-14 16:10:36; hka-aqm-am116;  32.74;  30.56;   469;  1678;  1363;   270;     1;     1;   -96;   -96;   8.2; drag-lps8-03; 7; 7; 125000; 571
2023-07-14 16:10:56; hka-aqm-am116;  32.75;  30.56;   468;  1702;  1284;   249;     2;     1;   -99;   -99;   9.0; drag-lps8-03; 3; 7; 125000; 572
2023-07-14 16:11:35; hka-aqm-am116;  32.75;  30.56;   471;  1702;  1341;   266;     2;     1;   -95;   -95;   9.0; drag-lps8-05; 4; 7; 125000; 573
2023-07-14 16:11:55; hka-aqm-am116;  32.76;  30.56;   469;  1684;  1753;   370;     1;     1;   -99;   -99;   7.0; drag-lps8-03; 2; 7; 125000; 574
2023-07-14 16:12:15; hka-aqm-am116;  32.76;  30.56;   467;  1600;  1822;   389;     1;     0;   -93;   -93;   7.0; drag-lps8-05; 5; 7; 125000; 575
2023-07-14 16:12:36; hka-aqm-am116;  32.77;  30.56;   466;  1630;  1732;   369;     1;     1;   -91;   -91;   9.2; drag-lps8-05; 1; 7; 125000; 576
2023-07-14 16:12:55; hka-aqm-am116;  32.80;  30.50;   465;  1651;  1533;   322;     1;     1;   -97;   -97;   6.8; drag-lps8-03; 2; 7; 125000; 577
2023-07-14 16:13:15; hka-aqm-am116;  32.80;  30.50;   465;  1634;  1110;   216;     1;     0;   -95;   -95;   9.5; drag-lps8-05; 4; 7; 125000; 578
2023-07-14 16:13:35; hka-aqm-am116;  32.81;  30.50;   465;  1604;  1168;   233;     1;     0;   -94;   -94;   8.5; drag-lps8-05; 3; 7; 125000; 579
2023-07-14 16:13:56; hka-aqm-am116;  32.84;  30.50;   465;  1644;  1027;   199;     1;     1;   -95;   -95;  10.5; drag-lps8-05; 7; 7; 125000; 580
2023-07-14 16:14:35; hka-aqm-am116;  32.87;  30.43;   466;  1637;   932;   177;     2;     1;  -101;  -101;   9.5; drag-lps8-03; 0; 7; 125000; 581
2023-07-14 16:14:55; hka-aqm-am116;  32.88;  30.46;   466;  1636;   876;   166;     1;     1;   -93;   -93;   7.5; drag-lps8-05; 5; 7; 125000; 582
2023-07-14 16:15:55; hka-aqm-am116;  32.90;  30.43;   467;  1691;  1032;   199;     3;     1;   -96;   -96;   7.5; drag-lps8-03; 6; 7; 125000; 583
2023-07-14 16:16:15; hka-aqm-am116;  32.91;  30.40;   468;  1667;  1486;   312;     1;     1;   -97;   -97;   8.8; drag-lps8-03; 1; 7; 125000; 584
2023-07-14 16:16:35; hka-aqm-am116;  32.91;  30.36;   468;  1687;  1409;   294;     1;     1;   -97;   -97;   9.5; drag-lps8-05; 3; 7; 125000; 586
2023-07-14 16:16:56; hka-aqm-am116;  32.91;  30.36;   469;  1668;  1147;   229;     1;     1;   -93;   -93;   9.8; drag-lps8-05; 0; 7; 125000; 588
2023-07-14 16:17:54; hka-aqm-am116;  32.94;  30.33;   477;  1646;  1072;   208;     1;     1;   -96;   -96;   7.8; drag-lps8-03; 1; 7; 125000; 589
2023-07-14 16:18:16; hka-aqm-am116;  32.94;  30.29;   475;  1658;  1360;   281;     1;     0;   -90;   -90;   7.8; drag-lps8-05; 4; 7; 125000; 590
2023-07-14 16:18:36; hka-aqm-am116;  32.94;  30.26;   473;  1674;  1433;   298;     1;     0;   -90;   -90;   7.0; drag-lps8-05; 5; 7; 125000; 591
2023-07-14 16:19:14; hka-aqm-am116;  32.96;  30.29;   476;  1742;   922;   171;     1;     0;   -99;   -99;   7.0; drag-lps8-03; 2; 7; 125000; 592
2023-07-14 16:19:36; hka-aqm-am116;  32.97;  30.26;   474;  1728;  1460;   302;     2;     0;   -99;   -99;   9.0; drag-lps8-03; 7; 7; 125000; 593
2023-07-14 16:20:14; hka-aqm-am116;  32.99;  30.26;   477;  1717;  1400;   288;     2;     0;   -96;   -96;   7.8; drag-lps8-03; 1; 7; 125000; 594
2023-07-14 16:20:35; hka-aqm-am116;  32.99;  30.23;   474;  1722;  1583;   335;     1;     0;   -93;   -93;   8.2; drag-lps8-05; 0; 7; 125000; 595
2023-07-14 16:21:54; hka-aqm-am116;  33.04;  30.23;   478;  1803;  1335;   269;     3;     0;   -97;   -97;   8.5; drag-lps8-03; 3; 7; 125000; 596
2023-07-14 16:22:14; hka-aqm-am116;  33.06;  30.23;   474;  1764;  1584;   334;     1;     0;   -97;   -97;   8.8; drag-lps8-03; 6; 7; 125000; 597
2023-07-14 16:23:15; hka-aqm-am116;  33.07;  30.16;   469;  1712;  1502;   311;     2;     0;   -93;   -93;   7.8; drag-lps8-05; 5; 7; 125000; 598
2023-07-14 16:23:35; hka-aqm-am116;  33.09;  30.16;   469;  1698;  1568;   330;     2;     0;   -96;   -96;   6.8; drag-lps8-03; 2; 7; 125000; 599
2023-07-14 16:24:36; hka-aqm-am116;  33.12;  30.16;   472;  1693;  1122;   218;     4;     0;   -99;   -99;   9.2; drag-lps8-03; 4; 7; 125000; 600
2023-07-14 16:24:55; hka-aqm-am116;  33.14;  30.16;   471;  1704;  1494;   310;     1;     0;   -97;   -97;   7.5; drag-lps8-03; 5; 7; 125000; 601
2023-07-14 16:25:16; hka-aqm-am116;  33.14;  30.16;   471;  1698;  1555;   325;     1;     0;   -99;   -99;   8.0; drag-lps8-03; 7; 7; 125000; 602
2023-07-14 16:31:35; hka-aqm-am116;  33.36;  29.96;   475;  1675;  1363;   279;     2;     0;   -93;   -93;   9.0; drag-lps8-05; 0; 7; 125000; 603
2023-07-14 16:32:15; hka-aqm-am116;  33.39;  29.96;   480;  1617;  1475;   306;     3;     0;   -97;   -97;   6.0; drag-lps8-03; 2; 7; 125000; 604
2023-07-14 16:44:15; hka-aqm-am116;  33.86;  29.38;   469;  1715;  1474;   303;     3;     1;   -95;   -95;   7.0; drag-lps8-03; 6; 7; 125000; 605
2023-07-14 16:44:36; hka-aqm-am116;  33.87;  29.35;   468;  1721;  1366;   277;     2;     1;   -93;   -93;   8.8; drag-lps8-05; 3; 7; 125000; 606
2023-07-14 16:45:35; hka-aqm-am116;  33.92;  29.35;   471;  1750;  1452;   296;     2;     1;   -93;   -93;   9.5; drag-lps8-05; 4; 7; 125000; 607
2023-07-14 16:45:56; hka-aqm-am116;  33.93;  29.31;   471;  1740;  1331;   268;     1;     1;   -97;   -97;   7.8; drag-lps8-03; 3; 7; 125000; 609
2023-07-14 16:46:15; hka-aqm-am116;  33.98;  29.28;   471;  1721;  1446;   295;     0;     1;   -95;   -95;   7.5; drag-lps8-03; 4; 7; 125000; 611
2023-07-14 16:48:54; hka-aqm-am116;  34.27;  28.97;   482;  1738;  1569;   322;     2;     1;   -91;   -91;   7.0; drag-lps8-05; 2; 7; 125000; 612
2023-07-14 16:50:55; hka-aqm-am116;  34.66;  28.53;   470;  1743;  1732;   360;     3;     0;   -97;   -97;   9.5; drag-lps8-03; 6; 7; 125000; 613
2023-07-14 16:51:15; hka-aqm-am116;  34.69;  28.47;   470;  1745;  1913;   402;     2;     0;   -97;   -97;   7.2; drag-lps8-03; 5; 7; 125000; 614
2023-07-14 16:51:54; hka-aqm-am116;  34.87;  28.33;   473;  1719;  2018;   422;     1;     0;   -93;   -93;   9.2; drag-lps8-05; 1; 7; 125000; 615
2023-07-14 16:52:14; hka-aqm-am116;  34.79;  28.33;   472;  1690;  2082;   433;     2;     0;   -93;   -93;   9.2; drag-lps8-05; 7; 7; 125000; 616
2023-07-14 16:52:34; hka-aqm-am116;  34.79;  28.26;   471;  1688;  1260;   239;     2;     0;   -93;   -93;   8.5; drag-lps8-05; 3; 7; 125000; 617
2023-07-14 16:53:15; hka-aqm-am116;  34.94;  28.23;   471;  1723;  2302;   483;     2;     0;   -97;   -97;   6.8; drag-lps8-03; 2; 7; 125000; 619
2023-07-14 16:53:35; hka-aqm-am116;  35.05;  28.06;   471;  1714;  2414;   507;     1;     0;   -97;   -97;   8.0; drag-lps8-03; 7; 7; 125000; 620
2023-07-14 16:53:56; hka-aqm-am116;  35.11;  27.99;   470;  1738;  2603;   547;     1;     0;   -91;   -91;   8.8; drag-lps8-05; 4; 7; 125000; 621
2023-07-14 16:54:36; hka-aqm-am116;  35.26;  27.82;   474;  1718;  3097;   647;     1;     0;   -93;   -93;   8.2; drag-lps8-05; 6; 7; 125000; 622
2023-07-14 16:54:55; hka-aqm-am116;  35.30;  27.75;   473;  1689;  3386;   705;     1;     0;   -91;   -91;   8.5; drag-lps8-05; 0; 7; 125000; 623
2023-07-14 16:55:15; hka-aqm-am116;  35.38;  27.72;   472;  1743;  3654;   756;     0;     0;   -97;   -97;   9.5; drag-lps8-03; 1; 7; 125000; 624
2023-07-14 16:55:35; hka-aqm-am116;  35.39;  27.65;   470;  1751;  3856;   793;     1;     0;   -93;   -93;   7.5; drag-lps8-05; 5; 7; 125000; 625
2023-07-14 16:55:55; hka-aqm-am116;  35.44;  27.58;   469;  1755;  4188;   858;     1;     0;   -95;   -95;   8.2; drag-lps8-03; 6; 7; 125000; 626
2023-07-14 16:56:15; hka-aqm-am116;  35.53;  27.51;   469;  1778;  4700;   963;     2;     0;   -95;   -95;   9.2; drag-lps8-05; 3; 7; 125000; 627
2023-07-14 16:56:35; hka-aqm-am116;  35.64;  27.45;   469;  1760;  4911;  1003;     2;     0;   -95;   -95;   8.5; drag-lps8-03; 4; 7; 125000; 628
2023-07-14 16:57:55; hka-aqm-am116;  35.81;  27.21;   475;  1875;  4792;   973;     1;     0;   -91;   -91;   7.2; drag-lps8-05; 2; 7; 125000; 629
2023-07-14 16:58:55; hka-aqm-am116;  35.92;  27.11;   471;  1806;  4579;   929;     2;     0;   -93;   -93;  10.0; drag-lps8-05; 1; 7; 125000; 630
2023-07-14 16:59:15; hka-aqm-am116;  35.94;  27.04;   471;  1832;  4744;   967;     2;     0;   -99;   -99;   8.2; drag-lps8-03; 7; 7; 125000; 631
2023-07-14 16:59:35; hka-aqm-am116;  35.96;  27.00;   471;  1847;  4581;   931;     2;     0;   -99;   -99;   7.2; drag-lps8-03; 5; 7; 125000; 633
2023-07-14 17:00:15; hka-aqm-am116;  35.95;  27.04;   475;  1820;  3830;   771;     2;     0;   -99;   -99;   9.5; drag-lps8-03; 0; 7; 125000; 634
2023-07-14 17:00:35; hka-aqm-am116;  36.08;  26.97;   473;  1808;  4076;   826;     1;     0;   -93;   -93;   9.2; drag-lps8-05; 1; 7; 125000; 636
2023-07-14 17:00:55; hka-aqm-am116;  36.09;  26.94;   472;  1773;  3983;   806;     1;     0;   -95;   -95;   9.5; drag-lps8-05; 7; 7; 125000; 637
2023-07-14 17:01:16; hka-aqm-am116;  36.10;  26.87;   471;  1808;  4392;   896;     1;     0;   -97;   -97;   8.5; drag-lps8-03; 6; 7; 125000; 638
2023-07-14 17:01:56; hka-aqm-am116;  35.95;  27.04;   475;  1792;  2496;   491;     2;     0;   -95;   -95;   8.8; drag-lps8-05; 3; 7; 125000; 639
2023-07-14 17:02:15; hka-aqm-am116;  35.90;  27.07;   473;  1784;  3455;   697;     2;     0;   -90;   -90;   7.0; drag-lps8-05; 2; 7; 125000; 640
2023-07-14 17:02:35; hka-aqm-am116;  35.84;  27.04;   472;  1760;  3132;   633;     1;     0;   -97;   -97;   9.5; drag-lps8-03; 3; 7; 125000; 641
2023-07-14 17:02:55; hka-aqm-am116;  35.85;  27.11;   471;  1778;  2991;   602;     1;     0;   -99;   -99;   9.8; drag-lps8-03; 7; 7; 125000; 642
2023-07-14 17:03:35; hka-aqm-am116;  35.76;  27.21;   476;  1790;  2897;   594;     1;     0;   -91;   -91;   8.0; drag-lps8-05; 2; 7; 125000; 643
2023-07-14 17:03:56; hka-aqm-am116;  35.76;  27.21;   474;  1781;  2117;   429;     1;     0;   -96;   -96;   8.0; drag-lps8-03; 6; 7; 125000; 644
2023-07-14 17:04:16; hka-aqm-am116;  35.76;  27.24;   473;  1782;  2376;   489;     1;     0;   -93;   -93;   9.5; drag-lps8-05; 0; 7; 125000; 645
2023-07-14 17:04:35; hka-aqm-am116;  35.80;  27.17;   472;  1778;  1167;   220;     1;     0;   -93;   -93;   9.0; drag-lps8-05; 4; 7; 125000; 646
2023-07-14 17:04:56; hka-aqm-am116;  35.77;  27.17;   471;  1793;  1807;   369;     1;     0;   -96;   -96;   7.0; drag-lps8-03; 5; 7; 125000; 647
2023-07-14 17:05:15; hka-aqm-am116;  35.78;  27.17;   471;  1789;  1218;   233;     2;     0;   -95;   -95;   8.5; drag-lps8-03; 1; 7; 125000; 648
2023-07-14 17:05:55; hka-aqm-am116;  35.82;  27.11;   475;  1767;  1497;   299;     2;     0;   -96;   -96;   8.2; drag-lps8-03; 6; 7; 125000; 649
2023-07-14 17:07:36; hka-aqm-am116;  35.88;  27.04;   474;  1737;  1444;   300;     2;     1;   -97;   -97;   6.8; drag-lps8-03; 2; 7; 125000; 650
2023-07-14 17:09:15; hka-aqm-am116;  35.90;  26.90;   474;  1841;  1274;   259;     1;     1;   -91;   -91;   8.5; drag-lps8-05; 4; 7; 125000; 651
2023-07-14 17:09:54; hka-aqm-am116;  35.90;  26.90;   477;  1833;  1347;   279;     1;     0;   -95;   -95;   9.2; drag-lps8-05; 3; 7; 125000; 652
2023-07-14 17:11:16; hka-aqm-am116;  35.96;  26.83;   471;  1773;  1213;   247;     2;     0;   -97;   -97;   7.8; drag-lps8-03; 7; 7; 125000; 653
2023-07-14 17:13:36; hka-aqm-am116;  36.03;  26.70;   468;  1766;  1262;   260;     2;     0;   -99;   -99;   9.5; drag-lps8-03; 1; 7; 125000; 654
2023-07-14 17:20:56; hka-aqm-am116;  35.92;  26.70;   472;  1767;  1078;   221;     2;     1;   -99;   -99;   9.5; drag-lps8-03; 0; 7; 125000; 655
2023-07-14 17:22:34; hka-aqm-am116;  35.92;  26.70;   474;  1791;  1024;   213;     2;     0;   -99;   -99;   8.0; drag-lps8-03; 7; 7; 125000; 657
2023-07-14 17:37:47; hka-aqm-am116;  35.70;  26.97;   473;  1794;   822;   165;     3;     1;   -99;   -99;   9.5; drag-lps8-03; 1; 7; 125000; 659
2023-07-14 17:38:15; hka-aqm-am116;  35.69;  26.97;   473;  1764;   767;   152;     3;     1;   -96;   -96;   7.8; drag-lps8-03; 3; 7; 125000; 660
2023-07-14 17:53:21; hka-aqm-am116;  35.51;  27.21;   470;  1782;   685;   133;     2;     1;   -96;   -96;   8.2; drag-lps8-03; 6; 7; 125000; 661
2023-07-14 18:08:27; hka-aqm-am116;  35.40;  27.31;   472;  1782;   605;   114;     3;     1;   -97;   -97;   6.0; drag-lps8-03; 5; 7; 125000; 662
2023-07-14 18:23:35; hka-aqm-am116;  35.29;  27.45;   467;  1744;   546;   102;     3;     1;   -97;   -97;   8.5; drag-lps8-03; 0; 7; 125000; 663
2023-07-14 18:34:55; hka-aqm-am116;  35.18;  27.51;   469;  1757;   433;    73;     4;     1;   -93;   -93;   8.0; drag-lps8-05; 4; 7; 125000; 664
2023-07-14 18:35:15; hka-aqm-am116;  35.17;  27.51;   468;  1729;   502;    92;     1;     0;   -99;   -99;   8.5; drag-lps8-03; 0; 7; 125000; 665
2023-07-14 18:50:21; hka-aqm-am116;  35.03;  27.58;   473;  1780;   506;    97;     3;     0;   -93;   -93;  10.8; drag-lps8-05; 7; 7; 125000; 666
2023-07-14 18:57:56; hka-aqm-am116;  34.96;  27.58;   475;  1769;   336;    54;     4;     0;   -91;   -91;   7.0; drag-lps8-05; 5; 7; 125000; 667
2023-07-14 18:59:34; hka-aqm-am116;  34.96;  27.58;   473;  1755;   442;    82;     3;     0;   -97;   -97;   9.0; drag-lps8-03; 4; 7; 125000; 668
2023-07-14 19:04:34; hka-aqm-am116;  34.91;  27.62;   470;  1746;   351;    58;     3;     0;   -91;   -91;   7.0; drag-lps8-05; 2; 7; 125000; 669
2023-07-14 19:04:55; hka-aqm-am116;  34.89;  27.65;   468;  1745;   427;    80;     2;     0;   -93;   -93;   9.0; drag-lps8-05; 6; 7; 125000; 670
2023-07-14 19:05:55; hka-aqm-am116;  34.89;  27.65;   466;  1809;   311;    49;     2;     0;   -97;   -97;   9.0; drag-lps8-03; 1; 7; 125000; 671
2023-07-14 19:06:56; hka-aqm-am116;  34.87;  27.65;   467;  1761;   356;    62;     1;     0;   -99;   -99;  10.0; drag-lps8-03; 3; 7; 125000; 672
2023-07-14 19:07:15; hka-aqm-am116;  34.88;  27.65;   467;  1768;   284;    42;     1;     0;   -93;   -93;   9.0; drag-lps8-05; 4; 7; 125000; 673
2023-07-14 19:09:35; hka-aqm-am116;  34.84;  27.65;   466;  1731;   381;    71;     2;     0;   -97;   -97;   6.2; drag-lps8-03; 2; 7; 125000; 674
2023-07-14 19:09:55; hka-aqm-am116;  34.84;  27.65;   466;  1734;   285;    46;     0;     0;   -96;   -96;   8.2; drag-lps8-03; 1; 7; 125000; 675
2023-07-14 19:11:54; hka-aqm-am116;  34.80;  27.65;   470;  1734;   388;    73;     2;     0;   -91;   -91;   8.2; drag-lps8-05; 0; 7; 125000; 676
2023-07-14 19:20:16; hka-aqm-am116;  34.69;  27.72;   469;  1787;   312;    55;     3;     0;   -97;   -97;   9.0; drag-lps8-03; 6; 7; 125000; 677
2023-07-14 19:20:55; hka-aqm-am116;  34.68;  27.72;   468;  1782;   376;    74;     1;     0;   -97;   -97;   8.8; drag-lps8-03; 3; 7; 125000; 678
2023-07-14 19:23:15; hka-aqm-am116;  34.65;  27.75;   469;  1681;   279;    53;     3;     0;   -95;   -95;   9.2; drag-lps8-05; 7; 7; 125000; 680
2023-07-14 19:25:55; hka-aqm-am116;  34.61;  27.79;   468;  1719;   344;    69;     3;     0;   -91;   -91;   8.5; drag-lps8-05; 0; 7; 125000; 682
2023-07-14 19:28:35; hka-aqm-am116;  34.56;  27.79;   468;  1743;   383;    79;     3;     0;   -91;   -91;   8.5; drag-lps8-05; 6; 7; 125000; 683
2023-07-14 19:29:53; hka-aqm-am116;  34.55;  27.85;   474;  1709;   321;    61;     1;     0;   -93;   -93;   9.8; drag-lps8-05; 4; 7; 125000; 684
2023-07-14 19:45:00; hka-aqm-am116;  34.26;  28.02;   478;  1736;   272;    53;     3;     0;   -91;   -91;   7.5; drag-lps8-05; 2; 7; 125000; 685
2023-07-14 20:00:06; hka-aqm-am116;  33.99;  28.30;   472;  1713;   231;    49;     3;     0;   -97;   -97;   6.5; drag-lps8-03; 7; 7; 125000; 686
2023-07-14 20:15:12; hka-aqm-am116;  33.72;  28.53;   469;  1697;   202;    44;     1;     0;   -97;   -97;   6.8; drag-lps8-03; 5; 7; 125000; 687
2023-07-14 20:30:18; hka-aqm-am116;  33.44;  28.81;   469;  1672;   133;    29;     3;     0;   -96;   -96;   8.2; drag-lps8-03; 3; 7; 125000; 688
2023-07-14 20:45:31; hka-aqm-am116;  33.18;  29.08;   469;  1699;    63;    13;     1;     0;   -97;   -97;   7.0; drag-lps8-03; 5; 7; 125000; 690
2023-07-14 21:00:38; hka-aqm-am116;  32.93;  29.42;   469;  1772;    36;     6;     4;     0;   -96;   -96;   7.8; drag-lps8-03; 7; 7; 125000; 691
2023-07-14 21:15:44; hka-aqm-am116;  32.68;  29.69;   470;  1716;    22;     5;     4;     0;   -93;   -93;   9.5; drag-lps8-05; 0; 7; 125000; 692
2023-07-14 21:30:50; hka-aqm-am116;  32.48;  29.89;   469;  1638;    11;     1;     3;     0;   -96;   -96;   6.5; drag-lps8-03; 2; 7; 125000; 693
2023-07-14 21:45:56; hka-aqm-am116;  32.27;  30.16;   470;  1701;    10;     1;     4;     0;   -97;   -97;   9.8; drag-lps8-03; 4; 7; 125000; 694
2023-07-14 22:01:02; hka-aqm-am116;  32.10;  30.40;   474;  1711;     9;     1;     4;     0;   -91;   -91;   9.5; drag-lps8-05; 1; 7; 125000; 695
2023-07-14 22:16:09; hka-aqm-am116;  31.92;  30.63;   471;  1695;     9;     1;     2;     0;   -93;   -93;   8.8; drag-lps8-05; 3; 7; 125000; 696
2023-07-14 22:31:15; hka-aqm-am116;  31.74;  30.83;   468;  1751;     9;     1;     4;     0;   -96;   -96;   8.5; drag-lps8-03; 1; 7; 125000; 697
2023-07-14 22:46:21; hka-aqm-am116;  31.60;  31.07;   469;  1684;     9;     1;     4;     0;   -93;   -93;   7.0; drag-lps8-05; 2; 7; 125000; 698
2023-07-14 23:01:27; hka-aqm-am116;  31.46;  31.27;   465;  1654;     9;     1;     2;     0;   -91;   -91;   9.2; drag-lps8-05; 6; 7; 125000; 699
2023-07-14 23:16:35; hka-aqm-am116;  31.30;  31.51;   467;  1698;     9;     1;     4;     0;   -93;   -93;   7.0; drag-lps8-05; 5; 7; 125000; 700
2023-07-14 23:31:41; hka-aqm-am116;  31.17;  31.64;   465;  1767;     9;     1;     4;     0;   -90;   -90;   8.8; drag-lps8-05; 4; 7; 125000; 701
2023-07-14 23:46:55; hka-aqm-am116;  31.07;  31.84;   466;  1679;    12;     3;     4;     0;   -93;   -93;   8.0; drag-lps8-05; 0; 7; 125000; 703
