# Logfile LoRaWAN TTN/TTS V3 logger version hka-log V 1.1
date_time;device_id;tmp;hum;CO2;VOC;vis;IR;WIFI;BLE;rssi;channel_rssi;snr;gateway;channel_index;spreading_factor;bandwidth;f_cnt
2023-05-20 00:14:36; hka-aqm-am205;  26.26;  27.99;   432;   686;     6;     1;     3;     0;   -94;   -94;   8.2; drag-lps8-05; 2; 9; 125000; 22927
2023-05-20 00:29:42; hka-aqm-am205;  26.21;  28.06;   429;   688;     6;     0;     0;     0;   -95;   -95;  11.8; drag-lps8-05; 4; 9; 125000; 22928
2023-05-20 00:44:49; hka-aqm-am205;  26.18;  28.13;   438;   705;     7;     2;     3;     0;   -95;   -95;  10.2; drag-lps8-05; 3; 9; 125000; 22929
2023-05-20 00:59:55; hka-aqm-am205;  26.16;  28.19;   434;   699;     6;     0;     3;     0;  -102;  -102;   9.8; drag-lps8-03; 1; 9; 125000; 22930
2023-05-20 01:15:02; hka-aqm-am205;  26.13;  28.33;   432;   685;     6;     1;     1;     0;  -101;  -101;   9.5; drag-lps8-03; 6; 9; 125000; 22931
2023-05-20 01:30:08; hka-aqm-am205;  26.09;  28.40;   431;   684;     6;     0;     0;     0;   -96;   -96;  12.2; drag-lps8-05; 0; 9; 125000; 22932
2023-05-20 01:45:16; hka-aqm-am205;  26.06;  28.47;   429;   679;     6;     0;     3;     0;   -94;   -94;   8.8; drag-lps8-05; 5; 9; 125000; 22933
2023-05-20 02:00:45; hka-aqm-am205;  26.02;  28.53;   434;   673;     6;     0;     0;     0;   -95;   -95;  11.5; drag-lps8-05; 1; 9; 125000; 22935
2023-05-20 02:15:52; hka-aqm-am205;  26.00;  28.60;   436;   659;     6;     0;     2;     0;  -102;  -102;   8.5; drag-lps8-03; 7; 9; 125000; 22936
2023-05-20 02:30:58; hka-aqm-am205;  25.97;  28.74;   433;   661;     6;     0;     3;     0;  -100;  -100;   9.8; drag-lps8-03; 4; 9; 125000; 22937
2023-05-20 02:46:05; hka-aqm-am205;  25.94;  28.74;   432;   657;     8;     2;     0;     0;   -95;   -95;   8.5; drag-lps8-05; 2; 9; 125000; 22938
2023-05-20 03:01:11; hka-aqm-am205;  25.90;  28.81;   436;   655;     6;     1;     0;     0;  -102;  -102;   8.8; drag-lps8-03; 5; 9; 125000; 22939
2023-05-20 03:16:17; hka-aqm-am205;  25.88;  28.91;   436;   648;     6;     0;     3;     0;  -100;  -100;   9.8; drag-lps8-03; 6; 9; 125000; 22940
2023-05-20 03:31:24; hka-aqm-am205;  25.84;  29.01;   433;   648;     6;     0;     0;     0;   -95;   -95;  11.2; drag-lps8-05; 3; 9; 125000; 22941
2023-05-20 03:46:30; hka-aqm-am205;  25.81;  29.01;   434;   632;     7;     2;     0;     0;  -100;  -100;  10.0; drag-lps8-03; 1; 9; 125000; 22942
2023-05-20 04:01:37; hka-aqm-am205;  25.80;  29.08;   433;   651;     6;     0;     3;     0;   -96;   -96;   7.8; drag-lps8-05; 2; 9; 125000; 22943
2023-05-20 04:16:43; hka-aqm-am205;  25.77;  29.14;   431;   640;     6;     1;     0;     0;  -102;  -102;  11.0; drag-lps8-03; 0; 9; 125000; 22944
2023-05-20 04:31:49; hka-aqm-am205;  25.75;  29.21;   432;   634;     6;     0;     1;     0;  -103;  -103;  11.2; drag-lps8-03; 7; 9; 125000; 22945
2023-05-20 04:46:56; hka-aqm-am205;  25.73;  29.28;   431;   631;     8;     2;     3;     0;  -101;  -101;   7.5; drag-lps8-03; 5; 9; 125000; 22946
2023-05-20 05:02:03; hka-aqm-am205;  25.70;  29.35;   431;   619;     6;     1;     0;     0;  -102;  -102;  11.2; drag-lps8-03; 4; 9; 125000; 22947
2023-05-20 05:17:09; hka-aqm-am205;  25.67;  29.35;   430;   641;    11;     2;     2;     0;  -103;  -103;  10.8; drag-lps8-03; 3; 9; 125000; 22948
2023-05-20 05:32:16; hka-aqm-am205;  25.67;  29.45;   429;   620;    23;     5;     3;     0;   -95;   -95;  11.0; drag-lps8-05; 6; 9; 125000; 22949
2023-05-20 05:47:23; hka-aqm-am205;  25.65;  29.48;   429;   613;    50;    13;     2;     0;   -96;   -96;   8.5; drag-lps8-05; 2; 9; 125000; 22950
2023-05-20 06:02:29; hka-aqm-am205;  25.64;  29.55;   429;   644;    88;    24;     0;     0;  -102;  -102;   9.0; drag-lps8-03; 3; 9; 125000; 22951
2023-05-20 06:17:35; hka-aqm-am205;  25.62;  29.62;   428;   587;   163;    45;     3;     0;   -94;   -94;   8.2; drag-lps8-05; 5; 9; 125000; 22952
2023-05-20 06:32:42; hka-aqm-am205;  25.63;  29.62;   434;   585;   185;    51;     0;     0;  -101;  -101;  10.8; drag-lps8-03; 4; 9; 125000; 22953
2023-05-20 06:47:48; hka-aqm-am205;  25.64;  29.65;   434;   559;   216;    61;     1;     0;   -96;   -96;  10.2; drag-lps8-05; 7; 9; 125000; 22954
2023-05-20 07:02:56; hka-aqm-am205;  25.65;  29.65;   436;   577;   351;   102;     3;     0;  -103;  -103;  12.2; drag-lps8-03; 0; 9; 125000; 22955
2023-05-20 07:18:02; hka-aqm-am205;  25.70;  29.65;   430;   600;   504;   143;     0;     0;   -99;   -99;  10.5; drag-lps8-03; 1; 9; 125000; 22956
2023-05-20 07:27:14; hka-aqm-am205;  25.74;  29.62;   427;   570;   895;   253;     3;     0;  -100;  -100;   9.5; drag-lps8-03; 6; 9; 125000; 22957
2023-05-20 07:27:37; hka-aqm-am205;  25.74;  29.62;   426;   569;   688;   188;     0;     0;  -101;  -101;  11.8; drag-lps8-03; 7; 9; 125000; 22958
2023-05-20 07:42:43; hka-aqm-am205;  25.82;  29.55;   427;   565;   653;   181;     1;     0;  -101;  -101;   7.5; drag-lps8-03; 2; 9; 125000; 22959
2023-05-20 07:44:15; hka-aqm-am205;  25.84;  29.55;   431;   564;   811;   223;     2;     0;  -102;  -102;  10.5; drag-lps8-03; 3; 9; 125000; 22960
2023-05-20 07:44:37; hka-aqm-am205;  25.83;  29.55;   430;   613;  1312;   363;     1;     0;   -94;   -94;  11.8; drag-lps8-05; 6; 9; 125000; 22961
2023-05-20 07:45:00; hka-aqm-am205;  25.85;  29.55;   429;   596;  1183;   322;     0;     0;   -95;   -95;   8.8; drag-lps8-05; 5; 9; 125000; 22962
2023-05-20 07:45:23; hka-aqm-am205;  25.86;  29.55;   429;   586;  2994;   863;     0;     0;  -102;  -102;   9.5; drag-lps8-03; 0; 9; 125000; 22963
2023-05-20 07:45:45; hka-aqm-am205;  25.86;  29.55;   429;   577;  1150;   313;     1;     0;   -95;   -95;  12.0; drag-lps8-05; 4; 9; 125000; 22964
2023-05-20 07:46:08; hka-aqm-am205;  25.88;  29.55;   429;   571;  2332;   672;     1;     0;   -95;   -95;  10.0; drag-lps8-05; 1; 9; 125000; 22965
2023-05-20 07:46:33; hka-aqm-am205;  25.85;  29.55;   433;   573;  1608;   449;     0;     0;  -102;  -102;  10.5; drag-lps8-03; 3; 9; 125000; 22966
2023-05-20 07:46:56; hka-aqm-am205;  25.88;  29.55;   431;   571;  1002;   277;     0;     0;  -101;  -101;  10.8; drag-lps8-03; 1; 9; 125000; 22967
2023-05-20 07:47:19; hka-aqm-am205;  25.86;  29.55;   430;   568;   831;   230;     0;     0;  -102;  -102;  10.8; drag-lps8-03; 7; 9; 125000; 22968
2023-05-20 07:47:41; hka-aqm-am205;  25.88;  29.52;   429;   566;   892;   247;     1;     0;   -94;   -94;  11.8; drag-lps8-05; 4; 9; 125000; 22969
2023-05-20 07:48:33; hka-aqm-am205;  25.89;  29.52;   433;   565;   814;   224;     1;     0;   -93;   -93;   8.2; drag-lps8-05; 5; 9; 125000; 22970
2023-05-20 07:48:56; hka-aqm-am205;  25.90;  29.48;   430;   569;   741;   204;     0;     0;  -102;  -102;   8.2; drag-lps8-03; 2; 9; 125000; 22971
2023-05-20 08:04:02; hka-aqm-am205;  26.01;  29.42;   430;   557;  1285;   351;     1;     0;  -101;  -101;  10.8; drag-lps8-03; 6; 9; 125000; 22972
2023-05-20 08:04:25; hka-aqm-am205;  26.01;  29.42;   428;   559;  1597;   453;     3;     0;  -103;  -103;  11.8; drag-lps8-03; 0; 9; 125000; 22973
2023-05-20 08:04:48; hka-aqm-am205;  26.01;  29.42;   427;   558;  1346;   369;     1;     0;  -100;  -100;  10.2; drag-lps8-03; 4; 9; 125000; 22974
2023-05-20 08:06:54; hka-aqm-am205;  26.04;  29.35;   427;   587;  1247;   341;     2;     0;  -101;  -101;  11.5; drag-lps8-03; 0; 9; 125000; 22975
2023-05-20 08:07:17; hka-aqm-am205;  26.08;  29.35;   426;   590;  1184;   323;     1;     0;  -100;  -100;   8.8; drag-lps8-03; 5; 9; 125000; 22976
2023-05-20 08:07:40; hka-aqm-am205;  26.07;  29.35;   426;   578;  1118;   303;     1;     0;   -95;   -95;  10.0; drag-lps8-05; 3; 9; 125000; 22977
2023-05-20 08:12:15; hka-aqm-am205;  26.10;  29.31;   428;   560;   893;   242;     2;     0;  -102;  -102;  10.8; drag-lps8-03; 7; 9; 125000; 22978
2023-05-20 08:16:55; hka-aqm-am205;  26.11;  29.28;   428;   554;   960;   261;     2;     0;  -101;  -101;   9.8; drag-lps8-03; 6; 9; 125000; 22979
2023-05-20 08:18:53; hka-aqm-am205;  26.15;  29.28;   431;   559;  1189;   326;     1;     0;   -96;   -96;  10.8; drag-lps8-05; 1; 9; 125000; 22980
2023-05-20 08:19:35; hka-aqm-am205;  26.15;  29.28;   428;   559;  1435;   395;     1;     0;   -95;   -95;   9.0; drag-lps8-05; 2; 9; 125000; 22981
2023-05-20 08:19:58; hka-aqm-am205;  26.15;  29.28;   427;   559;  1559;   430;     0;     0;   -95;   -95;  10.0; drag-lps8-05; 3; 9; 125000; 22982
2023-05-20 08:20:21; hka-aqm-am205;  26.15;  29.28;   426;   559;  1630;   451;     1;     0;  -102;  -102;  11.0; drag-lps8-03; 7; 9; 125000; 22983
2023-05-20 08:21:14; hka-aqm-am205;  26.15;  29.28;   430;   556;  1820;   498;     1;     0;   -93;   -93;  10.2; drag-lps8-05; 6; 9; 125000; 22984
2023-05-20 08:21:53; hka-aqm-am205;  26.16;  29.28;   432;   557;  1900;   519;     0;     0;   -94;   -94;  11.2; drag-lps8-05; 1; 9; 125000; 22985
2023-05-20 08:22:16; hka-aqm-am205;  26.18;  29.25;   430;   559;  1980;   541;     0;     0;   -99;   -99;  10.2; drag-lps8-03; 4; 9; 125000; 22986
2023-05-20 08:22:39; hka-aqm-am205;  26.19;  29.25;   428;   566;  2243;   613;     0;     0;   -96;   -96;  12.5; drag-lps8-05; 0; 9; 125000; 22987
2023-05-20 08:23:01; hka-aqm-am205;  26.21;  29.21;   427;   563;  2522;   699;     0;     0;   -97;   -97;   8.5; drag-lps8-05; 2; 9; 125000; 22988
2023-05-20 08:23:24; hka-aqm-am205;  26.19;  29.25;   426;   562;  2402;   655;     0;     0;   -95;   -95;   8.2; drag-lps8-05; 5; 9; 125000; 22989
2023-05-20 08:24:13; hka-aqm-am205;  26.20;  29.25;   434;   560;  2466;   673;     1;     0;  -101;  -101;   8.5; drag-lps8-03; 2; 9; 125000; 22990
2023-05-20 08:24:36; hka-aqm-am205;  26.22;  29.25;   431;   560;  3211;   915;     1;     0;   -95;   -95;  10.8; drag-lps8-05; 3; 9; 125000; 22991
2023-05-20 08:24:59; hka-aqm-am205;  26.23;  29.21;   429;   558;  3556;  1029;     0;     0;   -98;   -98;  10.8; drag-lps8-03; 6; 9; 125000; 22992
2023-05-20 08:25:21; hka-aqm-am205;  26.25;  29.21;   428;   558;  2904;   800;     1;     0;  -101;  -101;  11.5; drag-lps8-03; 1; 9; 125000; 22993
2023-05-20 08:25:44; hka-aqm-am205;  26.26;  29.21;   427;   561;  2680;   726;     1;     0;   -94;   -94;   8.2; drag-lps8-05; 5; 9; 125000; 22994
2023-05-20 08:26:15; hka-aqm-am205;  26.28;  29.21;   426;   563;  2783;   753;     2;     0;   -95;   -95;  11.5; drag-lps8-05; 4; 9; 125000; 22995
2023-05-20 08:27:14; hka-aqm-am205;  26.30;  29.21;   430;   563;  2996;   812;     2;     0;  -102;  -102;  11.0; drag-lps8-03; 7; 9; 125000; 22996
2023-05-20 08:27:54; hka-aqm-am205;  26.33;  29.18;   426;   564;  3205;   878;     1;     0;   -97;   -97;  12.0; drag-lps8-05; 0; 9; 125000; 22997
2023-05-20 08:28:17; hka-aqm-am205;  26.33;  29.18;   426;   576;  3069;   828;     1;     0;  -101;  -101;   9.5; drag-lps8-03; 7; 9; 125000; 22998
2023-05-20 08:28:40; hka-aqm-am205;  26.35;  29.18;   426;   575;  3174;   862;     1;     0;   -95;   -95;  11.8; drag-lps8-05; 0; 9; 125000; 22999
2023-05-20 08:29:02; hka-aqm-am205;  26.37;  29.18;   426;   573;  3331;   909;     1;     0;  -101;  -101;   8.5; drag-lps8-03; 2; 9; 125000; 23000
2023-05-20 08:29:25; hka-aqm-am205;  26.37;  29.14;   426;   575;  3000;   804;     1;     0;   -96;   -96;  11.2; drag-lps8-05; 1; 9; 125000; 23001
2023-05-20 08:30:15; hka-aqm-am205;  26.40;  29.14;   426;   565;  3118;   837;     2;     0;   -94;   -94;  10.8; drag-lps8-05; 3; 9; 125000; 23002
2023-05-20 08:30:38; hka-aqm-am205;  26.40;  29.14;   426;   565;  2968;   787;     1;     0;  -101;  -101;   9.5; drag-lps8-03; 4; 9; 125000; 23003
2023-05-20 08:31:13; hka-aqm-am205;  26.42;  29.11;   430;   564;  3079;   820;     1;     0;   -94;   -94;   8.0; drag-lps8-05; 5; 9; 125000; 23004
2023-05-20 08:31:36; hka-aqm-am205;  26.44;  29.08;   428;   567;  3350;   911;     1;     0;   -93;   -93;  10.5; drag-lps8-05; 6; 9; 125000; 23005
2023-05-20 08:31:59; hka-aqm-am205;  26.46;  29.08;   427;   568;  3477;   958;     1;     0;   -96;   -96;  10.5; drag-lps8-05; 1; 9; 125000; 23006
2023-05-20 08:32:21; hka-aqm-am205;  26.46;  29.08;   426;   562;  3036;   809;     1;     0;   -95;   -95;  10.2; drag-lps8-05; 7; 9; 125000; 23007
2023-05-20 08:32:44; hka-aqm-am205;  26.48;  29.08;   426;   563;  2923;   777;     0;     0;   -95;   -95;  12.0; drag-lps8-05; 3; 9; 125000; 23008
2023-05-20 08:33:06; hka-aqm-am205;  26.50;  29.08;   426;   562;  2993;   803;     0;     0;   -97;   -97;   8.2; drag-lps8-05; 2; 9; 125000; 23009
2023-05-20 08:33:55; hka-aqm-am205;  26.53;  29.01;   426;   593;  3223;   880;     1;     0;  -102;  -102;  10.2; drag-lps8-03; 0; 9; 125000; 23010
2023-05-20 08:34:17; hka-aqm-am205;  26.53;  29.01;   426;   582;  3072;   834;     0;     0;  -100;  -100;   9.0; drag-lps8-03; 6; 9; 125000; 23011
2023-05-20 08:35:13; hka-aqm-am205;  26.55;  29.01;   430;   570;  2954;   805;     1;     0;  -101;  -101;  11.8; drag-lps8-03; 4; 9; 125000; 23012
2023-05-20 08:35:36; hka-aqm-am205;  26.56;  29.01;   428;   569;  3011;   827;     1;     0;  -101;  -101;   8.5; drag-lps8-03; 5; 9; 125000; 23013
2023-05-20 08:35:59; hka-aqm-am205;  26.58;  29.01;   427;   568;  3373;   944;     0;     0;   -95;   -95;   8.5; drag-lps8-05; 2; 9; 125000; 23014
2023-05-20 08:36:21; hka-aqm-am205;  26.61;  28.94;   426;   562;  3465;   980;     0;     0;   -96;   -96;  12.0; drag-lps8-05; 1; 9; 125000; 23015
2023-05-20 08:36:44; hka-aqm-am205;  26.60;  28.94;   426;   561;  3559;  1007;     1;     0;   -98;   -98;   8.5; drag-lps8-03; 5; 9; 125000; 23016
2023-05-20 08:37:06; hka-aqm-am205;  26.60;  28.94;   426;   572;  3258;   903;     2;     0;  -102;  -102;  11.0; drag-lps8-03; 7; 9; 125000; 23017
2023-05-20 08:37:35; hka-aqm-am205;  26.63;  28.94;   426;   569;  2527;   670;     0;     0;   -93;   -93;  11.8; drag-lps8-05; 4; 9; 125000; 23018
2023-05-20 08:38:15; hka-aqm-am205;  26.65;  28.94;   426;   572;  2701;   728;     1;     0;   -96;   -96;  11.2; drag-lps8-05; 3; 9; 125000; 23019
2023-05-20 08:38:38; hka-aqm-am205;  26.66;  28.94;   426;   570;  2587;   699;     1;     0;   -94;   -94;  11.5; drag-lps8-05; 6; 9; 125000; 23020
2023-05-20 08:39:01; hka-aqm-am205;  26.68;  28.91;   426;   569;  2702;   736;     1;     0;  -101;  -101;   9.5; drag-lps8-03; 0; 9; 125000; 23021
2023-05-20 08:39:23; hka-aqm-am205;  26.69;  28.91;   426;   568;  2771;   766;     1;     0;   -99;   -99;  10.8; drag-lps8-03; 4; 9; 125000; 23022
2023-05-20 08:39:46; hka-aqm-am205;  26.71;  28.87;   426;   568;  2259;   604;     1;     0;  -100;  -100;   9.5; drag-lps8-03; 6; 9; 125000; 23023
2023-05-20 08:40:08; hka-aqm-am205;  26.72;  28.87;   426;   563;  2594;   722;     0;     0;  -102;  -102;  10.2; drag-lps8-03; 3; 9; 125000; 23024
2023-05-20 08:40:33; hka-aqm-am205;  26.73;  28.87;   430;   562;  2436;   672;     1;     0;  -102;  -102;   9.5; drag-lps8-03; 0; 9; 125000; 23025
2023-05-20 08:40:56; hka-aqm-am205;  26.74;  28.87;   428;   564;  2528;   708;     1;     0;  -102;  -102;  11.2; drag-lps8-03; 7; 9; 125000; 23026
2023-05-20 08:41:19; hka-aqm-am205;  26.75;  28.87;   427;   565;  2097;   572;     1;     0;   -95;   -95;   7.2; drag-lps8-05; 5; 9; 125000; 23027
2023-05-20 08:41:41; hka-aqm-am205;  26.77;  28.81;   426;   564;  1633;   433;     1;     0;   -95;   -95;   8.0; drag-lps8-05; 2; 9; 125000; 23028
2023-05-20 08:42:04; hka-aqm-am205;  26.80;  28.81;   426;   543;  1581;   420;     2;     0;   -95;   -95;   9.2; drag-lps8-05; 1; 9; 125000; 23029
2023-05-20 08:42:26; hka-aqm-am205;  26.80;  28.81;   426;   550;  1511;   402;     2;     0;  -102;  -102;   8.8; drag-lps8-03; 3; 9; 125000; 23030
2023-05-20 08:43:13; hka-aqm-am205;  26.81;  28.81;   430;   564;  1369;   364;     2;     0;  -102;  -102;   8.8; drag-lps8-03; 5; 9; 125000; 23031
2023-05-20 08:43:55; hka-aqm-am205;  26.83;  28.77;   432;   565;  1227;   327;     2;     0;   -95;   -95;  11.8; drag-lps8-05; 6; 9; 125000; 23032
2023-05-20 08:47:36; hka-aqm-am205;  26.90;  28.70;   432;   567;  1231;   334;     1;     0;   -99;   -99;   8.8; drag-lps8-03; 2; 9; 125000; 23033
2023-05-20 08:47:58; hka-aqm-am205;  26.91;  28.67;   430;   566;  1283;   350;     1;     0;  -101;  -101;  11.2; drag-lps8-03; 0; 9; 125000; 23034
2023-05-20 08:48:36; hka-aqm-am205;  26.91;  28.67;   432;   591;  1419;   386;     1;     0;   -94;   -94;  10.5; drag-lps8-05; 4; 9; 125000; 23035
2023-05-20 08:48:58; hka-aqm-am205;  26.92;  28.67;   430;   581;  1496;   407;     1;     0;  -100;  -100;  10.5; drag-lps8-03; 7; 9; 125000; 23036
2023-05-20 08:49:34; hka-aqm-am205;  26.93;  28.67;   432;   573;  1655;   449;     1;     0;   -95;   -95;  12.5; drag-lps8-05; 1; 9; 125000; 23037
2023-05-20 08:49:57; hka-aqm-am205;  26.94;  28.64;   430;   570;  1773;   482;     1;     0;   -95;   -95;  11.2; drag-lps8-05; 7; 9; 125000; 23038
2023-05-20 08:50:20; hka-aqm-am205;  26.94;  28.60;   428;   568;  1911;   518;     1;     0;   -94;   -94;   8.8; drag-lps8-05; 5; 9; 125000; 23039
2023-05-20 08:50:42; hka-aqm-am205;  26.96;  28.60;   427;   566;  1988;   536;     0;     0;  -101;  -101;   7.5; drag-lps8-03; 2; 9; 125000; 23040
2023-05-20 08:51:05; hka-aqm-am205;  26.95;  28.60;   426;   565;  2078;   556;     0;     0;  -101;  -101;  11.2; drag-lps8-03; 6; 9; 125000; 23041
2023-05-20 08:51:27; hka-aqm-am205;  26.95;  28.60;   426;   564;  2167;   580;     0;     0;   -95;   -95;  11.5; drag-lps8-05; 4; 9; 125000; 23042
2023-05-20 08:52:13; hka-aqm-am205;  26.98;  28.60;   434;   565;  2332;   620;     1;     0;  -102;  -102;  10.2; drag-lps8-03; 0; 9; 125000; 23043
2023-05-20 08:52:54; hka-aqm-am205;  27.00;  28.57;   429;   564;  2443;   644;     1;     0;   -94;   -94;  10.5; drag-lps8-05; 3; 9; 125000; 23044
2023-05-20 08:53:55; hka-aqm-am205;  26.99;  28.57;   431;   566;  2479;   646;     2;     0;  -101;  -101;  10.2; drag-lps8-03; 1; 9; 125000; 23045
2023-05-20 08:54:18; hka-aqm-am205;  27.01;  28.53;   429;   566;  2695;   713;     2;     0;   -99;   -99;  10.2; drag-lps8-03; 6; 9; 125000; 23046
2023-05-20 08:55:14; hka-aqm-am205;  27.04;  28.53;   436;   578;  3001;   804;     2;     0;   -96;   -96;  11.5; drag-lps8-05; 3; 9; 125000; 23047
2023-05-20 08:55:37; hka-aqm-am205;  27.04;  28.53;   432;   574;  3222;   872;     1;     0;   -96;   -96;  10.2; drag-lps8-05; 1; 9; 125000; 23048
2023-05-20 08:56:14; hka-aqm-am205;  27.05;  28.53;   434;   571;  2919;   770;     0;     0;   -93;   -93;   8.5; drag-lps8-05; 5; 9; 125000; 23049
2023-05-20 08:56:37; hka-aqm-am205;  27.07;  28.50;   431;   566;  3052;   811;     0;     0;  -102;  -102;  10.5; drag-lps8-03; 7; 9; 125000; 23050
2023-05-20 08:56:59; hka-aqm-am205;  27.08;  28.50;   429;   570;  3226;   869;     0;     0;  -100;  -100;   7.8; drag-lps8-03; 2; 9; 125000; 23051
2023-05-20 08:57:55; hka-aqm-am205;  27.10;  28.50;   435;   568;  3354;   924;     0;     0;  -100;  -100;   9.8; drag-lps8-03; 4; 9; 125000; 23052
2023-05-20 08:59:55; hka-aqm-am205;  27.18;  28.47;   432;   567;  2773;   718;     1;     0;  -102;  -102;  11.0; drag-lps8-03; 0; 9; 125000; 23053
2023-05-20 09:00:35; hka-aqm-am205;  27.21;  28.47;   428;   569;  2857;   737;     1;     0;  -101;  -101;   9.8; drag-lps8-03; 3; 9; 125000; 23054
2023-05-20 09:00:57; hka-aqm-am205;  27.20;  28.43;   427;   578;  2917;   759;     0;     0;   -95;   -95;  11.2; drag-lps8-05; 0; 9; 125000; 23055
2023-05-20 09:01:20; hka-aqm-am205;  27.22;  28.43;   426;   574;  3095;   812;     0;     0;  -100;  -100;  11.2; drag-lps8-03; 6; 9; 125000; 23056
2023-05-20 09:01:43; hka-aqm-am205;  27.24;  28.40;   426;   571;  2719;   687;     0;     0;   -99;   -99;   7.8; drag-lps8-03; 2; 9; 125000; 23057
2023-05-20 09:02:05; hka-aqm-am205;  27.23;  28.40;   426;   572;  3049;   796;     1;     0;   -95;   -95;   8.8; drag-lps8-05; 5; 9; 125000; 23058
2023-05-20 09:02:28; hka-aqm-am205;  27.25;  28.40;   426;   571;  3246;   857;     1;     0;  -100;  -100;  11.0; drag-lps8-03; 1; 9; 125000; 23059
2023-05-20 09:02:55; hka-aqm-am205;  27.28;  28.36;   427;   598;  3203;   837;     1;     0;   -96;   -96;  10.0; drag-lps8-05; 7; 9; 125000; 23060
2023-05-20 09:05:35; hka-aqm-am205;  27.36;  28.33;   424;   575;  3046;   763;     1;     0;   -94;   -94;  12.5; drag-lps8-05; 4; 9; 125000; 23061
2023-05-20 09:05:57; hka-aqm-am205;  27.40;  28.33;   424;   571;  2958;   736;     1;     0;  -102;  -102;  10.5; drag-lps8-03; 1; 9; 125000; 23062
2023-05-20 09:06:20; hka-aqm-am205;  27.40;  28.30;   424;   570;  3047;   766;     1;     0;   -95;   -95;  11.0; drag-lps8-05; 3; 9; 125000; 23063
2023-05-20 09:08:15; hka-aqm-am205;  27.45;  28.26;   433;   568;  3005;   748;     2;     0;   -94;   -94;  12.0; drag-lps8-05; 4; 9; 125000; 23064
2023-05-20 09:14:55; hka-aqm-am205;  27.68;  28.06;   428;   569;  2667;   656;     2;     0;   -95;   -95;  11.5; drag-lps8-05; 6; 9; 125000; 23065
2023-05-20 09:15:54; hka-aqm-am205;  27.72;  28.06;   429;   577;  2563;   629;     1;     0;   -96;   -96;  11.5; drag-lps8-05; 7; 9; 125000; 23066
2023-05-20 09:16:33; hka-aqm-am205;  27.72;  28.06;   432;   573;  2472;   606;     1;     0;  -101;  -101;   8.8; drag-lps8-03; 2; 9; 125000; 23067
2023-05-20 09:17:15; hka-aqm-am205;  27.76;  28.02;   435;   572;  2694;   677;     2;     0;  -100;  -100;   8.8; drag-lps8-03; 5; 9; 125000; 23068
2023-05-20 09:17:38; hka-aqm-am205;  27.78;  27.99;   433;   575;  2522;   622;     1;     0;   -97;   -97;  11.0; drag-lps8-05; 0; 9; 125000; 23069
2023-05-20 09:18:00; hka-aqm-am205;  27.79;  27.99;   431;   573;  2629;   660;     1;     0;   -95;   -95;  11.5; drag-lps8-05; 3; 9; 125000; 23070
2023-05-20 09:21:56; hka-aqm-am205;  27.88;  27.85;   427;   571;  2555;   649;     3;     0;   -96;   -96;  10.8; drag-lps8-05; 1; 9; 125000; 23071
2023-05-20 09:22:18; hka-aqm-am205;  27.90;  27.85;   426;   569;  2629;   677;     1;     0;   -99;   -99;  11.2; drag-lps8-03; 6; 9; 125000; 23072
2023-05-20 09:23:54; hka-aqm-am205;  27.94;  27.85;   428;   567;  2468;   644;     2;     0;  -101;  -101;  11.0; drag-lps8-03; 4; 9; 125000; 23073
2023-05-20 09:24:17; hka-aqm-am205;  27.96;  27.85;   427;   546;  2390;   622;     2;     0;  -102;  -102;  11.5; drag-lps8-03; 7; 9; 125000; 23074
2023-05-20 09:24:39; hka-aqm-am205;  27.98;  27.79;   426;   554;  2460;   651;     0;     0;   -93;   -93;   8.8; drag-lps8-05; 5; 9; 125000; 23075
2023-05-20 09:25:15; hka-aqm-am205;  28.01;  27.82;   430;   576;  2387;   636;     2;     0;   -97;   -97;  11.2; drag-lps8-05; 0; 9; 125000; 23076
2023-05-20 09:25:37; hka-aqm-am205;  28.02;  27.79;   427;   573;  2266;   599;     2;     0;   -96;   -96;   7.8; drag-lps8-05; 2; 9; 125000; 23077
2023-05-20 09:26:13; hka-aqm-am205;  28.03;  27.79;   429;   559;  2341;   630;     1;     0;  -102;  -102;  12.2; drag-lps8-03; 0; 9; 125000; 23078
2023-05-20 09:26:55; hka-aqm-am205;  28.06;  27.75;   426;   585;  2399;   650;     1;     0;   -95;   -95;   8.0; drag-lps8-05; 2; 9; 125000; 23079
2023-05-20 09:27:17; hka-aqm-am205;  28.06;  27.72;   426;   579;  2221;   595;     1;     0;  -102;  -102;  11.2; drag-lps8-03; 7; 9; 125000; 23080
2023-05-20 09:27:40; hka-aqm-am205;  28.06;  27.79;   426;   549;  2318;   628;     0;     0;   -94;   -94;   9.0; drag-lps8-05; 5; 9; 125000; 23081
2023-05-20 09:28:03; hka-aqm-am205;  28.06;  27.72;   426;   556;  2240;   597;     1;     0;  -102;  -102;  11.8; drag-lps8-03; 3; 9; 125000; 23082
2023-05-20 09:28:25; hka-aqm-am205;  28.06;  27.72;   426;   559;  1774;   442;     1;     0;   -95;   -95;  11.5; drag-lps8-05; 6; 9; 125000; 23083
2023-05-20 09:28:48; hka-aqm-am205;  28.08;  27.72;   426;   563;  1712;   426;     0;     0;  -100;  -100;   9.2; drag-lps8-03; 1; 9; 125000; 23084
2023-05-20 09:29:14; hka-aqm-am205;  28.09;  27.72;   426;   568;  1785;   459;     2;     0;   -94;   -94;  12.0; drag-lps8-05; 4; 9; 125000; 23085
2023-05-20 09:29:37; hka-aqm-am205;  28.10;  27.65;   426;   575;  1728;   444;     2;     0;  -101;  -101;   8.0; drag-lps8-03; 5; 9; 125000; 23086
2023-05-20 09:29:59; hka-aqm-am205;  28.11;  27.72;   426;   572;  2231;   626;     2;     0;   -94;   -94;  12.8; drag-lps8-05; 4; 9; 125000; 23087
2023-05-20 09:30:22; hka-aqm-am205;  28.12;  27.65;   426;   572;  2038;   557;     1;     0;   -99;   -99;   8.5; drag-lps8-03; 2; 9; 125000; 23088
2023-05-20 09:30:45; hka-aqm-am205;  28.13;  27.65;   426;   570;  1851;   492;     1;     0;  -100;  -100;  10.0; drag-lps8-03; 6; 9; 125000; 23089
2023-05-20 09:31:07; hka-aqm-am205;  28.14;  27.65;   426;   570;  1751;   465;     2;     0;  -101;  -101;   9.8; drag-lps8-03; 7; 9; 125000; 23090
2023-05-20 09:31:53; hka-aqm-am205;  28.17;  27.65;   430;   566;  2116;   602;     1;     0;  -101;  -101;  10.5; drag-lps8-03; 1; 9; 125000; 23091
2023-05-20 09:32:33; hka-aqm-am205;  28.17;  27.62;   432;   565;  2058;   590;     1;     0;   -95;   -95;  10.5; drag-lps8-05; 3; 9; 125000; 23092
2023-05-20 09:32:56; hka-aqm-am205;  28.19;  27.58;   431;   564;  1438;   374;     1;     0;  -102;  -102;  11.2; drag-lps8-03; 0; 9; 125000; 23093
2023-05-20 09:33:36; hka-aqm-am205;  28.20;  27.58;   428;   567;  1485;   394;     1;     0;  -102;  -102;  10.8; drag-lps8-03; 3; 9; 125000; 23094
2023-05-20 09:33:58; hka-aqm-am205;  28.20;  27.58;   427;   569;  1904;   542;     0;     0;  -101;  -101;  11.5; drag-lps8-03; 4; 9; 125000; 23095
2023-05-20 09:34:21; hka-aqm-am205;  28.22;  27.58;   426;   568;  1773;   500;     1;     0;   -95;   -95;  11.5; drag-lps8-05; 6; 9; 125000; 23096
2023-05-20 09:34:55; hka-aqm-am205;  28.22;  27.58;   430;   567;  1339;   360;     1;     0;   -95;   -95;  11.8; drag-lps8-05; 0; 9; 125000; 23097
2023-05-20 09:36:56; hka-aqm-am205;  28.28;  27.51;   431;   568;  1230;   332;     1;     0;   -96;   -96;  10.2; drag-lps8-05; 1; 9; 125000; 23098
2023-05-20 09:52:02; hka-aqm-am205;  28.42;  27.24;   428;   573;  1423;   379;     1;     0;  -100;  -100;   8.8; drag-lps8-03; 2; 9; 125000; 23099
2023-05-20 09:52:25; hka-aqm-am205;  28.42;  27.24;   427;   572;  1480;   395;     2;     0;  -101;  -101;   7.8; drag-lps8-03; 5; 9; 125000; 23100
2023-05-20 09:52:47; hka-aqm-am205;  28.44;  27.21;   426;   569;  1574;   430;     1;     0;  -101;  -101; nan; drag-lps8-03; 7; 9; 125000; 23101
2023-05-20 09:53:33; hka-aqm-am205;  28.44;  27.21;   430;   584;  1477;   389;     1;     0;  -100;  -100;  11.2; drag-lps8-03; 0; 9; 125000; 23102
2023-05-20 09:59:14; hka-aqm-am205;  28.51;  27.17;   426;   566;  1754;   459;     1;     0;  -100;  -100;   9.5; drag-lps8-03; 4; 9; 125000; 23103
2023-05-20 09:59:37; hka-aqm-am205;  28.49;  27.11;   426;   565;  1596;   408;     1;     0;   -95;   -95;  10.8; drag-lps8-05; 3; 9; 125000; 23104
2023-05-20 10:04:13; hka-aqm-am205;  28.53;  27.11;   427;   564;  1615;   418;     2;     0;  -101;  -101;   9.8; drag-lps8-03; 1; 9; 125000; 23105
2023-05-20 10:04:36; hka-aqm-am205;  28.52;  27.11;   425;   564;  1510;   382;     0;     0;   -97;   -97;  13.0; drag-lps8-05; 7; 9; 125000; 23106
2023-05-20 10:04:58; hka-aqm-am205;  28.54;  27.11;   424;   566;  1567;   400;     0;     0;  -101;  -101;   8.5; drag-lps8-03; 2; 9; 125000; 23107
2023-05-20 10:17:14; hka-aqm-am205;  28.57;  27.04;   423;   565;  1505;   388;     3;     0;  -100;  -100;  11.0; drag-lps8-03; 6; 9; 125000; 23108
2023-05-20 10:18:15; hka-aqm-am205;  28.57;  27.04;   423;   567;  1657;   456;     1;     0;   -95;   -95;   8.5; drag-lps8-05; 5; 9; 125000; 23109
2023-05-20 10:18:37; hka-aqm-am205;  28.58;  27.04;   423;   565;  1431;   371;     0;     0;  -101;  -101;  11.5; drag-lps8-03; 6; 9; 125000; 23110
2023-05-20 10:24:34; hka-aqm-am205;  28.58;  27.11;   427;   595;  1488;   393;     2;     0;   -95;   -95;  11.5; drag-lps8-05; 3; 9; 125000; 23111
2023-05-20 10:31:36; hka-aqm-am205;  28.60;  27.11;   422;   565;  1641;   451;     1;     0;  -102;  -102;   9.0; drag-lps8-03; 7; 9; 125000; 23112
2023-05-20 10:31:58; hka-aqm-am205;  28.60;  27.14;   421;   564;  1802;   512;     2;     0;  -103;  -103;  10.2; drag-lps8-03; 0; 9; 125000; 23113
2023-05-20 10:32:21; hka-aqm-am205;  28.58;  27.14;   421;   563;  1749;   492;     2;     0;  -102;  -102;   8.8; drag-lps8-03; 2; 9; 125000; 23114
2023-05-20 10:32:44; hka-aqm-am205;  28.59;  27.17;   421;   563;  1591;   421;     0;     0;  -100;  -100;   8.2; drag-lps8-03; 5; 9; 125000; 23115
2023-05-20 10:33:06; hka-aqm-am205;  28.59;  27.14;   421;   563;  1822;   517;     0;     0;  -101;  -101;  11.5; drag-lps8-03; 4; 9; 125000; 23116
2023-05-20 10:33:34; hka-aqm-am205;  28.58;  27.17;   421;   562;  1583;   412;     1;     0;   -94;   -94;  11.5; drag-lps8-05; 1; 9; 125000; 23117
2023-05-20 10:34:13; hka-aqm-am205;  28.58;  27.14;   425;   566;  1526;   390;     1;     0;  -102;  -102;   8.5; drag-lps8-03; 2; 9; 125000; 23118
2023-05-20 10:34:36; hka-aqm-am205;  28.58;  27.17;   424;   565;  1651;   438;     1;     0;   -97;   -97;  10.5; drag-lps8-05; 7; 9; 125000; 23119
2023-05-20 10:34:58; hka-aqm-am205;  28.60;  27.17;   423;   570;  1781;   489;     1;     0;   -96;   -96;  11.8; drag-lps8-05; 0; 9; 125000; 23120
2023-05-20 10:35:21; hka-aqm-am205;  28.60;  27.17;   423;   569;  1875;   528;     1;     0;   -96;   -96;  11.2; drag-lps8-05; 3; 9; 125000; 23121
2023-05-20 10:35:55; hka-aqm-am205;  28.59;  27.17;   423;   543;  1720;   456;     2;     0;   -95;   -95;  12.5; drag-lps8-05; 4; 9; 125000; 23122
2023-05-20 10:36:17; hka-aqm-am205;  28.60;  27.17;   423;   550;  1657;   428;     2;     0;   -93;   -93;   8.5; drag-lps8-05; 5; 9; 125000; 23123
2023-05-20 10:36:55; hka-aqm-am205;  28.61;  27.17;   423;   558;  1735;   448;     2;     0;  -101;  -101;  11.0; drag-lps8-03; 6; 9; 125000; 23124
2023-05-20 10:37:17; hka-aqm-am205;  28.62;  27.17;   423;   560;  1625;   409;     1;     0;   -95;   -95;  12.0; drag-lps8-05; 1; 9; 125000; 23125
2023-05-20 10:37:55; hka-aqm-am205;  28.63;  27.17;   423;   563;  1782;   473;     1;     0;   -95;   -95;  11.0; drag-lps8-05; 6; 9; 125000; 23126
2023-05-20 10:38:17; hka-aqm-am205;  28.62;  27.17;   423;   584;  2016;   559;     0;     0;   -96;   -96;  12.5; drag-lps8-05; 3; 9; 125000; 23127
2023-05-20 10:43:54; hka-aqm-am205;  28.64;  27.24;   421;   567;  1805;   490;     1;     6;  -101;  -101;  11.0; drag-lps8-03; 1; 9; 125000; 23128
2023-05-20 10:44:53; hka-aqm-am205;  28.65;  27.24;   424;   567;  1767;   472;     0;     0;  -101;  -101;  11.0; drag-lps8-03; 4; 9; 125000; 23129
2023-05-20 10:45:16; hka-aqm-am205;  28.66;  27.24;   422;   528;  1823;   498;     1;     0;  -103;  -103;  10.2; drag-lps8-03; 0; 9; 125000; 23130
2023-05-20 10:45:38; hka-aqm-am205;  28.65;  27.21;   421;   541;  1668;   439;     1;     0;   -96;   -96;   8.2; drag-lps8-05; 2; 9; 125000; 23131
2023-05-20 10:46:01; hka-aqm-am205;  28.66;  27.24;   420;   548;  1831;   505;     2;     0;  -100;  -100;   9.8; drag-lps8-03; 7; 9; 125000; 23132
2023-05-20 10:58:14; hka-aqm-am205;  28.73;  27.17;   423;   572;  1500;   397;     3;     0;   -95;   -95;   8.8; drag-lps8-05; 5; 9; 125000; 23133
2023-05-20 10:59:13; hka-aqm-am205;  28.74;  27.17;   425;   565;  1679;   468;     2;     0;  -100;  -100;   9.8; drag-lps8-03; 1; 9; 125000; 23134
2023-05-20 11:02:13; hka-aqm-am205;  28.72;  27.17;   427;   563;  1621;   448;     2;     0;  -102;  -102;  10.0; drag-lps8-03; 7; 9; 125000; 23136
2023-05-20 11:02:36; hka-aqm-am205;  28.72;  27.24;   424;   562;  1362;   346;     2;     0;   -92;   -92;  10.5; drag-lps8-05; 4; 9; 125000; 23137
2023-05-20 11:03:34; hka-aqm-am205;  28.75;  27.17;   420;   559;  1493;   413;     2;     0;  -101;  -101;   8.0; drag-lps8-03; 5; 9; 125000; 23138
2023-05-20 11:03:57; hka-aqm-am205;  28.73;  27.21;   420;   590;  1256;   314;     1;     0;  -102;  -102;  12.0; drag-lps8-03; 0; 9; 125000; 23139
2023-05-20 11:07:53; hka-aqm-am205;  28.72;  27.24;   428;   560;  1316;   345;     2;     0;   -96;   -96;   8.2; drag-lps8-05; 2; 9; 125000; 23140
2023-05-20 11:08:16; hka-aqm-am205;  28.71;  27.24;   425;   615;  1412;   384;     0;     0;  -101;  -101;  11.0; drag-lps8-03; 6; 9; 125000; 23141
2023-05-20 11:09:13; hka-aqm-am205;  28.73;  27.24;   425;   581;  1391;   372;     1;     0;  -101;  -101;   7.5; drag-lps8-03; 2; 9; 125000; 23142
2023-05-20 11:09:36; hka-aqm-am205;  28.72;  27.24;   423;   573;  1506;   422;     1;     0;   -96;   -96;  11.5; drag-lps8-05; 1; 9; 125000; 23143
2023-05-20 11:09:58; hka-aqm-am205;  28.71;  27.28;   422;   568;  1624;   478;     1;     0;   -95;   -95;  11.2; drag-lps8-05; 6; 9; 125000; 23144
2023-05-20 11:11:53; hka-aqm-am205;  28.70;  27.31;   428;   570;  1303;   341;     1;     0;  -102;  -102;   9.8; drag-lps8-03; 0; 9; 125000; 23145
2023-05-20 11:12:34; hka-aqm-am205;  28.71;  27.31;   423;   605;  1596;   472;     0;     0;   -95;   -95;  10.0; drag-lps8-05; 3; 9; 125000; 23146
2023-05-20 11:12:57; hka-aqm-am205;  28.72;  27.31;   422;   590;  1439;   395;     1;     0;   -95;   -95;   8.2; drag-lps8-05; 5; 9; 125000; 23147
2023-05-20 11:14:34; hka-aqm-am205;  28.71;  27.34;   424;   566;  1606;   476;     1;     0;   -94;   -94;   9.8; drag-lps8-05; 7; 9; 125000; 23148
2023-05-20 11:15:15; hka-aqm-am205;  28.71;  27.34;   421;   560;  1306;   347;     1;     0;  -101;  -101;  11.0; drag-lps8-03; 4; 9; 125000; 23149
2023-05-20 11:15:38; hka-aqm-am205;  28.72;  27.38;   420;   559;  1460;   416;     1;     0;   -96;   -96;   8.0; drag-lps8-05; 2; 9; 125000; 23150
2023-05-20 11:16:00; hka-aqm-am205;  28.70;  27.34;   420;   558;  1527;   450;     1;     0;  -101;  -101;  10.8; drag-lps8-03; 6; 9; 125000; 23151
2023-05-20 11:16:23; hka-aqm-am205;  28.72;  27.34;   420;   557;  1245;   331;     0;     0;   -96;   -96;  12.8; drag-lps8-05; 0; 9; 125000; 23152
2023-05-20 11:18:36; hka-aqm-am205;  28.70;  27.34;   420;   608;  1388;   400;     1;     0;  -102;  -102;  10.8; drag-lps8-03; 7; 9; 125000; 23153
2023-05-20 11:18:58; hka-aqm-am205;  28.70;  27.38;   420;   597;  1174;   313;     0;     0;   -93;   -93;   8.8; drag-lps8-05; 5; 9; 125000; 23154
2023-05-20 11:20:34; hka-aqm-am205;  28.71;  27.38;   421;   566;  1230;   335;     1;     0;   -96;   -96;  10.8; drag-lps8-05; 3; 9; 125000; 23155
2023-05-20 11:22:55; hka-aqm-am205;  28.72;  27.41;   421;   560;  1531;   464;     2;     0;   -95;   -95;  12.2; drag-lps8-05; 1; 9; 125000; 23156
2023-05-20 11:23:35; hka-aqm-am205;  28.71;  27.45;   420;   556;  1391;   411;     1;     0;  -101;  -101;  11.2; drag-lps8-03; 4; 9; 125000; 23157
2023-05-20 11:23:58; hka-aqm-am205;  28.70;  27.41;   420;   556;  1211;   330;     1;     0;   -96;   -96;  11.5; drag-lps8-05; 0; 9; 125000; 23158
2023-05-20 11:25:14; hka-aqm-am205;  28.69;  27.41;   422;   559;  1308;   370;     1;     0;  -101;  -101;  11.8; drag-lps8-03; 7; 9; 125000; 23159
2023-05-20 11:25:37; hka-aqm-am205;  28.72;  27.45;   421;   559;  1477;   446;     0;     0;   -94;   -94;  10.2; drag-lps8-05; 4; 9; 125000; 23160
2023-05-20 11:25:59; hka-aqm-am205;  28.70;  27.45;   420;   559;  1288;   364;     0;     0;  -100;  -100;   9.2; drag-lps8-03; 1; 9; 125000; 23161
2023-05-20 11:26:22; hka-aqm-am205;  28.71;  27.45;   420;   587;  1229;   337;     1;     0;   -96;   -96;   8.8; drag-lps8-05; 2; 9; 125000; 23162
2023-05-20 11:27:54; hka-aqm-am205;  28.69;  27.45;   419;   562;  1356;   387;     2;     0;  -102;  -102;  11.5; drag-lps8-03; 3; 9; 125000; 23163
2023-05-20 11:28:17; hka-aqm-am205;  28.70;  27.45;   418;   562;  1531;   463;     2;     0;  -101;  -101;  10.2; drag-lps8-03; 6; 9; 125000; 23164
2023-05-20 11:28:39; hka-aqm-am205;  28.70;  27.45;   418;   561;  1274;   352;     0;     0;   -94;   -94;   8.8; drag-lps8-05; 5; 9; 125000; 23165
2023-05-20 11:35:54; hka-aqm-am205;  28.69;  27.51;   421;   567;  1341;   364;     2;     0;   -94;   -94;   9.8; drag-lps8-05; 4; 9; 125000; 23166
2023-05-20 11:36:33; hka-aqm-am205;  28.68;  27.51;   424;   563;  1589;   470;     2;     0;   -96;   -96;   8.8; drag-lps8-05; 2; 9; 125000; 23167
2023-05-20 11:37:34; hka-aqm-am205;  28.70;  27.51;   422;   561;  1456;   408;     2;     0;   -98;   -98;   9.2; drag-lps8-03; 3; 9; 125000; 23168
2023-05-20 11:38:14; hka-aqm-am205;  28.70;  27.51;   419;   562;  1506;   427;     2;     0;   -93;   -93;   9.0; drag-lps8-05; 5; 9; 125000; 23169
2023-05-20 11:38:37; hka-aqm-am205;  28.70;  27.51;   418;   561;  1394;   375;     0;     0;  -101;  -101;  12.0; drag-lps8-03; 0; 9; 125000; 23170
2023-05-20 11:39:35; hka-aqm-am205;  28.70;  27.51;   417;   574;  1539;   436;     1;     0;   -95;   -95;  11.5; drag-lps8-05; 6; 9; 125000; 23171
2023-05-20 11:39:58; hka-aqm-am205;  28.69;  27.51;   417;   570;  1688;   497;     1;     0;   -96;   -96;  11.5; drag-lps8-05; 7; 9; 125000; 23172
2023-05-20 11:40:20; hka-aqm-am205;  28.68;  27.51;   417;   566;  1496;   411;     0;     0;  -100;  -100;  10.8; drag-lps8-03; 1; 9; 125000; 23173
2023-05-20 11:42:56; hka-aqm-am205;  28.69;  27.51;   425;   558;  1647;   464;     1;     0;   -95;   -95;  10.8; drag-lps8-05; 0; 9; 125000; 23174
2023-05-20 11:43:18; hka-aqm-am205;  28.69;  27.51;   423;   559;  1724;   500;     1;     0;   -99;   -99;   9.0; drag-lps8-03; 7; 9; 125000; 23175
2023-05-20 11:43:41; hka-aqm-am205;  28.71;  27.51;   421;   563;  1616;   452;     1;     0;   -95;   -95;  11.0; drag-lps8-05; 3; 9; 125000; 23176
2023-05-20 11:44:33; hka-aqm-am205;  28.70;  27.55;   422;   544;  1762;   520;     2;     0;   -96;   -96;  11.8; drag-lps8-05; 1; 9; 125000; 23177
2023-05-20 11:45:35; hka-aqm-am205;  28.71;  27.51;   418;   567;  1544;   429;     2;     0;   -97;   -97;  10.0; drag-lps8-03; 4; 9; 125000; 23178
2023-05-20 11:46:53; hka-aqm-am205;  28.69;  27.55;   425;   568;  1651;   485;     2;     0;  -100;  -100;   8.0; drag-lps8-03; 5; 9; 125000; 23179
2023-05-20 11:47:16; hka-aqm-am205;  28.71;  27.58;   422;   571;  1504;   417;     0;     0;   -95;   -95;  11.5; drag-lps8-05; 6; 9; 125000; 23180
2023-05-20 11:47:38; hka-aqm-am205;  28.72;  27.51;   420;   569;  1623;   466;     0;     0;   -96;   -96;   8.2; drag-lps8-05; 2; 9; 125000; 23181
2023-05-20 11:48:01; hka-aqm-am205;  28.72;  27.55;   419;   568;  1562;   436;     1;     0;  -100;  -100;  10.2; drag-lps8-03; 7; 9; 125000; 23182
2023-05-20 11:48:24; hka-aqm-am205;  28.72;  27.55;   418;   566;  1500;   408;     1;     0;   -99;   -99;   9.0; drag-lps8-03; 1; 9; 125000; 23183
2023-05-20 11:48:55; hka-aqm-am205;  28.72;  27.55;   421;   565;  1664;   483;     1;     0;   -97;   -97;   9.5; drag-lps8-03; 3; 9; 125000; 23184
2023-05-20 11:49:17; hka-aqm-am205;  28.72;  27.55;   419;   565;  1535;   421;     0;     0;   -93;   -93;   8.8; drag-lps8-05; 5; 9; 125000; 23185
2023-05-20 11:50:34; hka-aqm-am205;  28.70;  27.58;   419;   562;  1740;   511;     1;     0;   -95;   -95;  11.8; drag-lps8-05; 4; 9; 125000; 23186
2023-05-20 11:50:57; hka-aqm-am205;  28.72;  27.58;   418;   564;  1816;   549;     1;     0;   -95;   -95;   8.5; drag-lps8-05; 2; 9; 125000; 23187
2023-05-20 11:51:36; hka-aqm-am205;  28.73;  27.58;   422;   565;  1712;   499;     1;     0;   -95;   -95;   7.2; drag-lps8-03; 6; 9; 125000; 23188
2023-05-20 11:51:58; hka-aqm-am205;  28.71;  27.58;   421;   565;  1591;   446;     0;     0;  -100;  -100;  10.0; drag-lps8-03; 0; 9; 125000; 23189
2023-05-20 11:52:21; hka-aqm-am205;  28.72;  27.58;   420;   565;  1499;   407;     0;     0;   -96;   -96;  12.0; drag-lps8-05; 3; 9; 125000; 23190
2023-05-20 11:54:53; hka-aqm-am205;  28.70;  27.65;   425;   562;  1838;   555;     1;     0;   -96;   -96;   8.5; drag-lps8-05; 2; 9; 125000; 23191
2023-05-20 11:55:16; hka-aqm-am205;  28.72;  27.58;   422;   563;  1771;   527;     2;     0;   -93;   -93;   8.0; drag-lps8-03; 6; 9; 125000; 23192
2023-05-20 11:55:55; hka-aqm-am205;  28.72;  27.58;   419;   562;  1527;   425;     2;     0;   -99;   -99;  11.0; drag-lps8-03; 7; 9; 125000; 23193
2023-05-20 11:56:55; hka-aqm-am205;  28.74;  27.62;   417;   562;  1691;   502;     2;     0;  -101;  -101;  -4.0; drag-lps8-05; 0; 9; 125000; 23194
2023-05-20 11:57:34; hka-aqm-am205;  28.73;  27.65;   416;   564;  1746;   538;     2;     0;   -95;   -95;  12.2; drag-lps8-05; 1; 9; 125000; 23195
2023-05-20 11:58:15; hka-aqm-am205;  28.74;  27.65;   416;   569;  1408;   397;     1;     0;   -95;   -95;  11.8; drag-lps8-05; 4; 9; 125000; 23196
2023-05-20 12:05:54; hka-aqm-am205;  28.75;  27.65;   417;   565;  1453;   421;     1;     0;   -95;   -95;   8.0; drag-lps8-05; 5; 9; 125000; 23197
2023-05-20 12:06:17; hka-aqm-am205;  28.74;  27.65;   417;   564;  1528;   455;     1;     0;  -100;  -100;   8.5; drag-lps8-03; 6; 9; 125000; 23198
2023-05-20 12:09:54; hka-aqm-am205;  28.76;  27.68;   428;   557;  1643;   492;     3;     0;   -99;   -99;  10.0; drag-lps8-03; 7; 9; 125000; 23199
2023-05-20 12:10:35; hka-aqm-am205;  28.77;  27.72;   421;   561;  1577;   458;     3;     0;   -94;   -94;   8.5; drag-lps8-05; 5; 9; 125000; 23200
2023-05-20 12:11:15; hka-aqm-am205;  28.76;  27.72;   423;   562;  1692;   511;     1;     0;   -93;   -93;  10.5; drag-lps8-05; 4; 9; 125000; 23201
2023-05-20 12:11:38; hka-aqm-am205;  28.76;  27.68;   421;   562;  1595;   467;     2;     0;   -96;   -96;  13.2; drag-lps8-05; 0; 9; 125000; 23202
2023-05-20 12:12:14; hka-aqm-am205;  28.76;  27.68;   418;   533;  1690;   508;     2;     0;   -96;   -96;   8.8; drag-lps8-05; 2; 9; 125000; 23203
2023-05-20 12:12:37; hka-aqm-am205;  28.75;  27.72;   417;   542;  1603;   469;     0;     0;   -96;   -96;  11.5; drag-lps8-05; 1; 9; 125000; 23204
2023-05-20 12:12:59; hka-aqm-am205;  28.76;  27.72;   417;   549;  1713;   517;     1;     0;   -95;   -95;  10.0; drag-lps8-05; 3; 9; 125000; 23205
2023-05-20 12:14:54; hka-aqm-am205;  28.75;  27.72;   417;   618;  1727;   521;     1;     0;   -95;   -95;   9.8; drag-lps8-03; 4; 9; 125000; 23206
2023-05-20 12:16:14; hka-aqm-am205;  28.78;  27.72;   421;   579;  1610;   467;     1;     0;   -94;   -94;  11.2; drag-lps8-05; 0; 9; 125000; 23207
2023-05-20 12:17:13; hka-aqm-am205;  28.77;  27.72;   422;   607;  1526;   433;     1;     0;  -102;  -102;   8.5; drag-lps8-03; 2; 9; 125000; 23208
2023-05-20 12:17:36; hka-aqm-am205;  28.78;  27.75;   421;   593;  1403;   386;     1;     0;  -101;  -101;  11.2; drag-lps8-03; 6; 9; 125000; 23209
2023-05-20 12:18:13; hka-aqm-am205;  28.77;  27.75;   424;   581;  1351;   365;     2;     0;  -102;  -102;  11.5; drag-lps8-03; 1; 9; 125000; 23210
2023-05-20 12:18:36; hka-aqm-am205;  28.77;  27.72;   421;   574;  1417;   401;     2;     0;  -102;  -102;  11.2; drag-lps8-03; 7; 9; 125000; 23211
2023-05-20 12:18:58; hka-aqm-am205;  28.78;  27.79;   418;   570;  1310;   356;     1;     0;  -102;  -102;   9.8; drag-lps8-03; 3; 9; 125000; 23212
2023-05-20 12:19:33; hka-aqm-am205;  28.77;  27.79;   420;   566;  1426;   414;     1;     0;   -95;   -95;   8.8; drag-lps8-05; 5; 9; 125000; 23213
2023-05-20 12:19:56; hka-aqm-am205;  28.76;  27.75;   419;   566;  1359;   384;     1;     0;  -101;  -101;   8.8; drag-lps8-03; 3; 9; 125000; 23214
2023-05-20 12:20:18; hka-aqm-am205;  28.78;  27.79;   417;   565;  1181;   311;     0;     0;  -102;  -102;   9.8; drag-lps8-03; 0; 9; 125000; 23215
2023-05-20 12:26:34; hka-aqm-am205;  28.76;  27.85;   418;   562;  1320;   349;     2;     0;  -101;  -101;   7.0; drag-lps8-03; 2; 9; 125000; 23216
2023-05-20 12:26:57; hka-aqm-am205;  28.76;  27.85;   417;   563;  1571;   459;     1;     0;   -95;   -95;  10.5; drag-lps8-05; 6; 9; 125000; 23217
2023-05-20 12:33:33; hka-aqm-am205;  28.78;  27.92;   418;   564;  1607;   474;     1;     0;   -94;   -94;   8.2; drag-lps8-05; 5; 9; 125000; 23218
2023-05-20 12:33:56; hka-aqm-am205;  28.78;  27.92;   416;   563;  1664;   503;     1;     0;   -95;   -95;  10.0; drag-lps8-05; 1; 9; 125000; 23219
2023-05-20 12:34:18; hka-aqm-am205;  28.78;  27.92;   415;   564;  1478;   417;     1;     0;  -102;  -102;   9.2; drag-lps8-03; 7; 9; 125000; 23220
2023-05-20 12:34:54; hka-aqm-am205;  28.78;  27.92;   414;   594;  1654;   497;     2;     0;   -95;   -95;  10.8; drag-lps8-05; 4; 9; 125000; 23221
2023-05-20 12:36:14; hka-aqm-am205;  28.80;  27.96;   422;   574;  1445;   411;     1;     0;   -94;   -94;  10.8; drag-lps8-05; 3; 9; 125000; 23222
2023-05-20 12:36:37; hka-aqm-am205;  28.79;  27.92;   419;   572;  1313;   356;     0;     0;   -99;   -99;  11.8; drag-lps8-03; 0; 9; 125000; 23223
2023-05-20 12:37:54; hka-aqm-am205;  28.79;  27.92;   414;   567;  1261;   338;     0;     0;   -95;   -95;  11.8; drag-lps8-05; 4; 9; 125000; 23224
2023-05-20 12:44:34; hka-aqm-am205;  28.78;  28.06;   417;   551;  1368;   385;     1;     0;  -102;  -102;   7.8; drag-lps8-03; 2; 9; 125000; 23225
2023-05-20 12:45:14; hka-aqm-am205;  28.78;  28.06;   421;   556;  1454;   425;     1;     0;   -95;   -95;   8.2; drag-lps8-05; 5; 9; 125000; 23226
2023-05-20 12:45:37; hka-aqm-am205;  28.79;  28.06;   419;   557;  1352;   379;     0;     0;  -102;  -102;  10.0; drag-lps8-03; 1; 9; 125000; 23227
2023-05-20 12:49:33; hka-aqm-am205;  28.78;  28.13;   425;   561;  1675;   521;     1;     0;   -93;   -93;   8.0; drag-lps8-03; 6; 9; 125000; 23228
2023-05-20 12:51:16; hka-aqm-am205;  28.77;  28.13;   421;   564;  1635;   492;     1;     0;  -100;  -100;  10.2; drag-lps8-03; 7; 9; 125000; 23229
2023-05-20 12:51:38; hka-aqm-am205;  28.78;  28.13;   419;   564;  1757;   550;     1;     0;   -95;   -95;  12.8; drag-lps8-05; 4; 9; 125000; 23230
2023-05-20 12:53:53; hka-aqm-am205;  28.79;  28.13;   420;   570;  1540;   442;     1;     0;   -99;   -99;  10.5; drag-lps8-03; 7; 9; 125000; 23231
2023-05-20 12:54:36; hka-aqm-am205;  28.80;  28.13;   416;   568;  1736;   532;     0;     0;   -94;   -94;   8.5; drag-lps8-03; 1; 9; 125000; 23232
2023-05-20 12:56:16; hka-aqm-am205;  28.80;  28.13;   418;   565;  1626;   478;     2;     0;  -101;  -101;   8.0; drag-lps8-03; 2; 9; 125000; 23233
2023-05-20 12:56:38; hka-aqm-am205;  28.81;  28.13;   416;   565;  1505;   423;     1;     0;  -100;  -100;  10.5; drag-lps8-03; 0; 9; 125000; 23234
2023-05-20 12:57:56; hka-aqm-am205;  28.82;  28.13;   416;   569;  1567;   452;     1;     0;   -93;   -93;   9.0; drag-lps8-03; 6; 9; 125000; 23235
2023-05-20 12:58:18; hka-aqm-am205;  28.83;  28.13;   415;   566;  1485;   417;     1;     0;   -95;   -95;   8.5; drag-lps8-05; 5; 9; 125000; 23236
2023-05-20 13:04:13; hka-aqm-am205;  28.82;  28.13;   419;   576;  1643;   508;     1;     0;   -96;   -96;  10.8; drag-lps8-05; 3; 9; 125000; 23237
2023-05-20 13:04:55; hka-aqm-am205;  28.81;  28.16;   416;   577;  1583;   483;     1;     0;  -100;  -100;   7.2; drag-lps8-03; 2; 9; 125000; 23238
2023-05-20 13:05:18; hka-aqm-am205;  28.82;  28.13;   415;   572;  1383;   390;     1;     0;   -99;   -99;  10.5; drag-lps8-03; 0; 9; 125000; 23239
2023-05-20 13:05:40; hka-aqm-am205;  28.82;  28.19;   414;   569;  1297;   351;     1;     0;   -97;   -97;  11.5; drag-lps8-03; 4; 9; 125000; 23240
2023-05-20 13:07:15; hka-aqm-am205;  28.82;  28.19;   417;   573;  1624;   500;     1;     0;   -95;   -95;  11.2; drag-lps8-05; 3; 9; 125000; 23241
2023-05-20 13:08:55; hka-aqm-am205;  28.83;  28.19;   418;   571;  1385;   392;     1;     0;  -100;  -100;  10.0; drag-lps8-03; 1; 9; 125000; 23242
2023-05-20 13:09:17; hka-aqm-am205;  28.81;  28.19;   416;   568;  1320;   364;     0;     0;   -98;   -98;   9.0; drag-lps8-03; 7; 9; 125000; 23243
2023-05-20 13:10:55; hka-aqm-am205;  28.82;  28.19;   416;   565;  1479;   441;     1;     0;   -93;   -93;   9.0; drag-lps8-03; 6; 9; 125000; 23244
2023-05-20 13:11:18; hka-aqm-am205;  28.84;  28.19;   415;   566;  1532;   468;     0;     0;   -93;   -93;   9.5; drag-lps8-05; 5; 9; 125000; 23245
2023-05-20 13:11:40; hka-aqm-am205;  28.84;  28.19;   414;   567;  1429;   415;     1;     0;   -95;   -95;  10.5; drag-lps8-05; 3; 9; 125000; 23246
2023-05-20 13:17:16; hka-aqm-am205;  28.85;  28.26;   414;   563;  1619;   491;     2;     0;   -98;   -98;   9.0; drag-lps8-03; 1; 9; 125000; 23247
2023-05-20 13:17:54; hka-aqm-am205;  28.86;  28.26;   414;   563;  1639;   501;     2;     0;   -97;   -97;  10.8; drag-lps8-03; 6; 9; 125000; 23248
2023-05-20 13:18:55; hka-aqm-am205;  28.88;  28.33;   415;   561;  1556;   465;     1;     0;   -95;   -95;   9.2; drag-lps8-05; 2; 9; 125000; 23249
2023-05-20 13:19:17; hka-aqm-am205;  28.86;  28.30;   413;   615;  1456;   415;     1;     0;   -95;   -95;   8.5; drag-lps8-05; 5; 9; 125000; 23250
2023-05-20 13:19:40; hka-aqm-am205;  28.86;  28.33;   413;   597;  1608;   485;     1;     0;   -96;   -96;  11.5; drag-lps8-05; 7; 9; 125000; 23251
2023-05-20 13:20:14; hka-aqm-am205;  28.85;  28.33;   413;   577;  1438;   407;     1;     0;   -97;   -97;  12.5; drag-lps8-05; 0; 9; 125000; 23252
2023-05-20 13:20:55; hka-aqm-am205;  28.86;  28.33;   413;   564;  1663;   515;     1;     0;   -95;   -95;  12.8; drag-lps8-05; 4; 9; 125000; 23253
2023-05-20 13:21:35; hka-aqm-am205;  28.85;  28.33;   413;   561;  1595;   483;     1;     0;   -92;   -92;   9.0; drag-lps8-03; 1; 9; 125000; 23254
2023-05-20 13:22:54; hka-aqm-am205;  28.84;  28.33;   413;   562;  1296;   368;     1;     0;   -95;   -95;  11.8; drag-lps8-05; 3; 9; 125000; 23255
2023-05-20 13:23:35; hka-aqm-am205;  28.87;  28.36;   417;   560;  1237;   348;     1;     0;   -96;   -96;  10.8; drag-lps8-05; 7; 9; 125000; 23256
2023-05-20 13:29:34; hka-aqm-am205;  28.84;  28.40;   416;   565;  1638;   496;     1;     0;   -96;   -96;   6.8; drag-lps8-05; 2; 9; 125000; 23257
2023-05-20 13:30:14; hka-aqm-am205;  28.86;  28.40;   413;   562;  1550;   456;     1;     0;   -97;   -97;   8.5; drag-lps8-03; 5; 9; 125000; 23258
2023-05-20 13:30:37; hka-aqm-am205;  28.87;  28.40;   413;   561;  1466;   418;     1;     0;   -93;   -93;  11.2; drag-lps8-05; 4; 9; 125000; 23259
2023-05-20 13:31:55; hka-aqm-am205;  28.86;  28.43;   415;   561;  1598;   493;     1;     0;   -97;   -97;   9.5; drag-lps8-03; 6; 9; 125000; 23260
2023-05-20 13:32:18; hka-aqm-am205;  28.86;  28.47;   413;   560;  1537;   468;     2;     0;  -100;  -100;  11.2; drag-lps8-03; 0; 9; 125000; 23261
2023-05-20 13:33:13; hka-aqm-am205;  28.84;  28.40;   414;   561;  1347;   381;     2;     0;   -99;   -99;   9.8; drag-lps8-03; 7; 9; 125000; 23262
2023-05-20 13:36:34; hka-aqm-am205;  28.88;  28.47;   412;   577;  1263;   357;     1;     0;  -100;  -100;  10.5; drag-lps8-03; 1; 9; 125000; 23263
2023-05-20 13:36:57; hka-aqm-am205;  28.89;  28.47;   411;   572;  1337;   393;     0;     0;   -97;   -97;  10.8; drag-lps8-03; 4; 9; 125000; 23264
2023-05-20 13:37:19; hka-aqm-am205;  28.88;  28.47;   411;   598;  1231;   346;     0;     0;   -95;   -95;   9.8; drag-lps8-05; 3; 9; 125000; 23265
2023-05-20 13:39:54; hka-aqm-am205;  28.87;  28.47;   412;   567;  1153;   326;     1;     0;   -99;   -99;   7.5; drag-lps8-03; 2; 9; 125000; 23266
2023-05-20 13:43:14; hka-aqm-am205;  28.86;  28.50;   411;   562;  1285;   387;     1;     0;   -99;   -99;  10.8; drag-lps8-03; 0; 9; 125000; 23267
2023-05-20 13:45:14; hka-aqm-am205;  28.84;  28.53;   413;   550;  1290;   378;     1;     0;   -95;   -95;   8.8; drag-lps8-05; 5; 9; 125000; 23268
2023-05-20 13:45:55; hka-aqm-am205;  28.81;  28.53;   416;   553;  1347;   400;     1;     0;   -95;   -95;  10.8; drag-lps8-05; 6; 9; 125000; 23269
2023-05-20 13:47:13; hka-aqm-am205;  28.80;  28.53;   415;   572;  1245;   353;     2;     0;   -95;   -95;   8.8; drag-lps8-05; 5; 9; 125000; 23270
2023-05-20 13:57:15; hka-aqm-am205;  28.56;  28.87;   422;   554;  1412;   435;     2;     0;   -94;   -94;   8.5; drag-lps8-03; 6; 9; 125000; 23271
2023-05-20 13:58:14; hka-aqm-am205;  28.54;  28.87;   416;   575;  1403;   428;     1;     0;   -98;   -98;  10.0; drag-lps8-03; 1; 9; 125000; 23272
2023-05-20 13:58:37; hka-aqm-am205;  28.54;  28.87;   415;   569;  1486;   464;     0;     0;  -101;  -101;   8.0; drag-lps8-03; 2; 9; 125000; 23273
2023-05-20 14:01:14; hka-aqm-am205;  28.48;  28.94;   415;   594;  1551;   477;     1;     0;   -96;   -96;  10.2; drag-lps8-03; 4; 9; 125000; 23274
2023-05-20 14:01:54; hka-aqm-am205;  28.48;  28.97;   417;   584;  1483;   443;     0;     0;   -94;   -94;  11.8; drag-lps8-05; 0; 9; 125000; 23275
2023-05-20 14:02:34; hka-aqm-am205;  28.47;  29.01;   413;   574;  1560;   480;     1;     0;   -96;   -96;  11.8; drag-lps8-05; 3; 9; 125000; 23276
2023-05-20 14:03:55; hka-aqm-am205;  28.46;  29.01;   413;   566;  1465;   441;     2;     0;  -100;  -100;  10.0; drag-lps8-03; 7; 9; 125000; 23277
2023-05-20 14:04:34; hka-aqm-am205;  28.46;  29.08;   417;   564;  1413;   420;     1;     0;   -97;   -97;  11.8; drag-lps8-03; 4; 9; 125000; 23278
2023-05-20 14:05:14; hka-aqm-am205;  28.45;  29.08;   415;   566;  1348;   393;     1;     0;  -100;  -100;  10.0; drag-lps8-03; 0; 9; 125000; 23279
2023-05-20 14:05:37; hka-aqm-am205;  28.45;  29.08;   414;   563;  1449;   442;     1;     0;   -94;   -94;   9.5; drag-lps8-03; 3; 9; 125000; 23280
2023-05-20 14:06:00; hka-aqm-am205;  28.44;  29.08;   414;   561;  1518;   477;     1;     0;  -101;  -101;   7.5; drag-lps8-03; 2; 9; 125000; 23281
2023-05-20 14:06:22; hka-aqm-am205;  28.44;  29.08;   414;   561;  1318;   382;     1;     0;   -96;   -96;   8.2; drag-lps8-03; 5; 9; 125000; 23282
2023-05-20 14:16:15; hka-aqm-am205;  28.30;  29.28;   414;   537;  1457;   426;     3;     0;   -96;   -96;  12.2; drag-lps8-05; 7; 9; 125000; 23283
2023-05-20 14:16:38; hka-aqm-am205;  28.30;  29.35;   413;   545;  1510;   451;     2;     0;   -95;   -95;  10.0; drag-lps8-05; 6; 9; 125000; 23284
2023-05-20 14:17:35; hka-aqm-am205;  28.30;  29.35;   411;   571;  1653;   514;     2;     0;   -94;   -94;  10.0; drag-lps8-05; 1; 9; 125000; 23285
2023-05-20 14:18:14; hka-aqm-am205;  28.29;  29.35;   415;   573;  1421;   401;     2;     0;   -95;   -95;  11.8; drag-lps8-05; 4; 9; 125000; 23286
2023-05-20 14:23:35; hka-aqm-am205;  28.27;  29.45;   415;   599;  1440;   420;     2;     0;   -93;   -93;   7.8; drag-lps8-05; 5; 9; 125000; 23287
2023-05-20 14:23:58; hka-aqm-am205;  28.27;  29.48;   416;   586;  1606;   497;     0;     0;   -95;   -95;  10.2; drag-lps8-05; 3; 9; 125000; 23288
2023-05-20 14:24:21; hka-aqm-am205;  28.25;  29.48;   417;   578;  1657;   520;     0;     0;   -99;   -99;   9.5; drag-lps8-03; 1; 9; 125000; 23289
2023-05-20 14:25:13; hka-aqm-am205;  28.25;  29.48;   422;   566;  1611;   496;     0;     0;  -100;  -100;   9.0; drag-lps8-03; 7; 9; 125000; 23290
2023-05-20 14:25:54; hka-aqm-am205;  28.24;  29.48;   420;   563;  1363;   380;     0;     0;   -95;   -95;   9.2; drag-lps8-05; 6; 9; 125000; 23291
2023-05-20 14:28:14; hka-aqm-am205;  28.24;  29.52;   422;   560;  1462;   427;     2;     0;   -99;   -99;   9.5; drag-lps8-03; 0; 9; 125000; 23292
2023-05-20 14:28:37; hka-aqm-am205;  28.24;  29.52;   421;   546;  1530;   458;     1;     0;   -94;   -94;   8.2; drag-lps8-05; 2; 9; 125000; 23293
2023-05-20 14:29:14; hka-aqm-am205;  28.23;  29.55;   418;   554;  1600;   493;     2;     0;  -100;  -100;  10.2; drag-lps8-03; 7; 9; 125000; 23294
2023-05-20 14:30:34; hka-aqm-am205;  28.25;  29.52;   417;   557;  1416;   405;     1;     0;   -94;   -94;  10.8; drag-lps8-05; 3; 9; 125000; 23295
2023-05-20 14:31:54; hka-aqm-am205;  28.22;  29.55;   421;   597;  1353;   381;     2;     0;   -96;   -96;  12.5; drag-lps8-05; 1; 9; 125000; 23296
2023-05-20 14:38:14; hka-aqm-am205;  28.21;  29.62;   418;   576;  1341;   387;     1;     0;   -99;   -99;  10.2; drag-lps8-03; 0; 9; 125000; 23297
2023-05-20 14:39:54; hka-aqm-am205;  28.19;  29.65;   426;   571;  1307;   368;     2;     0;   -95;   -95;  11.8; drag-lps8-05; 4; 9; 125000; 23298
2023-05-20 14:40:55; hka-aqm-am205;  28.20;  29.69;   423;   571;  1395;   413;     1;     0;  -101;  -101;   8.0; drag-lps8-03; 2; 9; 125000; 23299
2023-05-20 14:45:34; hka-aqm-am205;  28.20;  29.72;   417;   568;  1304;   367;     3;     0;   -95;   -95;   8.8; drag-lps8-05; 5; 9; 125000; 23300
2023-05-20 14:48:34; hka-aqm-am205;  28.17;  29.75;   417;   572;  1285;   358;     3;     0;   -95;   -95;  10.5; drag-lps8-05; 6; 9; 125000; 23301
2023-05-20 14:51:54; hka-aqm-am205;  28.18;  29.79;   420;   569;  1291;   370;     1;     0;   -95;   -95;   9.2; drag-lps8-05; 2; 9; 125000; 23302
2023-05-20 14:52:17; hka-aqm-am205;  28.18;  29.82;   419;   571;  1420;   432;     1;     0;   -95;   -95;  10.5; drag-lps8-05; 6; 9; 125000; 23303
2023-05-20 14:53:34; hka-aqm-am205;  28.16;  29.82;   416;   578;  1363;   404;     1;     0;  -101;  -101;  11.2; drag-lps8-03; 0; 9; 125000; 23304
2023-05-20 14:54:14; hka-aqm-am205;  28.16;  29.82;   420;   575;  1268;   357;     1;     0;   -96;   -96;  11.0; drag-lps8-05; 1; 9; 125000; 23305
2023-05-20 14:55:33; hka-aqm-am205;  28.16;  29.82;   421;   576;  1345;   392;     1;     0;   -94;   -94;   9.8; drag-lps8-05; 3; 9; 125000; 23306
2023-05-20 15:10:39; hka-aqm-am205;  28.20;  29.96;   418;   571;  1257;   346;     0;     0;   -97;   -97;   7.8; drag-lps8-03; 5; 9; 125000; 23307
2023-05-20 15:25:46; hka-aqm-am205;  28.30;  29.89;   427;   636;  1369;   404;     1;     0;   -93;   -93;  11.5; drag-lps8-05; 4; 9; 125000; 23308
2023-05-20 15:30:14; hka-aqm-am205;  28.34;  29.82;   422;   587;  1338;   379;     3;     0;   -99;   -99;   9.0; drag-lps8-03; 7; 9; 125000; 23309
2023-05-20 15:45:20; hka-aqm-am205;  28.46;  29.79;   421;   583;  1380;   386;     1;     0;   -96;   -96;   8.8; drag-lps8-03; 3; 9; 125000; 23310
2023-05-20 15:46:15; hka-aqm-am205;  28.48;  29.79;   420;   617;  1489;   435;     2;     0;   -95;   -95;   8.5; drag-lps8-05; 5; 9; 125000; 23311
2023-05-20 16:01:21; hka-aqm-am205;  28.58;  29.75;   420;   577;  1127;   312;     1;     0;   -94;   -94;   9.2; drag-lps8-03; 6; 9; 125000; 23312
2023-05-20 16:16:28; hka-aqm-am205;  28.60;  29.79;   416;   575;   899;   243;     1;     0;   -96;   -96;   7.8; drag-lps8-05; 2; 9; 125000; 23313
2023-05-20 16:31:35; hka-aqm-am205;  28.59;  29.96;   420;   573;   893;   247;     2;     0;   -94;   -94;  10.5; drag-lps8-05; 1; 9; 125000; 23314
2023-05-20 16:43:53; hka-aqm-am205;  28.60;  30.06;   418;   597;  1018;   285;     2;     0;   -96;   -96;  12.5; drag-lps8-05; 7; 9; 125000; 23315
2023-05-20 16:44:53; hka-aqm-am205;  28.59;  30.09;   419;   584;  1155;   349;     1;     0;  -101;  -101;  10.2; drag-lps8-03; 0; 9; 125000; 23316
2023-05-20 16:45:54; hka-aqm-am205;  28.59;  30.09;   420;   581;  1075;   306;     1;     0;   -97;   -97;   9.0; drag-lps8-03; 4; 9; 125000; 23317
2023-05-20 16:46:16; hka-aqm-am205;  28.59;  30.09;   418;   579;  1190;   362;     0;     0;   -95;   -95;   8.8; drag-lps8-05; 2; 9; 125000; 23318
2023-05-20 16:47:35; hka-aqm-am205;  28.59;  30.09;   417;   572;  1064;   306;     0;     0;   -95;   -95;   9.8; drag-lps8-05; 1; 9; 125000; 23319
2023-05-20 16:50:35; hka-aqm-am205;  28.59;  30.13;   416;   585;  1097;   328;     2;     0;   -97;   -97;  10.5; drag-lps8-05; 0; 9; 125000; 23320
2023-05-20 16:50:57; hka-aqm-am205;  28.61;  30.13;   415;   561;  1023;   294;     2;     0;   -96;   -96;  11.5; drag-lps8-03; 4; 9; 125000; 23321
2023-05-20 16:51:35; hka-aqm-am205;  28.61;  30.13;   415;   566;  1098;   333;     1;     0;   -96;   -96;   9.5; drag-lps8-03; 6; 9; 125000; 23322
2023-05-20 16:52:14; hka-aqm-am205;  28.60;  30.16;   419;   568;  1022;   294;     1;     0;   -97;   -97;   7.5; drag-lps8-03; 5; 9; 125000; 23323
2023-05-20 17:01:54; hka-aqm-am205;  28.61;  30.19;   420;   579;  1171;   361;     2;     0;   -99;   -99;   9.0; drag-lps8-03; 7; 9; 125000; 23324
2023-05-20 17:03:14; hka-aqm-am205;  28.60;  30.23;   414;   552;  1074;   316;     1;     0;   -95;   -95;   9.5; drag-lps8-03; 3; 9; 125000; 23325
2023-05-20 17:03:54; hka-aqm-am205;  28.58;  30.19;   414;   586;  1144;   345;     1;     0;   -96;   -96;   9.8; drag-lps8-05; 0; 9; 125000; 23326
2023-05-20 17:04:33; hka-aqm-am205;  28.60;  30.23;   418;   580;  1090;   319;     1;     0;   -95;   -95;   8.0; drag-lps8-05; 2; 9; 125000; 23327
2023-05-20 17:04:55; hka-aqm-am205;  28.59;  30.23;   416;   577;  1246;   393;     1;     0;   -95;   -95;   9.8; drag-lps8-05; 7; 9; 125000; 23328
2023-05-20 17:05:18; hka-aqm-am205;  28.60;  30.23;   415;   574;  1168;   357;     1;     0;   -96;   -96;   8.2; drag-lps8-03; 5; 9; 125000; 23329
2023-05-20 17:05:41; hka-aqm-am205;  28.61;  30.23;   414;   620;  1115;   333;     1;     0;   -95;   -95;   9.5; drag-lps8-05; 3; 9; 125000; 23330
2023-05-20 17:06:34; hka-aqm-am205;  28.61;  30.23;   414;   587;  1245;   391;     1;     0;   -93;   -93;   9.0; drag-lps8-03; 6; 9; 125000; 23331
2023-05-20 17:17:34; hka-aqm-am205;  28.62;  30.29;   419;   602;   928;   256;     2;     0;   -97;   -97;   9.8; drag-lps8-03; 4; 9; 125000; 23332
2023-05-20 17:23:35; hka-aqm-am205;  28.62;  30.29;   416;   578;   954;   281;     2;     0;   -96;   -96;  11.5; drag-lps8-05; 1; 9; 125000; 23333
2023-05-20 17:23:57; hka-aqm-am205;  28.61;  30.29;   415;   575;   903;   257;     1;     0;  -101;  -101;   7.5; drag-lps8-03; 2; 9; 125000; 23334
2023-05-20 17:26:13; hka-aqm-am205;  28.62;  30.33;   418;   570;  1015;   308;     1;     0;  -100;  -100;  10.0; drag-lps8-03; 0; 9; 125000; 23335
2023-05-20 17:28:34; hka-aqm-am205;  28.62;  30.36;   413;   527;   896;   260;     1;     0;   -94;   -94;   9.2; drag-lps8-03; 6; 9; 125000; 23337
2023-05-20 17:43:41; hka-aqm-am205;  28.63;  30.50;   417;   581;   781;   219;     0;     0;   -97;   -97;  11.2; drag-lps8-05; 7; 9; 125000; 23338
2023-05-20 17:58:47; hka-aqm-am205;  28.60;  30.56;   418;   576;   854;   239;     2;     0;   -98;   -98;   8.8; drag-lps8-03; 1; 9; 125000; 23339
2023-05-20 18:13:54; hka-aqm-am205;  28.60;  30.70;   413;   571;   898;   261;     3;     0;   -96;   -96;  11.2; drag-lps8-05; 3; 9; 125000; 23340
2023-05-20 18:29:01; hka-aqm-am205;  28.56;  30.77;   414;   570;   656;   179;     0;     0;   -95;   -95;   8.0; drag-lps8-03; 5; 9; 125000; 23341
2023-05-20 18:44:07; hka-aqm-am205;  28.51;  30.90;   414;   582;   570;   155;     1;     0;   -95;   -95;   9.8; drag-lps8-03; 7; 9; 125000; 23342
2023-05-20 18:59:15; hka-aqm-am205;  28.42;  31.00;   414;   569;   415;   116;     3;     0;   -95;   -95;  10.2; drag-lps8-05; 1; 9; 125000; 23343
2023-05-20 19:14:21; hka-aqm-am205;  28.35;  31.17;   412;   570;   293;    84;     0;     0;   -99;   -99;   9.5; drag-lps8-03; 3; 9; 125000; 23344
2023-05-20 19:29:27; hka-aqm-am205;  28.24;  31.34;   415;   569;   258;    73;     1;     0;   -96;   -96;   9.2; drag-lps8-03; 6; 9; 125000; 23345
2023-05-20 19:44:35; hka-aqm-am205;  28.14;  31.51;   412;   628;   228;    64;     1;     0;   -95;   -95;  11.2; drag-lps8-05; 4; 9; 125000; 23346
2023-05-20 19:59:42; hka-aqm-am205;  28.00;  31.74;   416;   570;   182;    50;     0;     0;  -100;  -100;  10.8; drag-lps8-03; 0; 9; 125000; 23347
2023-05-20 20:14:48; hka-aqm-am205;  27.92;  31.91;   418;   574;   124;    34;     0;     0;   -97;   -97;   8.5; drag-lps8-05; 2; 9; 125000; 23348
2023-05-20 20:29:55; hka-aqm-am205;  27.80;  32.08;   414;   588;    69;    19;     3;     0;   -96;   -96;   7.5; drag-lps8-03; 5; 9; 125000; 23349
2023-05-20 20:45:01; hka-aqm-am205;  27.68;  32.31;   417;   567;    35;    10;     1;     0;   -94;   -94;  12.2; drag-lps8-05; 4; 9; 125000; 23350
2023-05-20 21:00:08; hka-aqm-am205;  27.59;  32.48;   418;   564;    16;     3;     3;     0;   -95;   -95;  11.2; drag-lps8-05; 3; 9; 125000; 23351
2023-05-20 21:15:15; hka-aqm-am205;  27.47;  32.65;   424;   576;     8;     1;     3;     0;   -94;   -94;  11.2; drag-lps8-05; 6; 9; 125000; 23352
2023-05-20 21:30:22; hka-aqm-am205;  27.38;  32.82;   419;   577;     6;     1;     1;     0;   -96;   -96;  12.0; drag-lps8-05; 0; 9; 125000; 23353
2023-05-20 21:45:28; hka-aqm-am205;  27.28;  32.89;   417;   571;     6;     0;     0;     0;   -96;   -96;  10.0; drag-lps8-05; 1; 9; 125000; 23354
2023-05-20 22:00:35; hka-aqm-am205;  27.22;  32.99;   414;   576;     6;     0;     0;     0;  -100;  -100;  10.0; drag-lps8-03; 7; 9; 125000; 23355
2023-05-20 22:15:42; hka-aqm-am205;  27.15;  33.12;   422;   571;     6;     1;     0;     0;   -98;   -98;   7.2; drag-lps8-03; 2; 9; 125000; 23356
2023-05-20 22:30:48; hka-aqm-am205;  27.06;  33.25;   417;   587;     8;     2;     3;     0;   -94;   -94;   8.0; drag-lps8-03; 5; 9; 125000; 23357
2023-05-20 22:45:55; hka-aqm-am205;  27.02;  33.35;   418;   576;     6;     1;     2;     0;   -94;   -94;  10.0; drag-lps8-05; 4; 9; 125000; 23358
2023-05-20 23:01:02; hka-aqm-am205;  26.95;  33.45;   418;   611;     8;     2;     3;     0;   -95;   -95;  10.0; drag-lps8-05; 1; 9; 125000; 23359
2023-05-20 23:16:08; hka-aqm-am205;  26.89;  33.52;   424;   604;     6;     1;     2;     0;   -95;   -95;  11.2; drag-lps8-05; 6; 9; 125000; 23360
2023-05-20 23:31:15; hka-aqm-am205;  26.86;  33.59;   424;   544;     6;     0;     3;     0;   -96;   -96;  12.2; drag-lps8-05; 3; 9; 125000; 23361
2023-05-20 23:46:21; hka-aqm-am205;  26.78;  33.66;   419;   556;     7;     2;     1;     0;   -97;   -97;  10.2; drag-lps8-05; 0; 9; 125000; 23362
