# Logfile LoRaWAN TTN/TTS V3 logger version hka-log V 1.1
date_time;device_id;tmp;hum;CO2;VOC;vis;IR;WIFI;BLE;rssi;channel_rssi;snr;gateway;channel_index;spreading_factor;bandwidth;f_cnt
2023-02-11 00:10:16; hka-aqm-am116;  16.90;  26.22;   478;   666;     6;     2;     4;     3;   -88;   -88;   8.2; drag-lps8-05; 4; 7; 125000; 5345
2023-02-11 00:25:29; hka-aqm-am116;  16.80;  26.29;   482;   699;     6;     2;     4;     0;   -89;   -89;   7.8; drag-lps8-05; 1; 7; 125000; 5347
2023-02-11 00:40:36; hka-aqm-am116;  16.73;  26.36;   482;   667;     6;     0;     4;     3;   -93;   -93;   8.8; drag-lps8-05; 0; 7; 125000; 5348
2023-02-11 00:55:49; hka-aqm-am116;  16.65;  26.49;   484;   679;     8;     3;     5;     0;   -90;   -90;   6.8; drag-lps8-05; 5; 7; 125000; 5350
2023-02-11 01:10:56; hka-aqm-am116;  16.56;  26.56;   477;   720;     7;     1;     4;     3;  -106;  -106;   5.5; drag-lps8-03; 2; 7; 125000; 5351
2023-02-11 01:26:02; hka-aqm-am116;  16.50;  26.63;   475;   695;     6;     1;     4;     3;  -108;  -108;   7.8; drag-lps8-03; 7; 7; 125000; 5352
2023-02-11 01:41:08; hka-aqm-am116;  16.44;  26.76;   476;   700;     6;     2;     3;     0;  -107;  -107;   5.0; drag-lps8-03; 1; 7; 125000; 5353
2023-02-11 01:56:15; hka-aqm-am116;  16.36;  26.90;   468;   658;     8;     3;     4;     3;  -108;  -108;   7.8; drag-lps8-03; 0; 7; 125000; 5354
2023-02-11 02:11:21; hka-aqm-am116;  16.30;  26.97;   474;   645;     6;     0;     4;     3;  -107;  -107;   5.2; drag-lps8-03; 4; 7; 125000; 5355
2023-02-11 02:26:27; hka-aqm-am116;  16.24;  27.07;   472;   721;     7;     1;     2;     0;   -90;   -90;   7.8; drag-lps8-05; 3; 7; 125000; 5356
2023-02-11 02:41:36; hka-aqm-am116;  16.20;  27.14;   471;   635;     6;     1;     4;     3;   -89;   -89;   7.0; drag-lps8-05; 5; 7; 125000; 5357
2023-02-11 02:56:42; hka-aqm-am116;  16.16;  27.24;   468;   627;     8;     3;     4;     3;  -106;  -106;   6.2; drag-lps8-03; 2; 7; 125000; 5358
2023-02-11 03:11:48; hka-aqm-am116;  16.12;  27.31;   468;   645;     6;     1;     1;     0;  -107;  -107;   7.0; drag-lps8-03; 6; 7; 125000; 5359
2023-02-11 03:26:54; hka-aqm-am116;  16.07;  27.38;   470;   649;     6;     1;     4;     3;   -91;   -91;   8.5; drag-lps8-05; 7; 7; 125000; 5360
2023-02-11 03:42:01; hka-aqm-am116;  16.02;  27.51;   470;   667;     6;     0;     4;     3;  -107;  -107;   7.0; drag-lps8-03; 6; 7; 125000; 5361
2023-02-11 03:57:07; hka-aqm-am116;  15.99;  27.58;   468;   638;     6;     0;     4;     0;  -107;  -107;   7.8; drag-lps8-03; 1; 7; 125000; 5362
2023-02-11 04:12:14; hka-aqm-am116;  15.96;  27.65;   465;   656;     6;     0;     4;     3;   -90;   -90;   6.8; drag-lps8-05; 2; 7; 125000; 5363
2023-02-11 04:27:21; hka-aqm-am116;  15.92;  27.75;   464;   665;     6;     0;     4;     3;   -91;   -91;   9.5; drag-lps8-05; 0; 7; 125000; 5364
2023-02-11 04:42:27; hka-aqm-am116;  15.86;  27.82;   463;   638;     6;     0;     4;     0;  -106;  -106;   5.8; drag-lps8-03; 3; 7; 125000; 5365
2023-02-11 04:57:34; hka-aqm-am116;  15.84;  27.92;   471;   645;     6;     0;     4;     3;   -90;   -90;   6.8; drag-lps8-05; 5; 7; 125000; 5366
2023-02-11 05:12:41; hka-aqm-am116;  15.82;  27.99;   466;   643;     6;     0;     4;     3;  -106;  -106;   6.2; drag-lps8-03; 7; 7; 125000; 5367
2023-02-11 05:27:47; hka-aqm-am116;  15.78;  28.06;   465;   643;     6;     2;     2;     0;   -90;   -90;   9.5; drag-lps8-05; 4; 7; 125000; 5368
2023-02-11 05:42:54; hka-aqm-am116;  15.75;  28.19;   463;   655;     6;     0;     4;     3;  -106;  -106;   6.8; drag-lps8-03; 5; 7; 125000; 5369
2023-02-11 05:58:07; hka-aqm-am116;  15.73;  28.26;   460;   639;     8;     3;     1;     0;  -108;  -108;   7.0; drag-lps8-03; 6; 7; 125000; 5371
2023-02-11 06:13:21; hka-aqm-am116;  15.68;  28.33;   458;   633;     6;     1;     4;     3;  -108;  -108;   8.0; drag-lps8-03; 0; 7; 125000; 5373
2023-02-11 06:28:28; hka-aqm-am116;  15.64;  28.47;   462;   678;     6;     0;     4;     0;   -91;   -91;   9.8; drag-lps8-05; 3; 7; 125000; 5374
2023-02-11 06:43:34; hka-aqm-am116;  15.59;  28.57;   462;   522;     6;     0;     5;     3;   -90;   -90;  10.0; drag-lps8-05; 4; 7; 125000; 5375
2023-02-11 06:58:40; hka-aqm-am116;  15.57;  28.64;   461;   646;     7;     1;     5;     3;   -89;   -89;   8.0; drag-lps8-05; 1; 7; 125000; 5376
2023-02-11 07:13:47; hka-aqm-am116;  15.52;  28.70;   465;   659;     6;     0;     0;     0;  -105;  -105;   7.2; drag-lps8-03; 6; 7; 125000; 5377
2023-02-11 07:28:54; hka-aqm-am116;  15.49;  28.74;   462;   641;    12;     2;     5;     3;   -90;   -90;   6.8; drag-lps8-05; 5; 7; 125000; 5378
2023-02-11 07:44:00; hka-aqm-am116;  15.48;  28.87;   472;   690;    37;     6;     5;     3;   -93;   -93;  10.0; drag-lps8-05; 7; 7; 125000; 5379
2023-02-11 07:59:06; hka-aqm-am116;  15.44;  28.87;   465;   634;    73;    15;     2;     0;   -89;   -89;   7.2; drag-lps8-05; 3; 7; 125000; 5380
2023-02-11 08:14:15; hka-aqm-am116;  15.42;  28.97;   463;   628;   117;    25;     5;     3;  -108;  -108;   6.5; drag-lps8-03; 0; 7; 125000; 5381
2023-02-11 08:29:21; hka-aqm-am116;  15.40;  29.01;   466;   671;   174;    37;     5;     3;  -107;  -107;   7.8; drag-lps8-03; 1; 7; 125000; 5382
2023-02-11 08:44:27; hka-aqm-am116;  15.40;  29.08;   472;   653;   229;    48;     1;     0;  -106;  -106;   8.0; drag-lps8-03; 4; 7; 125000; 5383
2023-02-11 08:59:34; hka-aqm-am116;  15.41;  29.11;   466;   649;   369;    77;     5;     3;  -106;  -106;   5.5; drag-lps8-03; 2; 7; 125000; 5384
2023-02-11 09:14:41; hka-aqm-am116;  15.44;  29.14;   465;   690;   562;   123;     5;     3;   -90;   -90;   8.8; drag-lps8-05; 4; 7; 125000; 5385
2023-02-11 09:25:34; hka-aqm-am116;  15.46;  29.21;   466;   651;   780;   173;     5;     3;  -108;  -108;   8.0; drag-lps8-03; 0; 7; 125000; 5386
2023-02-11 09:26:33; hka-aqm-am116;  15.44;  29.21;   467;   642;   727;   154;     2;     0;  -106;  -106;   7.0; drag-lps8-03; 6; 7; 125000; 5387
2023-02-11 09:31:32; hka-aqm-am116;  15.46;  29.21;   472;   667;   855;   184;     4;     0;   -89;   -89;   7.2; drag-lps8-05; 2; 7; 125000; 5388
2023-02-11 09:46:39; hka-aqm-am116;  15.52;  29.21;   468;   708;  1029;   226;     3;     0;  -108;  -108;   7.5; drag-lps8-03; 7; 7; 125000; 5389
2023-02-11 10:01:45; hka-aqm-am116;  15.56;  29.21;   470;   695;  1141;   251;     2;     0;   -90;   -90;   9.0; drag-lps8-05; 1; 7; 125000; 5390
2023-02-11 10:06:55; hka-aqm-am116;  15.54;  29.25;   470;   652;  1279;   270;     3;     0;   -91;   -91;   9.0; drag-lps8-05; 3; 7; 125000; 5391
2023-02-11 10:09:54; hka-aqm-am116;  15.58;  29.21;   465;   663;  1503;   310;     2;     0;   -90;   -90;   6.5; drag-lps8-05; 5; 7; 125000; 5392
2023-02-11 10:10:14; hka-aqm-am116;  15.57;  29.21;   465;   658;  1687;   352;     1;     0;  -109;  -109;   6.0; drag-lps8-03; 3; 7; 125000; 5394
2023-02-11 10:10:54; hka-aqm-am116;  15.56;  29.21;   465;   662;  1516;   308;     2;     0;   -91;   -91;   9.2; drag-lps8-05; 7; 7; 125000; 5396
2023-02-11 10:11:55; hka-aqm-am116;  15.60;  29.21;   465;   665;  1567;   320;     2;     0;   -90;   -90;   9.0; drag-lps8-05; 1; 7; 125000; 5397
2023-02-11 10:12:34; hka-aqm-am116;  15.54;  29.21;   469;   660;  1685;   348;     2;     0;  -107;  -107;   7.8; drag-lps8-03; 4; 7; 125000; 5398
2023-02-11 10:27:40; hka-aqm-am116;  15.64;  29.18;   465;   665;  1982;   385;     3;     0;   -89;   -89;   7.8; drag-lps8-05; 0; 7; 125000; 5399
2023-02-11 10:42:47; hka-aqm-am116;  15.73;  29.11;   466;   648;  2327;   450;     3;     0;  -106;  -106;   6.2; drag-lps8-03; 5; 7; 125000; 5400
2023-02-11 10:51:14; hka-aqm-am116;  15.80;  29.08;   463;   663;  2567;   518;     4;     0;   -90;   -90;   9.2; drag-lps8-05; 1; 7; 125000; 5401
2023-02-11 10:52:13; hka-aqm-am116;  15.86;  29.08;   463;   701;  2529;   516;     2;     0;  -108;  -108;   5.8; drag-lps8-03; 2; 7; 125000; 5402
2023-02-11 10:52:33; hka-aqm-am116;  15.80;  29.08;   461;   691;  2444;   501;     2;     0;   -89;   -89;   7.5; drag-lps8-05; 0; 7; 125000; 5403
2023-02-11 10:53:34; hka-aqm-am116;  15.78;  29.04;   461;   660;  2348;   491;     3;     0;  -104;  -104;   7.2; drag-lps8-03; 6; 7; 125000; 5404
2023-02-11 10:55:32; hka-aqm-am116;  15.84;  29.01;   465;   674;  2327;   503;     3;     0;   -91;   -91;   9.5; drag-lps8-05; 3; 7; 125000; 5405
2023-02-11 11:10:38; hka-aqm-am116;  15.97;  28.94;   467;   674;  2292;   541;     4;     0;   -90;   -90;   7.0; drag-lps8-05; 5; 7; 125000; 5406
2023-02-11 11:14:54; hka-aqm-am116;  16.00;  28.94;   458;   655;  2707;   647;     4;     0;   -89;   -89;   9.2; drag-lps8-05; 4; 7; 125000; 5407
2023-02-11 11:15:32; hka-aqm-am116;  16.02;  28.87;   461;   661;  3030;   731;     1;     0;  -108;  -108;   8.8; drag-lps8-03; 7; 7; 125000; 5408
2023-02-11 11:15:54; hka-aqm-am116;  16.08;  28.94;   460;   665;  3357;   812;     1;     0;  -107;  -107;   8.0; drag-lps8-03; 6; 7; 125000; 5409
2023-02-11 11:16:13; hka-aqm-am116;  16.04;  28.94;   458;   665;  3432;   828;     1;     0;  -108;  -108;   7.5; drag-lps8-03; 0; 7; 125000; 5410
2023-02-11 11:16:35; hka-aqm-am116;  16.10;  28.94;   457;   661;  3537;   852;     1;     0;  -105;  -105;   6.0; drag-lps8-03; 3; 7; 125000; 5411
2023-02-11 11:17:12; hka-aqm-am116;  16.04;  28.91;   461;   648;  3589;   862;     0;     0;   -90;   -90;   7.0; drag-lps8-05; 5; 7; 125000; 5412
2023-02-11 11:17:34; hka-aqm-am116;  16.05;  28.91;   459;   652;  3715;   883;     0;     0;   -91;   -91;   9.0; drag-lps8-05; 7; 7; 125000; 5413
2023-02-11 11:17:54; hka-aqm-am116;  16.07;  28.94;   458;   646;  3786;   899;     1;     0;  -105;  -105;   7.2; drag-lps8-03; 4; 7; 125000; 5414
2023-02-11 11:19:12; hka-aqm-am116;  16.06;  28.91;   460;   653;  3621;   837;     1;     0;   -88;   -88;   7.2; drag-lps8-05; 2; 7; 125000; 5415
2023-02-11 11:19:34; hka-aqm-am116;  16.05;  28.87;   458;   651;  3522;   798;     2;     0;   -93;   -93;   9.8; drag-lps8-05; 0; 7; 125000; 5417
2023-02-11 11:20:14; hka-aqm-am116;  16.03;  28.87;   461;   672;  3243;   723;     2;     0;   -90;   -90;   7.5; drag-lps8-05; 6; 7; 125000; 5419
2023-02-11 11:20:34; hka-aqm-am116;  16.08;  28.87;   459;   658;  3192;   709;     2;     0;   -91;   -91;   8.8; drag-lps8-05; 4; 7; 125000; 5420
2023-02-11 11:21:14; hka-aqm-am116;  16.13;  28.84;   457;   665;  3471;   781;     3;     0;   -89;   -89;   7.8; drag-lps8-05; 1; 7; 125000; 5421
2023-02-11 11:21:33; hka-aqm-am116;  16.12;  28.87;   456;   664;  3570;   797;     3;     0;  -107;  -107;   6.0; drag-lps8-03; 5; 7; 125000; 5422
2023-02-11 11:21:54; hka-aqm-am116;  16.12;  28.87;   456;   655;  3330;   732;     3;     0;   -93;   -93;   9.0; drag-lps8-05; 7; 7; 125000; 5423
2023-02-11 11:22:32; hka-aqm-am116;  16.13;  28.87;   460;   663;  3180;   697;     2;     0;   -91;   -91;   7.5; drag-lps8-05; 2; 7; 125000; 5424
2023-02-11 11:24:53; hka-aqm-am116;  16.12;  28.87;   461;   670;  3042;   679;     4;     0;   -90;   -90;   8.8; drag-lps8-05; 3; 7; 125000; 5425
2023-02-11 11:25:33; hka-aqm-am116;  16.22;  28.87;   464;   667;  2884;   650;     4;     0;   -93;   -93;   9.0; drag-lps8-05; 7; 7; 125000; 5426
2023-02-11 11:25:54; hka-aqm-am116;  16.14;  28.87;   461;   667;  2818;   637;     3;     0;  -108;  -108;   7.2; drag-lps8-03; 0; 7; 125000; 5427
2023-02-11 11:26:34; hka-aqm-am116;  16.21;  28.87;   458;   673;  2721;   620;     1;     0;  -108;  -108;   6.5; drag-lps8-03; 6; 7; 125000; 5428
2023-02-11 11:29:33; hka-aqm-am116;  16.14;  28.87;   460;   709;  2717;   634;     2;     0;   -91;   -91;  10.0; drag-lps8-05; 4; 7; 125000; 5429
2023-02-11 11:29:54; hka-aqm-am116;  16.16;  28.87;   459;   704;  2625;   608;     2;     0;   -91;   -91;   7.2; drag-lps8-05; 2; 7; 125000; 5430
2023-02-11 11:31:12; hka-aqm-am116;  16.16;  28.87;   471;   765;  2537;   583;     3;     0;   -91;   -91;   9.8; drag-lps8-05; 1; 7; 125000; 5431
2023-02-11 11:31:34; hka-aqm-am116;  16.14;  28.87;   467;   729;  3482;   835;     3;     0;  -107;  -107;   6.0; drag-lps8-03; 5; 7; 125000; 5432
2023-02-11 11:32:32; hka-aqm-am116;  16.18;  28.87;   468;   723;  3677;   876;     3;     0;  -109;  -109;   8.0; drag-lps8-03; 0; 7; 125000; 5433
2023-02-11 11:32:53; hka-aqm-am116;  16.18;  28.84;   466;   644;  3819;   917;     2;     0;  -108;  -108;   5.2; drag-lps8-03; 2; 7; 125000; 5434
2023-02-11 11:33:52; hka-aqm-am116;  16.16;  28.81;   465;   600;  3939;   942;     4;     0;  -108;  -108;   6.8; drag-lps8-03; 1; 7; 125000; 5435
2023-02-11 11:34:34; hka-aqm-am116;  16.20;  28.81;   467;   625;  4145;   979;     4;     0;  -108;  -108;   8.0; drag-lps8-03; 4; 7; 125000; 5436
2023-02-11 11:34:53; hka-aqm-am116;  16.20;  28.81;   464;   648;  4245;  1001;     2;     0;  -115;  -115;   2.5; drag-lps8-03; 7; 8; 125000; 5438
2023-02-11 11:35:14; hka-aqm-am116;  16.22;  28.81;   462;   661;  4304;  1007;     2;     0;   -98;   -98;   8.2; drag-lps8-05; 3; 8; 125000; 5439
2023-02-11 11:35:52; hka-aqm-am116;  16.22;  28.81;   466;   668;  4424;  1030;     2;     0;  -114;  -114;   1.0; drag-lps8-03; 6; 8; 125000; 5440
2023-02-11 11:36:14; hka-aqm-am116;  16.21;  28.81;   464;   672;  4667;  1074;     2;     0;  -114;  -114;   0.8; drag-lps8-03; 1; 8; 125000; 5441
2023-02-11 11:36:35; hka-aqm-am116;  16.22;  28.81;   463;   689;  4756;  1090;     3;     0;   -99;   -99;   8.5; drag-lps8-05; 7; 8; 125000; 5442
2023-02-11 11:36:54; hka-aqm-am116;  16.24;  28.81;   462;   694;  4828;  1104;     3;     0;  -100;  -100;   8.2; drag-lps8-05; 3; 8; 125000; 5443
2023-02-11 11:37:13; hka-aqm-am116;  16.26;  28.81;   462;   679;  4886;  1116;     2;     0;  -114;  -114;   2.8; drag-lps8-03; 5; 8; 125000; 5444
2023-02-11 11:38:14; hka-aqm-am116;  16.29;  28.81;   460;   672;  5042;  1148;     2;     0;  -117;  -117;   2.5; drag-lps8-03; 0; 8; 125000; 5445
2023-02-11 11:38:53; hka-aqm-am116;  16.35;  28.74;   460;   671;  5110;  1157;     3;     0;   -99;   -99;   9.5; drag-lps8-05; 6; 8; 125000; 5446
2023-02-11 11:42:13; hka-aqm-am116;  16.36;  28.77;   461;   691;  5336;  1202;     3;     0;  -115;  -115;   1.0; drag-lps8-03; 2; 8; 125000; 5447
2023-02-11 11:43:52; hka-aqm-am116;  16.42;  28.77;   461;   624;  5195;  1165;     2;     0;  -114;  -114;   3.0; drag-lps8-03; 4; 8; 125000; 5448
2023-02-11 11:46:14; hka-aqm-am116;  16.47;  28.81;   460;   681;  5170;  1165;     2;     0;  -117;  -117;  -2.0; drag-lps8-03; 1; 8; 125000; 5449
2023-02-11 11:47:13; hka-aqm-am116;  16.49;  28.81;   467;   698;  5283;  1189;     4;     0;   -97;   -97;   8.8; drag-lps8-05; 6; 8; 125000; 5450
2023-02-11 11:47:54; hka-aqm-am116;  16.50;  28.81;   463;   694;  5364;  1208;     1;     0;   -99;   -99;   7.2; drag-lps8-05; 2; 8; 125000; 5451
2023-02-11 11:48:33; hka-aqm-am116;  16.56;  28.84;   461;   709;  5457;  1233;     1;     0;  -100;  -100;  10.5; drag-lps8-05; 7; 8; 125000; 5452
2023-02-11 11:48:53; hka-aqm-am116;  16.54;  28.81;   460;   689;  5534;  1251;     1;     0;  -100;  -100;  10.5; drag-lps8-05; 4; 8; 125000; 5453
2023-02-11 11:51:15; hka-aqm-am116;  16.59;  28.81;   463;   693;  5713;  1291;     2;     1;  -117;  -117;   2.5; drag-lps8-03; 0; 8; 125000; 5454
2023-02-11 11:53:55; hka-aqm-am116;  16.65;  28.77;   464;   668;  5970;  1350;     3;     0;  -114;  -114;  -0.5; drag-lps8-03; 3; 8; 125000; 5455
2023-02-11 12:03:53; hka-aqm-am116;  16.94;  28.74;   461;   713;  5965;  1341;     4;     1;  -112;  -112;   0.8; drag-lps8-03; 5; 8; 125000; 5456
2023-02-11 12:04:14; hka-aqm-am116;  16.96;  28.74;   460;   713;  5904;  1325;     1;     1;  -115;  -115;   0.2; drag-lps8-03; 2; 8; 125000; 5457
2023-02-11 12:04:34; hka-aqm-am116;  16.95;  28.70;   459;   700;  5841;  1309;     1;     1;   -99;   -99;   8.8; drag-lps8-05; 0; 8; 125000; 5458
2023-02-11 12:05:14; hka-aqm-am116;  17.01;  28.67;   460;   692;  5754;  1286;     2;     1;   -97;   -97;   9.5; drag-lps8-05; 1; 8; 125000; 5459
2023-02-11 12:06:14; hka-aqm-am116;  17.02;  28.67;   463;   704;  5625;  1251;     2;     1;   -97;   -97;   8.2; drag-lps8-05; 5; 8; 125000; 5460
2023-02-11 12:09:32; hka-aqm-am116;  17.09;  28.60;   464;   709;  5269;  1151;     2;     1;  -100;  -100;   9.0; drag-lps8-05; 3; 8; 125000; 5461
2023-02-11 12:13:55; hka-aqm-am116;  17.24;  28.60;   458;   710;  4887;  1040;     4;     2;   -99;   -99;   9.8; drag-lps8-05; 7; 8; 125000; 5462
2023-02-11 12:23:32; hka-aqm-am116;  17.54;  28.40;   459;   721;  4582;   956;     3;     1;   -99;   -99;   9.2; drag-lps8-05; 4; 8; 125000; 5463
2023-02-11 12:23:52; hka-aqm-am116;  17.48;  28.36;   458;   717;  4490;   940;     2;     0;  -114;  -114;   1.2; drag-lps8-03; 6; 8; 125000; 5464
2023-02-11 12:28:53; hka-aqm-am116;  17.74;  28.26;   464;   693;  4443;   926;     2;     0;   -97;   -97;   9.5; drag-lps8-05; 4; 8; 125000; 5465
2023-02-11 12:30:53; hka-aqm-am116;  17.77;  28.19;   456;   723;  4535;   951;     3;     0;  -100;  -100;   9.5; drag-lps8-05; 3; 8; 125000; 5466
2023-02-11 12:45:14; hka-aqm-am116;  18.20;  27.89;   454;   732;  4871;  1040;     5;     2;  -113;  -113;   1.8; drag-lps8-03; 5; 8; 125000; 5467
2023-02-11 12:47:14; hka-aqm-am116;  18.26;  27.85;   456;   723;  4947;  1061;     3;     2;  -113;  -113;   1.2; drag-lps8-03; 1; 8; 125000; 5468
2023-02-11 13:01:14; hka-aqm-am116;  18.73;  27.51;   451;   749;  4633;   993;     3;     2;  -114;  -114;   3.2; drag-lps8-03; 0; 8; 125000; 5469
2023-02-11 13:01:33; hka-aqm-am116;  18.75;  27.48;   450;   747;  4277;   904;     1;     1;  -114;  -114;   1.5; drag-lps8-03; 6; 8; 125000; 5470
2023-02-11 13:02:12; hka-aqm-am116;  18.73;  27.48;   454;   742;  4674;  1012;     1;     1;   -99;   -99;   7.5; drag-lps8-05; 2; 8; 125000; 5471
2023-02-11 13:06:14; hka-aqm-am116;  18.81;  27.38;   457;   775;  4641;   991;     4;     1;  -112;  -112;   2.2; drag-lps8-03; 7; 8; 125000; 5472
2023-02-11 13:21:20; hka-aqm-am116;  19.23;  27.04;   454;   750;  4171;   874;     5;     1;  -100;  -100;   8.2; drag-lps8-05; 3; 8; 125000; 5473
2023-02-11 13:36:27; hka-aqm-am116;  19.67;  26.76;   452;   746;  4097;   854;     3;     0;  -114;  -114;   1.8; drag-lps8-03; 6; 8; 125000; 5474
2023-02-11 13:51:35; hka-aqm-am116;  20.08;  26.42;   456;   724;  3926;   818;     5;     2;  -100;  -100;  10.2; drag-lps8-05; 0; 8; 125000; 5475
2023-02-11 14:04:13; hka-aqm-am116;  20.47;  26.15;   450;   785;  3734;   782;     5;     2;  -114;  -114;   2.2; drag-lps8-03; 5; 8; 125000; 5476
2023-02-11 14:19:19; hka-aqm-am116;  20.81;  25.81;   447;   771;  3958;   844;     5;     2;  -114;  -114;   0.8; drag-lps8-03; 1; 8; 125000; 5477
2023-02-11 14:24:33; hka-aqm-am116;  21.04;  25.74;   454;   775;  3941;   848;     5;     2;  -116;  -116;   1.8; drag-lps8-03; 7; 8; 125000; 5478
2023-02-11 14:31:54; hka-aqm-am116;  21.22;  25.54;   444;   795;  3975;   860;     3;     0;  -115;  -115;   0.2; drag-lps8-03; 2; 8; 125000; 5479
2023-02-11 14:32:13; hka-aqm-am116;  21.25;  25.54;   444;   796;  4056;   883;     2;     0;   -99;   -99;  10.8; drag-lps8-05; 4; 8; 125000; 5480
2023-02-11 14:32:34; hka-aqm-am116;  21.25;  25.54;   443;   796;  3731;   799;     2;     0;  -115;  -115;  -1.0; drag-lps8-03; 3; 8; 125000; 5481
2023-02-11 14:32:53; hka-aqm-am116;  21.30;  25.54;   443;   799;  4163;   915;     2;     0;   -99;   -99;  10.2; drag-lps8-05; 1; 8; 125000; 5482
2023-02-11 14:33:13; hka-aqm-am116;  21.36;  25.54;   442;   831;  3927;   851;     3;     0;   -99;   -99;   7.0; drag-lps8-05; 2; 8; 125000; 5483
2023-02-11 14:33:33; hka-aqm-am116;  21.38;  25.54;   441;   815;  4081;   895;     3;     0;  -100;  -100;  10.5; drag-lps8-05; 6; 8; 125000; 5484
2023-02-11 14:33:53; hka-aqm-am116;  21.33;  25.54;   442;   788;  4002;   873;     2;     0;  -115;  -115;   1.8; drag-lps8-03; 7; 8; 125000; 5485
2023-02-11 14:34:33; hka-aqm-am116;  21.33;  25.47;   442;   793;  4046;   887;     2;     0;  -100;  -100;  10.5; drag-lps8-05; 4; 8; 125000; 5486
2023-02-11 14:34:54; hka-aqm-am116;  21.33;  25.47;   442;   757;  3806;   822;     2;     0;   -97;   -97;   7.5; drag-lps8-05; 5; 8; 125000; 5487
2023-02-11 14:35:14; hka-aqm-am116;  21.35;  25.47;   442;   764;  4002;   876;     2;     0;  -117;  -117;   3.0; drag-lps8-03; 0; 8; 125000; 5488
2023-02-11 14:36:14; hka-aqm-am116;  21.42;  25.47;   444;   764;  3918;   856;     4;     0;   -99;   -99;   9.0; drag-lps8-05; 4; 8; 125000; 5489
2023-02-11 14:39:53; hka-aqm-am116;  21.48;  25.36;   448;   774;  3823;   834;     3;     0;  -113;  -113;   2.0; drag-lps8-03; 6; 8; 125000; 5490
2023-02-11 14:40:33; hka-aqm-am116;  21.50;  25.33;   446;   808;  3911;   857;     3;     0;  -113;  -113;   1.8; drag-lps8-03; 1; 8; 125000; 5491
2023-02-11 14:54:13; hka-aqm-am116;  21.95;  25.06;   441;   820;  3818;   836;     4;     1;   -99;   -99;   8.5; drag-lps8-05; 5; 8; 125000; 5492
2023-02-11 14:54:52; hka-aqm-am116;  21.94;  24.99;   445;   808;  3898;   858;     3;     0;  -115;  -115;   3.2; drag-lps8-03; 7; 8; 125000; 5493
2023-02-11 14:58:33; hka-aqm-am116;  22.10;  24.92;   445;   787;  3919;   867;     2;     0;  -114;  -114;   0.2; drag-lps8-03; 3; 8; 125000; 5494
2023-02-11 14:59:52; hka-aqm-am116;  22.12;  24.85;   444;   801;  3993;   886;     3;     0;  -101;  -101;  10.2; drag-lps8-05; 0; 8; 125000; 5495
2023-02-11 15:00:14; hka-aqm-am116;  22.15;  24.92;   442;   793;  4067;   906;     2;     0;  -115;  -115;   0.2; drag-lps8-03; 2; 8; 125000; 5496
2023-02-11 15:05:53; hka-aqm-am116;  22.32;  24.75;   443;   814;  4149;   949;     4;     0;  -115;  -115; nan; drag-lps8-03; 3; 8; 125000; 5497
2023-02-11 15:06:13; hka-aqm-am116;  22.27;  24.78;   442;   841;  4311;   993;     2;     0;  -114;  -114;   1.0; drag-lps8-03; 1; 8; 125000; 5498
2023-02-11 15:06:34; hka-aqm-am116;  22.34;  24.78;   441;   829;  4226;   973;     2;     0;  -115;  -115;   1.8; drag-lps8-03; 7; 8; 125000; 5499
2023-02-11 15:07:34; hka-aqm-am116;  22.40;  24.71;   442;   819;  4372;  1016;     2;     0;   -99;   -99;   7.8; drag-lps8-05; 2; 8; 125000; 5500
2023-02-11 15:07:53; hka-aqm-am116;  22.40;  24.71;   440;   812;  3551;   792;     1;     0;  -114;  -114;   3.2; drag-lps8-03; 4; 8; 125000; 5501
2023-02-11 15:08:13; hka-aqm-am116;  22.41;  24.71;   439;   830;  2995;   649;     1;     0;  -115;  -115;   2.5; drag-lps8-03; 5; 8; 125000; 5502
2023-02-11 15:08:34; hka-aqm-am116;  22.42;  24.64;   439;   805;  2882;   622;     1;     0;  -100;  -100;   9.2; drag-lps8-05; 0; 8; 125000; 5503
2023-02-11 15:09:53; hka-aqm-am116;  22.47;  24.58;   441;   828;  2658;   575;     2;     0;   -99;   -99;   9.8; drag-lps8-05; 6; 8; 125000; 5504
2023-02-11 15:10:52; hka-aqm-am116;  22.58;  24.64;   449;   802;  2329;   495;     3;     0;  -114;  -114;  -0.5; drag-lps8-03; 3; 8; 125000; 5506
2023-02-11 15:11:13; hka-aqm-am116;  22.54;  24.61;   447;   803;  2164;   457;     1;     0;  -115;  -115;   0.2; drag-lps8-03; 2; 8; 125000; 5507
2023-02-11 15:11:33; hka-aqm-am116;  22.56;  24.58;   446;   827;  2091;   442;     3;     0;  -113;  -113;   2.8; drag-lps8-03; 4; 8; 125000; 5508
2023-02-11 15:13:14; hka-aqm-am116;  22.60;  24.44;   451;   806;  1940;   407;     3;     0;  -114;  -114;   0.2; drag-lps8-03; 1; 8; 125000; 5509
2023-02-11 15:14:32; hka-aqm-am116;  22.58;  24.40;   447;   783;  2111;   447;     3;     0;  -100;  -100;   9.8; drag-lps8-05; 6; 8; 125000; 5510
2023-02-11 15:15:13; hka-aqm-am116;  22.54;  24.37;   449;   791;  1840;   386;     2;     0;  -115;  -115;   1.8; drag-lps8-03; 7; 8; 125000; 5511
2023-02-11 15:16:14; hka-aqm-am116;  22.61;  24.23;   446;   786;  1997;   429;     1;     0;  -100;  -100;   8.0; drag-lps8-05; 5; 8; 125000; 5512
2023-02-11 15:16:34; hka-aqm-am116;  22.61;  24.23;   443;   794;  2250;   488;     0;     0;   -97;   -97;   8.0; drag-lps8-05; 2; 8; 125000; 5513
2023-02-11 15:16:53; hka-aqm-am116;  22.59;  24.23;   441;   800;  2308;   509;     0;     0;  -115;  -115; nan; drag-lps8-03; 1; 8; 125000; 5514
2023-02-11 15:17:13; hka-aqm-am116;  22.55;  24.23;   441;   801;  2808;   632;     0;     0;   -99;   -99;   9.8; drag-lps8-05; 6; 8; 125000; 5515
2023-02-11 15:17:33; hka-aqm-am116;  22.62;  24.23;   440;   801;  5819;  1393;     0;     0;  -118;  -118;   2.8; drag-lps8-03; 0; 8; 125000; 5516
2023-02-11 15:17:53; hka-aqm-am116;  22.65;  24.23;   439;   821;  7540;  1855;     1;     0;  -114;  -114;  -0.5; drag-lps8-03; 3; 8; 125000; 5517
2023-02-11 15:18:13; hka-aqm-am116;  22.74;  24.23;   438;   818;  6661;  1623;     1;     0;  -100;  -100;   9.2; drag-lps8-05; 7; 8; 125000; 5518
2023-02-11 15:18:34; hka-aqm-am116;  22.72;  24.16;   438;   831;  4357;  1024;     1;     0;  -115;  -115;   3.5; drag-lps8-03; 4; 8; 125000; 5519
2023-02-11 15:19:13; hka-aqm-am116;  22.75;  24.16;   442;   829;  2622;   592;     3;     0;  -100;  -100;   7.5; drag-lps8-05; 5; 8; 125000; 5520
2023-02-11 15:19:34; hka-aqm-am116;  22.74;  24.10;   440;   807;  2742;   615;     1;     0;  -115;  -115;   1.8; drag-lps8-03; 7; 8; 125000; 5521
2023-02-11 15:19:54; hka-aqm-am116;  22.75;  24.10;   439;   796;  2997;   678;     3;     0;  -113;  -113;   1.0; drag-lps8-03; 6; 8; 125000; 5522
2023-02-11 15:20:14; hka-aqm-am116;  22.74;  24.10;   438;   860;  2846;   643;     3;     0;   -97;   -97;  10.2; drag-lps8-05; 1; 8; 125000; 5523
2023-02-11 15:20:33; hka-aqm-am116;  22.79;  24.03;   438;   852;  3375;   770;     4;     0;  -115;  -115;  -0.2; drag-lps8-03; 3; 8; 125000; 5524
2023-02-11 15:21:13; hka-aqm-am116;  22.71;  24.06;   442;   859;  2936;   669;     4;     0;   -99;   -99;   8.2; drag-lps8-05; 5; 8; 125000; 5525
2023-02-11 15:21:33; hka-aqm-am116;  22.75;  24.06;   440;   847;  2672;   600;     4;     0;   -98;   -98;  10.8; drag-lps8-05; 4; 8; 125000; 5526
2023-02-11 15:21:54; hka-aqm-am116;  22.78;  24.10;   439;   797;  2620;   589;     2;     0;  -117;  -117;   3.0; drag-lps8-03; 0; 8; 125000; 5527
2023-02-11 15:22:33; hka-aqm-am116;  22.82;  23.96;   438;   804;  2700;   607;     1;     0;   -99;   -99;   7.2; drag-lps8-05; 2; 8; 125000; 5528
2023-02-11 15:23:13; hka-aqm-am116;  22.81;  23.96;   438;   840;  2880;   656;     3;     0;   -98;   -98;   7.8; drag-lps8-05; 5; 8; 125000; 5529
2023-02-11 15:23:54; hka-aqm-am116;  22.84;  23.96;   442;   827;  2964;   679;     3;     0;  -117;  -117;   2.8; drag-lps8-03; 0; 8; 125000; 5530
2023-02-11 15:24:13; hka-aqm-am116;  22.77;  23.89;   440;   826;  3123;   717;     2;     0;  -115;  -115;   0.8; drag-lps8-03; 6; 8; 125000; 5531
2023-02-11 15:24:33; hka-aqm-am116;  22.80;  23.89;   439;   752;  3001;   687;     3;     0;  -101;  -101;  10.0; drag-lps8-05; 7; 8; 125000; 5532
2023-02-11 15:24:53; hka-aqm-am116;  22.83;  23.89;   438;   779;  2602;   585;     3;     0;   -99;   -99;   8.0; drag-lps8-05; 3; 8; 125000; 5533
2023-02-11 15:25:13; hka-aqm-am116;  22.82;  23.96;   438;   788;  2296;   509;     0;     0;   -97;   -97;   9.2; drag-lps8-05; 1; 8; 125000; 5534
2023-02-11 15:25:34; hka-aqm-am116;  22.80;  23.96;   438;   868;  2196;   481;     1;     0;   -99;   -99;  11.0; drag-lps8-05; 4; 8; 125000; 5535
2023-02-11 15:25:53; hka-aqm-am116;  22.86;  23.89;   438;   842;  2129;   465;     1;     0;   -97;   -97;   7.5; drag-lps8-05; 2; 8; 125000; 5536
2023-02-11 15:26:54; hka-aqm-am116;  22.88;  23.89;   438;   820;  1972;   432;     1;     0;  -100;  -100;  11.2; drag-lps8-05; 0; 8; 125000; 5537
2023-02-11 15:27:53; hka-aqm-am116;  22.87;  23.89;   441;   830;  1792;   392;     2;     0;  -115;  -115;   2.2; drag-lps8-03; 5; 8; 125000; 5538
2023-02-11 15:30:13; hka-aqm-am116;  22.84;  23.85;   444;   835;  1711;   381;     4;     0;   -99;   -99;   8.8; drag-lps8-05; 7; 8; 125000; 5539
2023-02-11 15:37:13; hka-aqm-am116;  22.84;  23.82;   441;   792;  1761;   415;     3;     0;   -97;   -97;   8.8; drag-lps8-05; 1; 8; 125000; 5540
2023-02-11 15:37:33; hka-aqm-am116;  22.85;  23.79;   440;   793;  1823;   430;     1;     0;  -114;  -114;   0.8; drag-lps8-03; 6; 8; 125000; 5541
2023-02-11 15:37:53; hka-aqm-am116;  22.82;  23.82;   439;   787;  1879;   448;     2;     0;  -115;  -115;   3.2; drag-lps8-03; 4; 8; 125000; 5542
2023-02-11 15:38:13; hka-aqm-am116;  22.82;  23.79;   438;   799;  1946;   465;     2;     0;  -115;  -115;  -0.2; drag-lps8-03; 3; 8; 125000; 5543
2023-02-11 15:38:33; hka-aqm-am116;  22.83;  23.82;   438;   789;  2082;   502;     1;     0;  -115;  -115;   0.2; drag-lps8-03; 2; 8; 125000; 5544
2023-02-11 15:39:13; hka-aqm-am116;  22.81;  23.82;   438;   783;  2142;   516;     1;     0;  -115;  -115;   2.0; drag-lps8-03; 7; 8; 125000; 5545
2023-02-11 15:39:34; hka-aqm-am116;  22.82;  23.82;   438;   788;  2318;   561;     2;     0;  -115;  -115;   2.8; drag-lps8-03; 4; 8; 125000; 5546
2023-02-11 15:40:32; hka-aqm-am116;  22.85;  23.82;   446;   788;  2195;   527;     2;     0;  -113;  -113;   0.5; drag-lps8-03; 6; 8; 125000; 5547
2023-02-11 15:40:52; hka-aqm-am116;  22.87;  23.79;   443;   785;  1990;   474;     2;     0;   -97;   -97;   9.0; drag-lps8-05; 1; 8; 125000; 5548
2023-02-11 15:41:12; hka-aqm-am116;  22.85;  23.82;   441;   795;  1892;   450;     1;     0;  -100;  -100;   9.2; drag-lps8-05; 3; 8; 125000; 5549
2023-02-11 15:41:32; hka-aqm-am116;  22.85;  23.82;   440;   805;  1786;   424;     1;     0;  -117;  -117;   2.0; drag-lps8-03; 0; 8; 125000; 5550
2023-02-11 15:42:34; hka-aqm-am116;  22.86;  23.79;   442;   818;  2208;   532;     2;     0;   -99;   -99;   7.2; drag-lps8-05; 5; 8; 125000; 5551
2023-02-11 15:42:53; hka-aqm-am116;  22.85;  23.82;   440;   820;  3718;   938;     2;     0;  -115;  -115;   0.2; drag-lps8-03; 2; 8; 125000; 5552
2023-02-11 15:43:52; hka-aqm-am116;  22.85;  23.82;   448;   803;  3566;   898;     1;     0;  -113;  -113;   0.8; drag-lps8-03; 6; 8; 125000; 5553
2023-02-11 15:44:12; hka-aqm-am116;  22.84;  23.79;   445;   803;  4078;  1036;     1;     0;   -99;   -99;   7.5; drag-lps8-05; 5; 8; 125000; 5554
2023-02-11 15:44:34; hka-aqm-am116;  22.86;  23.82;   443;   808;  4467;  1150;     3;     0;  -115;  -115;   2.5; drag-lps8-03; 0; 8; 125000; 5555
2023-02-11 15:44:54; hka-aqm-am116;  22.88;  23.75;   441;   824;  3943;  1005;     3;     0;  -114;  -114;  -0.2; drag-lps8-03; 3; 8; 125000; 5556
2023-02-11 15:45:13; hka-aqm-am116;  22.89;  23.75;   440;   824;  3767;   959;     2;     0;   -99;   -99;  10.8; drag-lps8-05; 4; 8; 125000; 5557
2023-02-11 15:45:34; hka-aqm-am116;  22.90;  23.79;   440;   811;  4505;  1163;     2;     0;   -97;   -97;  10.0; drag-lps8-05; 1; 8; 125000; 5558
2023-02-11 15:45:53; hka-aqm-am116;  22.94;  23.75;   439;   862;  4314;  1109;     2;     0;   -97;   -97;   7.8; drag-lps8-05; 2; 8; 125000; 5559
2023-02-11 15:46:32; hka-aqm-am116;  22.90;  23.75;   443;   837;  3161;   792;     2;     0;  -115;  -115;   2.0; drag-lps8-03; 7; 8; 125000; 5560
2023-02-11 15:46:52; hka-aqm-am116;  22.92;  23.75;   442;   825;  2255;   544;     1;     0;  -114;  -114;   3.0; drag-lps8-03; 4; 8; 125000; 5561
2023-02-11 15:47:14; hka-aqm-am116;  22.96;  23.72;   440;   824;  2451;   592;     2;     0;   -99;   -99;   9.2; drag-lps8-05; 1; 8; 125000; 5562
2023-02-11 15:47:53; hka-aqm-am116;  22.94;  23.72;   438;   823;  2707;   664;     2;     0;  -100;  -100;  10.5; drag-lps8-05; 0; 8; 125000; 5563
2023-02-11 15:48:33; hka-aqm-am116;  22.93;  23.72;   442;   798;  2269;   546;     2;     0;   -99;   -99;   8.8; drag-lps8-05; 6; 8; 125000; 5564
2023-02-11 15:49:34; hka-aqm-am116;  22.97;  23.72;   443;   815;  2418;   584;     3;     0;  -114;  -114;  -0.2; drag-lps8-03; 3; 8; 125000; 5565
2023-02-11 15:50:32; hka-aqm-am116;  22.91;  23.68;   449;   782;  1891;   449;     3;     0;  -115;  -115;   0.5; drag-lps8-03; 2; 8; 125000; 5566
2023-02-11 15:50:54; hka-aqm-am116;  22.94;  23.72;   445;   793;  1597;   375;     2;     0;  -100;  -100;   7.5; drag-lps8-05; 5; 8; 125000; 5567
2023-02-11 15:51:14; hka-aqm-am116;  22.94;  23.75;   442;   809;  1532;   358;     2;     0;  -115;  -115;   2.2; drag-lps8-03; 7; 8; 125000; 5568
2023-02-11 15:51:34; hka-aqm-am116;  22.95;  23.68;   440;   789;  1472;   341;     0;     0;   -99;   -99;   9.8; drag-lps8-05; 0; 8; 125000; 5569
2023-02-11 15:51:54; hka-aqm-am116;  22.91;  23.68;   438;   802;  1415;   327;     2;     0;  -114;  -114; nan; drag-lps8-03; 3; 8; 125000; 5570
2023-02-11 15:55:12; hka-aqm-am116;  22.84;  23.75;   441;   788;  1191;   279;     2;     0;   -99;   -99;  11.0; drag-lps8-05; 4; 8; 125000; 5571
2023-02-11 15:56:52; hka-aqm-am116;  22.83;  23.75;   443;   750;  1041;   244;     3;     0;  -114;  -114;   0.8; drag-lps8-03; 6; 8; 125000; 5572
2023-02-11 15:57:13; hka-aqm-am116;  22.78;  23.75;   441;   751;   980;   229;     1;     0;  -114;  -114;   0.5; drag-lps8-03; 1; 8; 125000; 5573
2023-02-11 16:03:32; hka-aqm-am116;  22.70;  23.89;   439;   808;  1089;   261;     2;     0;   -99;   -99;   7.8; drag-lps8-05; 2; 8; 125000; 5574
2023-02-11 16:03:53; hka-aqm-am116;  22.76;  23.89;   439;   804;  1499;   379;     1;     0;  -115;  -115;   2.2; drag-lps8-03; 7; 8; 125000; 5575
2023-02-11 16:04:32; hka-aqm-am116;  22.68;  23.85;   443;   812;  1902;   492;     3;     0;  -113;  -113;   2.0; drag-lps8-03; 5; 8; 125000; 5576
2023-02-11 16:04:52; hka-aqm-am116;  22.70;  23.82;   440;   824;  2435;   644;     3;     0;  -117;  -117;   3.0; drag-lps8-03; 0; 8; 125000; 5577
2023-02-11 16:05:33; hka-aqm-am116;  22.66;  23.89;   437;   801;  2557;   682;     2;     0;  -114;  -114;   2.8; drag-lps8-03; 4; 8; 125000; 5578
2023-02-11 16:05:53; hka-aqm-am116;  22.66;  23.85;   437;   794;  2860;   773;     2;     0;   -99;   -99;   7.5; drag-lps8-05; 2; 8; 125000; 5579
2023-02-11 16:06:13; hka-aqm-am116;  22.67;  23.82;   437;   793;  2396;   641;     0;     0;  -114;  -114;   0.8; drag-lps8-03; 1; 8; 125000; 5580
2023-02-11 16:06:34; hka-aqm-am116;  22.74;  23.85;   437;   794;  1828;   477;     3;     0;  -114;  -114;   2.8; drag-lps8-03; 5; 8; 125000; 5581
2023-02-11 16:06:54; hka-aqm-am116;  22.70;  23.89;   436;   797;  1627;   420;     3;     0;  -100;  -100;   9.0; drag-lps8-05; 3; 8; 125000; 5582
2023-02-11 16:07:14; hka-aqm-am116;  22.70;  23.85;   435;   792;  1943;   509;     2;     0;   -98;   -98;   9.2; drag-lps8-05; 7; 8; 125000; 5583
2023-02-11 16:07:33; hka-aqm-am116;  22.67;  23.82;   436;   802;  1775;   460;     2;     0;   -99;   -99;  10.0; drag-lps8-05; 6; 8; 125000; 5584
2023-02-11 16:07:54; hka-aqm-am116;  22.67;  23.85;   436;   783;  1689;   434;     2;     0;  -114;  -114;   1.5; drag-lps8-03; 7; 8; 125000; 5585
2023-02-11 16:08:13; hka-aqm-am116;  22.71;  23.89;   435;   780;  1544;   392;     2;     0;  -114;  -114;   3.5; drag-lps8-03; 4; 8; 125000; 5586
2023-02-11 16:08:34; hka-aqm-am116;  22.74;  23.89;   436;   837;  1297;   323;     2;     0;   -99;   -99;   9.0; drag-lps8-05; 1; 8; 125000; 5587
2023-02-11 16:08:54; hka-aqm-am116;  22.70;  23.89;   437;   827;  1478;   375;     2;     0;  -100;  -100;   9.5; drag-lps8-05; 3; 8; 125000; 5588
2023-02-11 16:09:13; hka-aqm-am116;  22.71;  23.89;   438;   820;  1762;   459;     1;     0;   -99;   -99;   7.0; drag-lps8-05; 5; 8; 125000; 5589
2023-02-11 16:09:52; hka-aqm-am116;  22.72;  23.89;   442;   809;  1580;   407;     1;     0;  -100;  -100;  10.2; drag-lps8-05; 0; 8; 125000; 5590
2023-02-11 16:10:12; hka-aqm-am116;  22.70;  23.85;   440;   804;  1307;   330;     1;     0;  -112;  -112; nan; drag-lps8-03; 6; 8; 125000; 5591
2023-02-11 16:10:32; hka-aqm-am116;  22.74;  23.89;   439;   820;  1119;   278;     1;     0;  -114;  -114; nan; drag-lps8-03; 2; 8; 125000; 5592
2023-02-11 16:10:54; hka-aqm-am116;  22.66;  23.89;   438;   808;   829;   198;     2;     0;  -115;  -115;   2.2; drag-lps8-03; 7; 8; 125000; 5593
2023-02-11 16:11:32; hka-aqm-am116;  22.70;  23.89;   442;   793;   752;   177;     2;     0;  -114;  -114;   2.8; drag-lps8-03; 5; 8; 125000; 5594
2023-02-11 16:26:38; hka-aqm-am116;  22.27;  24.16;   444;   792;   284;    63;     4;     0;  -114;  -114; nan; drag-lps8-03; 2; 8; 125000; 5595
2023-02-11 16:41:44; hka-aqm-am116;  21.86;  24.64;   440;   829;   108;    20;     4;     0;  -116;  -116;   2.2; drag-lps8-03; 0; 8; 125000; 5596
2023-02-11 16:56:51; hka-aqm-am116;  21.49;  24.99;   448;   774;    73;    13;     2;     0;  -116;  -116;  -0.5; drag-lps8-03; 3; 8; 125000; 5597
2023-02-11 17:11:57; hka-aqm-am116;  21.13;  25.36;   441;   799;    45;     8;     4;     0;  -114;  -114; nan; drag-lps8-03; 1; 8; 125000; 5598
2023-02-11 17:27:03; hka-aqm-am116;  20.83;  25.71;   441;   777;    34;     9;     3;     0;   -97;   -97;  10.0; drag-lps8-05; 4; 8; 125000; 5599
2023-02-11 17:42:10; hka-aqm-am116;  20.54;  25.95;   444;   797;    13;     2;     2;     0;  -113;  -113;   0.2; drag-lps8-03; 6; 8; 125000; 5600
2023-02-11 17:57:16; hka-aqm-am116;  20.30;  26.25;   445;   781;    10;     3;     4;     1;  -115;  -115;  -1.2; drag-lps8-03; 3; 8; 125000; 5601
2023-02-11 18:12:22; hka-aqm-am116;  20.07;  26.49;   447;   735;     8;     2;     2;     0;  -114;  -114;   3.0; drag-lps8-03; 4; 8; 125000; 5602
2023-02-11 18:27:28; hka-aqm-am116;  19.87;  26.76;   446;   790;     6;     0;     3;     0;  -115;  -115;   1.5; drag-lps8-03; 7; 8; 125000; 5603
2023-02-11 18:42:35; hka-aqm-am116;  19.65;  26.97;   441;   789;     8;     3;     4;     1;   -99;   -99;   7.0; drag-lps8-05; 5; 8; 125000; 5604
2023-02-11 18:57:41; hka-aqm-am116;  19.51;  27.24;   449;   769;     6;     2;     1;     0;  -114;  -114; nan; drag-lps8-03; 6; 8; 125000; 5605
2023-02-11 19:12:47; hka-aqm-am116;  19.35;  27.41;   448;   779;     6;     0;     4;     0;   -97;   -97;   7.5; drag-lps8-05; 2; 8; 125000; 5606
2023-02-11 19:27:54; hka-aqm-am116;  19.22;  27.58;   448;   791;     6;     2;     4;     1;  -100;  -100;  10.5; drag-lps8-05; 0; 8; 125000; 5607
2023-02-11 19:43:00; hka-aqm-am116;  19.08;  27.75;   450;   781;     6;     0;     4;     2;   -99;   -99;   9.8; drag-lps8-05; 1; 8; 125000; 5608
2023-02-11 19:58:06; hka-aqm-am116;  18.96;  27.92;   450;   794;     6;     2;     1;     0;   -98;   -98;   9.0; drag-lps8-05; 4; 8; 125000; 5609
2023-02-11 20:13:14; hka-aqm-am116;  18.84;  28.06;   444;   852;     6;     0;     4;     2;   -97;   -97;  10.0; drag-lps8-05; 1; 8; 125000; 5610
2023-02-11 20:28:20; hka-aqm-am116;  18.74;  28.26;   450;   786;     6;     1;     4;     2;   -96;   -96;   7.2; drag-lps8-05; 5; 8; 125000; 5611
2023-02-11 20:43:26; hka-aqm-am116;  18.64;  28.36;   456;   786;     6;     0;     4;     0;  -117;  -117;   1.8; drag-lps8-03; 7; 8; 125000; 5612
2023-02-11 20:58:34; hka-aqm-am116;  18.54;  28.50;   453;   872;     8;     3;     4;     2;   -99;   -99;   9.5; drag-lps8-05; 6; 8; 125000; 5613
2023-02-11 21:13:40; hka-aqm-am116;  18.45;  28.60;   466;   825;     6;     1;     1;     0;   -99;   -99;   7.8; drag-lps8-05; 2; 8; 125000; 5614
2023-02-11 21:28:47; hka-aqm-am116;  18.36;  28.77;   455;   783;     6;     2;     1;     0;  -117;  -117;   2.5; drag-lps8-03; 0; 8; 125000; 5615
2023-02-11 21:43:53; hka-aqm-am116;  18.29;  28.91;   455;   826;     6;     0;     5;     2;  -100;  -100;   9.2; drag-lps8-05; 3; 8; 125000; 5616
2023-02-11 21:58:59; hka-aqm-am116;  18.22;  29.01;   463;   816;     6;     0;     5;     2;  -115;  -115;   2.8; drag-lps8-03; 5; 8; 125000; 5617
2023-02-11 22:14:06; hka-aqm-am116;  18.14;  29.08;   456;   841;     6;     0;     1;     0;   -99;   -99;   8.0; drag-lps8-05; 3; 8; 125000; 5618
2023-02-11 22:29:13; hka-aqm-am116;  18.08;  29.21;   456;   819;     6;     2;     5;     2;   -97;   -97;   9.0; drag-lps8-05; 4; 8; 125000; 5619
2023-02-11 22:44:19; hka-aqm-am116;  18.02;  29.35;   454;   839;     6;     0;     5;     2;  -115;  -115;   1.5; drag-lps8-03; 7; 8; 125000; 5620
2023-02-11 22:59:25; hka-aqm-am116;  17.96;  29.42;   458;   792;     6;     0;     3;     0;  -114;  -114;   0.5; drag-lps8-03; 1; 8; 125000; 5621
2023-02-11 23:14:32; hka-aqm-am116;  17.90;  29.55;   464;   833;     6;     0;     5;     2;   -99;   -99;  10.2; drag-lps8-05; 0; 8; 125000; 5622
2023-02-11 23:29:39; hka-aqm-am116;  17.86;  29.69;   457;   742;     6;     0;     5;     2;   -97;   -97;   7.8; drag-lps8-05; 2; 8; 125000; 5623
2023-02-11 23:44:45; hka-aqm-am116;  17.79;  29.75;   460;   815;     6;     2;     2;     0;   -97;   -97;  10.0; drag-lps8-05; 6; 8; 125000; 5624
2023-02-11 23:59:54; hka-aqm-am116;  17.76;  29.85;   466;   822;     8;     3;     5;     2;   -99;   -99;  11.2; drag-lps8-05; 0; 8; 125000; 5625
