# Logfile LoRaWAN TTN/TTS V3 logger version hka-log V 1.1
date_time;device_id;tmp;hum;CO2;VOC;vis;IR;WIFI;BLE;rssi;channel_rssi;snr;gateway;channel_index;spreading_factor;bandwidth;f_cnt
2023-07-20 00:14:06; hka-aqm-am210;  28.62;  40.02;   841;  1013;    10;     2;     5;     8;  -116;  -116;  -3.2; drag-lps8-03; 5; 7; 125000; 1439
2023-07-20 00:29:19; hka-aqm-am210;  28.62;  40.02;   826;   999;    10;     2;     3;     0;  -114;  -114;   0.8; drag-lps8-03; 4; 7; 125000; 1441
2023-07-20 00:44:26; hka-aqm-am210;  28.64;  40.02;   816;   934;    10;     2;     5;     8;   -84;   -84;   9.0; drag-lps8-05; 6; 7; 125000; 1442
2023-07-20 00:59:38; hka-aqm-am210;  28.63;  39.99;   816;   969;    10;     2;     4;     0;   -81;   -81;  10.0; drag-lps8-05; 1; 7; 125000; 1444
2023-07-20 01:14:46; hka-aqm-am210;  28.60;  39.99;   807;   957;    10;     2;     5;     8;   -82;   -82;   7.2; drag-lps8-05; 2; 7; 125000; 1445
2023-07-20 01:29:52; hka-aqm-am210;  28.58;  40.02;   793;   946;    10;     2;     5;     8;   -87;   -87;   9.0; drag-lps8-05; 3; 7; 125000; 1446
2023-07-20 01:44:58; hka-aqm-am210;  28.57;  39.99;   786;   930;    12;     4;     2;     0;  -113;  -113;   1.0; drag-lps8-03; 4; 7; 125000; 1447
2023-07-20 02:00:06; hka-aqm-am210;  28.62;  39.92;   772;   903;    10;     2;     5;     8;   -85;   -85;   9.5; drag-lps8-05; 7; 7; 125000; 1448
2023-07-20 02:15:13; hka-aqm-am210;  28.60;  39.95;   763;   911;    10;     2;     5;     8;  -115;  -115;  -0.8; drag-lps8-03; 3; 7; 125000; 1449
2023-07-20 02:30:19; hka-aqm-am210;  28.60;  39.89;   753;   775;    10;     2;     1;     0;  -112;  -112;   1.2; drag-lps8-03; 6; 7; 125000; 1450
2023-07-20 02:45:25; hka-aqm-am210;  28.61;  39.89;   748;   888;    12;     4;     5;     8;   -82;   -82;   9.2; drag-lps8-05; 1; 7; 125000; 1451
2023-07-20 03:00:38; hka-aqm-am210;  28.55;  40.02;   741;   873;    10;     2;     2;     0;   -82;   -82;   7.2; drag-lps8-05; 5; 7; 125000; 1453
2023-07-20 03:15:44; hka-aqm-am210;  28.57;  39.85;   726;   858;    10;     2;     5;     8;   -83;   -83;   8.5; drag-lps8-05; 0; 7; 125000; 1454
2023-07-20 03:30:51; hka-aqm-am210;  28.55;  39.92;   718;   870;    10;     2;     5;     8;   -83;   -83;   8.8; drag-lps8-05; 3; 7; 125000; 1455
2023-07-20 03:45:57; hka-aqm-am210;  28.56;  39.92;   706;   832;    10;     2;     3;     0;   -80;   -80;   9.0; drag-lps8-05; 1; 7; 125000; 1456
2023-07-20 04:01:06; hka-aqm-am210;  28.54;  39.82;   697;   812;     4;     1;     5;     8;   -83;   -83;   9.5; drag-lps8-05; 6; 7; 125000; 1457
2023-07-20 04:16:12; hka-aqm-am210;  28.50;  39.95;   688;   797;     4;     1;     5;     8;   -81;   -81;   7.5; drag-lps8-05; 2; 7; 125000; 1458
2023-07-20 04:31:18; hka-aqm-am210;  28.46;  39.99;   681;   776;     6;     2;     2;     0;   -83;   -83;   7.2; drag-lps8-05; 5; 7; 125000; 1459
2023-07-20 04:46:25; hka-aqm-am210;  28.44;  40.02;   671;   769;     4;     0;     5;     8;   -83;   -83;   9.5; drag-lps8-05; 4; 7; 125000; 1460
2023-07-20 05:01:31; hka-aqm-am210;  28.41;  40.05;   662;   758;     6;     2;     5;     8;  -114;  -114;   2.8; drag-lps8-03; 0; 7; 125000; 1461
2023-07-20 05:16:37; hka-aqm-am210;  28.40;  40.02;   653;   739;     6;     1;     1;     0;  -114;  -114;   2.0; drag-lps8-03; 7; 7; 125000; 1462
2023-07-20 05:31:46; hka-aqm-am210;  28.37;  40.08;   651;   742;    12;     4;     5;     8;  -116;  -116;  -1.2; drag-lps8-03; 5; 7; 125000; 1463
2023-07-20 05:46:59; hka-aqm-am210;  28.37;  40.02;   637;   725;    24;     6;     1;     0;   -83;   -83;   8.2; drag-lps8-05; 7; 7; 125000; 1465
2023-07-20 06:02:06; hka-aqm-am210;  28.38;  39.99;   630;   713;    34;     8;     5;     8;   -81;   -81;   7.5; drag-lps8-05; 2; 7; 125000; 1466
2023-07-20 06:17:19; hka-aqm-am210;  28.36;  39.99;   619;   703;    55;    12;     1;     0;  -119;  -119;  -2.2; drag-lps8-03; 4; 7; 125000; 1468
2023-07-20 06:32:26; hka-aqm-am210;  28.36;  39.95;   615;   678;    72;    17;     5;     8;  -113;  -113;   2.5; drag-lps8-03; 0; 7; 125000; 1469
2023-07-20 06:47:32; hka-aqm-am210;  28.35;  39.95;   609;   700;    91;    21;     5;     8;  -115;  -115;  -1.0; drag-lps8-03; 3; 7; 125000; 1470
2023-07-20 06:51:26; hka-aqm-am210;  28.35;  39.95;   610;   681;   205;    59;     5;     8;   -82;   -82;   7.2; drag-lps8-05; 2; 7; 125000; 1471
2023-07-20 06:52:24; hka-aqm-am210;  28.37;  39.92;   610;   685;   115;    29;     2;     0;  -115;  -115;   0.2; drag-lps8-03; 7; 7; 125000; 1472
2023-07-20 06:53:05; hka-aqm-am210;  28.36;  39.92;   607;   675;   175;    48;     2;     0;   -82;   -82;   7.2; drag-lps8-05; 5; 7; 125000; 1473
2023-07-20 06:54:05; hka-aqm-am210;  28.37;  39.92;   606;   680;   194;    54;     2;     0;  -113;  -113;   1.5; drag-lps8-03; 1; 7; 125000; 1474
2023-07-20 06:54:25; hka-aqm-am210;  28.36;  39.92;   605;   686;   317;    94;     2;     0;  -113;  -113; nan; drag-lps8-03; 6; 7; 125000; 1475
2023-07-20 06:56:26; hka-aqm-am210;  28.37;  39.95;   603;   673;   236;    69;     1;     0;  -115;  -115;   0.2; drag-lps8-03; 0; 7; 125000; 1476
2023-07-20 06:57:05; hka-aqm-am210;  28.38;  39.95;   603;   682;   291;    87;     0;     0;  -119;  -119;  -3.8; drag-lps8-03; 3; 7; 125000; 1477
2023-07-20 06:57:45; hka-aqm-am210;  28.41;  39.92;   603;   679;   581;   118;     1;     0;  -120;  -120;  -3.5; drag-lps8-03; 4; 7; 125000; 1478
2023-07-20 06:58:05; hka-aqm-am210;  28.36;  39.89;   603;   681;   647;   129;     0;     0;   -75;   -75;   7.0; drag-lps8-05; 2; 7; 125000; 1479
2023-07-20 06:58:45; hka-aqm-am210;  28.38;  39.89;   603;   680;   622;   107;     1;     0;  -115;  -115;   0.2; drag-lps8-03; 5; 7; 125000; 1480
2023-07-20 06:59:04; hka-aqm-am210;  28.42;  39.89;   603;   682;   568;    85;     1;     0;   -76;   -76;  10.0; drag-lps8-05; 3; 7; 125000; 1481
2023-07-20 07:01:25; hka-aqm-am210;  28.41;  39.92;   602;   669;   118;    32;     3;     0;  -113;  -113;   0.5; drag-lps8-03; 1; 7; 125000; 1482
2023-07-20 07:03:04; hka-aqm-am210;  28.43;  40.02;   606;   686;   179;    54;     2;     0;   -81;   -81;  10.0; drag-lps8-05; 0; 7; 125000; 1483
2023-07-20 07:03:43; hka-aqm-am210;  28.43;  39.99;   609;   684;   293;    90;     1;     0;   -81;   -81;   9.2; drag-lps8-05; 6; 7; 125000; 1484
2023-07-20 07:05:44; hka-aqm-am210;  28.47;  39.95;   607;   660;   106;    30;     1;     0;   -79;   -79;  10.5; drag-lps8-05; 7; 7; 125000; 1485
2023-07-20 07:20:50; hka-aqm-am210;  28.51;  39.95;   600;   668;    93;    22;     3;     0;  -120;  -120;  -2.0; drag-lps8-03; 4; 7; 125000; 1486
2023-07-20 07:29:06; hka-aqm-am210;  28.48;  39.89;   596;   674;   267;    71;     4;     0;   -76;   -76;   8.0; drag-lps8-05; 2; 7; 125000; 1487
2023-07-20 07:29:43; hka-aqm-am210;  28.49;  39.85;   599;   671;   386;   108;     3;     0;  -119;  -119;  -5.0; drag-lps8-03; 1; 7; 125000; 1489
2023-07-20 07:36:05; hka-aqm-am210;  28.52;  39.82;   588;   648;   314;    85;     3;     0;   -78;   -78;   7.5; drag-lps8-05; 5; 7; 125000; 1490
2023-07-20 07:37:04; hka-aqm-am210;  28.55;  39.82;   588;   651;   286;    76;     2;     0;  -116;  -116;  -2.0; drag-lps8-03; 3; 7; 125000; 1491
2023-07-20 07:37:43; hka-aqm-am210;  28.53;  39.82;   592;   647;   394;   108;     2;     0;   -81;   -81;  10.0; drag-lps8-05; 7; 7; 125000; 1492
2023-07-20 07:38:43; hka-aqm-am210;  28.54;  39.82;   588;   666;   221;    57;     2;     0;   -79;   -79;   8.8; drag-lps8-05; 6; 7; 125000; 1493
2023-07-20 07:41:45; hka-aqm-am210;  28.50;  39.85;   593;   618;   303;    83;     1;     0;  -114;  -114;   2.5; drag-lps8-03; 0; 7; 125000; 1494
2023-07-20 07:42:06; hka-aqm-am210;  28.51;  39.85;   591;   619;   377;   105;     1;     0;  -113;  -113;   0.5; drag-lps8-03; 6; 7; 125000; 1495
2023-07-20 07:42:46; hka-aqm-am210;  28.49;  39.85;   589;   635;   320;    87;     1;     0;  -113;  -113;   1.2; drag-lps8-03; 1; 7; 125000; 1496
2023-07-20 07:43:04; hka-aqm-am210;  28.49;  39.85;   588;   645;   191;    48;     1;     0;  -113;  -113;   1.2; drag-lps8-03; 2; 7; 125000; 1497
2023-07-20 07:45:44; hka-aqm-am210;  28.53;  39.85;   590;   670;   255;    66;     3;     0;  -114;  -114;   2.0; drag-lps8-03; 4; 7; 125000; 1498
2023-07-20 07:46:04; hka-aqm-am210;  28.56;  39.82;   588;   674;   331;    88;     3;     0;   -81;   -81;  10.0; drag-lps8-05; 3; 7; 125000; 1499
2023-07-20 07:47:05; hka-aqm-am210;  28.54;  39.76;   589;   675;   177;    44;     1;     0;   -79;   -79;   8.2; drag-lps8-05; 7; 7; 125000; 1500
2023-07-20 07:50:05; hka-aqm-am210;  28.55;  39.79;   584;   656;   245;    64;     2;     0;  -114;  -114;   2.5; drag-lps8-03; 0; 7; 125000; 1501
2023-07-20 07:50:25; hka-aqm-am210;  28.56;  39.76;   584;   653;   299;    81;     1;     0;  -112;  -112;   2.0; drag-lps8-03; 5; 7; 125000; 1502
2023-07-20 07:50:44; hka-aqm-am210;  28.56;  39.76;   584;   653;   226;    60;     1;     0;  -114;  -114;   1.8; drag-lps8-03; 7; 7; 125000; 1503
2023-07-20 07:51:25; hka-aqm-am210;  28.58;  39.76;   582;   662;   288;    77;     2;     0;   -78;   -78;   9.5; drag-lps8-05; 1; 7; 125000; 1504
2023-07-20 07:56:05; hka-aqm-am210;  28.56;  39.69;   581;   650;   291;    80;     2;     0;  -114;  -114;  -1.5; drag-lps8-03; 2; 7; 125000; 1505
2023-07-20 07:56:45; hka-aqm-am210;  28.56;  39.69;   579;   646;   372;   106;     1;     0;   -79;   -79;   8.5; drag-lps8-05; 4; 7; 125000; 1506
2023-07-20 07:58:24; hka-aqm-am210;  28.55;  39.76;   579;   595;   279;    77;     2;     0;  -119;  -119;  -5.0; drag-lps8-03; 3; 7; 125000; 1507
2023-07-20 07:58:45; hka-aqm-am210;  28.52;  39.76;   579;   597;   349;    97;     2;     0;   -79;   -79;   7.2; drag-lps8-05; 5; 7; 125000; 1508
2023-07-20 07:59:24; hka-aqm-am210;  28.50;  39.72;   579;   664;   252;    68;     2;     0;  -118;  -118;  -4.0; drag-lps8-03; 6; 7; 125000; 1510
2023-07-20 07:59:46; hka-aqm-am210;  28.52;  39.76;   579;   655;   168;    42;     2;     0;   -79;   -79;   6.8; drag-lps8-05; 5; 7; 125000; 1512
2023-07-20 08:02:24; hka-aqm-am210;  28.57;  39.76;   582;   649;   220;    58;     4;     0;  -116;  -116;  -1.2; drag-lps8-03; 4; 7; 125000; 1513
2023-07-20 08:03:04; hka-aqm-am210;  28.58;  39.72;   578;   647;   158;    42;     2;     0;  -115;  -115;  -1.0; drag-lps8-03; 1; 7; 125000; 1515
2023-07-20 08:08:45; hka-aqm-am210;  28.61;  39.62;   578;   647;   259;    71;     4;     0;  -115;  -115;  -1.2; drag-lps8-03; 6; 7; 125000; 1516
2023-07-20 08:11:05; hka-aqm-am210;  28.56;  39.66;   575;   636;   179;    46;     2;     0;   -79;   -79;  10.2; drag-lps8-05; 7; 7; 125000; 1517
2023-07-20 08:13:43; hka-aqm-am210;  28.60;  39.69;   575;   655;   269;    74;     2;     0;  -114;  -114;   2.2; drag-lps8-03; 0; 7; 125000; 1518
2023-07-20 08:14:25; hka-aqm-am210;  28.55;  39.69;   573;   627;   260;    73;     2;     0;   -78;   -78;   9.8; drag-lps8-05; 1; 7; 125000; 1519
2023-07-20 08:15:04; hka-aqm-am210;  28.56;  39.66;   573;   611;   175;    46;     3;     0;   -79;   -79;   7.2; drag-lps8-05; 5; 7; 125000; 1520
2023-07-20 08:20:06; hka-aqm-am210;  28.58;  39.69;   568;   635;   265;    73;     3;     0;  -116;  -116;  -2.8; drag-lps8-03; 3; 7; 125000; 1521
2023-07-20 08:20:26; hka-aqm-am210;  28.56;  39.69;   567;   632;   202;    54;     1;     0;   -79;   -79;   9.5; drag-lps8-05; 4; 7; 125000; 1522
2023-07-20 08:23:04; hka-aqm-am210;  28.59;  39.69;   568;   634;   263;    73;     2;     0;   -77;   -77;   8.5; drag-lps8-05; 0; 7; 125000; 1523
2023-07-20 08:24:05; hka-aqm-am210;  28.60;  39.69;   567;   645;   286;    79;     3;     0;  -113;  -113;   1.5; drag-lps8-03; 6; 7; 125000; 1524
2023-07-20 08:26:23; hka-aqm-am210;  28.60;  39.69;   572;   626;   393;   113;     3;     0;   -77;   -77;   7.0; drag-lps8-05; 2; 7; 125000; 1525
2023-07-20 08:27:25; hka-aqm-am210;  28.62;  39.66;   568;   630;   313;    88;     2;     0;  -114;  -114;   0.8; drag-lps8-03; 7; 7; 125000; 1526
2023-07-20 08:27:45; hka-aqm-am210;  28.55;  39.62;   567;   631;   422;   121;     2;     0;   -79;   -79;   9.8; drag-lps8-05; 0; 7; 125000; 1527
2023-07-20 08:28:04; hka-aqm-am210;  28.57;  39.66;   566;   651;   261;    72;     0;     0;   -77;   -77;   7.8; drag-lps8-05; 6; 7; 125000; 1528
2023-07-20 08:28:44; hka-aqm-am210;  28.57;  39.66;   564;   570;   376;   108;     1;     0;  -114;  -114;   0.5; drag-lps8-03; 4; 7; 125000; 1529
2023-07-20 08:29:24; hka-aqm-am210;  28.57;  39.66;   563;   539;   348;    99;     1;     0;  -114;  -114;  -0.2; drag-lps8-03; 5; 7; 125000; 1530
2023-07-20 08:30:44; hka-aqm-am210;  28.57;  39.69;   564;   620;   262;    73;     1;     0;   -81;   -81;  10.0; drag-lps8-05; 3; 7; 125000; 1531
2023-07-20 08:31:05; hka-aqm-am210;  28.54;  39.69;   564;   657;   401;   115;     1;     0;   -78;   -78;   8.8; drag-lps8-05; 1; 7; 125000; 1532
2023-07-20 08:31:25; hka-aqm-am210;  28.60;  39.66;   564;   673;   284;    80;     1;     0;  -113;  -113;  -0.2; drag-lps8-03; 2; 7; 125000; 1533
2023-07-20 08:33:06; hka-aqm-am210;  28.57;  39.69;   568;   655;   414;   119;     3;     0;  -114;  -114; nan; drag-lps8-03; 7; 7; 125000; 1534
2023-07-20 08:34:05; hka-aqm-am210;  28.58;  39.69;   568;   650;   246;    68;     1;     0;  -118;  -118;  -1.5; drag-lps8-03; 7; 7; 125000; 1536
2023-07-20 08:35:26; hka-aqm-am210;  28.63;  39.69;   567;   634;   367;   104;     1;     0;   -77;   -77;   8.8; drag-lps8-05; 6; 7; 125000; 1538
2023-07-20 08:37:04; hka-aqm-am210;  28.58;  39.69;   563;   627;   219;    59;     2;     0;   -79;   -79;  10.2; drag-lps8-05; 4; 7; 125000; 1539
2023-07-20 08:38:25; hka-aqm-am210;  28.57;  39.69;   568;   628;   333;    92;     2;     0;  -115;  -115;  -1.0; drag-lps8-03; 5; 7; 125000; 1540
2023-07-20 08:38:45; hka-aqm-am210;  28.56;  39.72;   565;   624;   417;   120;     0;     0;  -114;  -114;  -0.5; drag-lps8-03; 1; 7; 125000; 1541
2023-07-20 08:39:04; hka-aqm-am210;  28.58;  39.69;   563;   628;   268;    74;     0;     0;  -117;  -117;  -3.2; drag-lps8-03; 3; 7; 125000; 1542
2023-07-20 08:40:44; hka-aqm-am210;  28.60;  39.69;   563;   635;   306;    88;     4;     0;  -113;  -113;   0.5; drag-lps8-03; 2; 7; 125000; 1543
2023-07-20 08:41:05; hka-aqm-am210;  28.59;  39.69;   562;   633;   227;    63;     1;     0;   -79;   -79;   9.2; drag-lps8-05; 3; 7; 125000; 1544
2023-07-20 08:42:23; hka-aqm-am210;  28.54;  39.69;   565;   640;   390;   113;     3;     0;   -78;   -78;   9.0; drag-lps8-05; 0; 7; 125000; 1545
2023-07-20 08:42:43; hka-aqm-am210;  28.57;  39.69;   563;   644;   231;    65;     3;     0;  -114;  -114;  -0.8; drag-lps8-03; 1; 7; 125000; 1546
2023-07-20 08:55:25; hka-aqm-am210;  28.58;  39.66;   554;   603;   357;   103;     3;     0;   -78;   -78;  10.0; drag-lps8-05; 6; 7; 125000; 1547
2023-07-20 08:55:45; hka-aqm-am210;  28.57;  39.66;   553;   605;   207;    57;     2;     0;   -78;   -78;   9.2; drag-lps8-05; 4; 7; 125000; 1548
2023-07-20 09:09:43; hka-aqm-am210;  28.61;  39.56;   552;   620;   334;    90;     3;     0;   -78;   -78;   9.2; drag-lps8-05; 7; 7; 125000; 1549
2023-07-20 09:10:04; hka-aqm-am210;  28.62;  39.56;   550;   620;   399;   113;     2;     0;   -78;   -78;   8.0; drag-lps8-05; 5; 7; 125000; 1550
2023-07-20 09:10:45; hka-aqm-am210;  28.61;  39.53;   547;   611;   310;    82;     1;     0;   -77;   -77;   9.2; drag-lps8-05; 1; 7; 125000; 1551
2023-07-20 09:11:05; hka-aqm-am210;  28.63;  39.56;   546;   614;   398;   114;     2;     0;   -79;   -79;   9.0; drag-lps8-05; 7; 7; 125000; 1552
2023-07-20 09:13:25; hka-aqm-am210;  28.63;  39.53;   546;   606;   337;    93;     2;     0;  -121;  -121;  -7.2; drag-lps8-03; 3; 7; 125000; 1553
2023-07-20 09:15:06; hka-aqm-am210;  28.62;  39.49;   546;   578;   280;    76;     3;     0;   -77;   -77;   8.8; drag-lps8-05; 4; 7; 125000; 1554
2023-07-20 09:15:44; hka-aqm-am210;  28.62;  39.49;   545;   571;   356;   101;     2;     0;   -78;   -78;   7.5; drag-lps8-05; 5; 7; 125000; 1555
2023-07-20 09:16:04; hka-aqm-am210;  28.65;  39.49;   544;   569;   281;    76;     1;     0;   -79;   -79;   8.8; drag-lps8-05; 0; 7; 125000; 1556
2023-07-20 09:16:43; hka-aqm-am210;  28.66;  39.49;   547;   615;   410;   117;     3;     0;  -119;  -119;  -6.0; drag-lps8-03; 6; 7; 125000; 1557
2023-07-20 09:17:05; hka-aqm-am210;  28.65;  39.46;   545;   599;   291;    78;     1;     0;   -79;   -79;   7.8; drag-lps8-05; 5; 7; 125000; 1559
2023-07-20 09:17:24; hka-aqm-am210;  28.66;  39.46;   544;   629;   407;   116;     1;     0;   -79;   -79;   7.5; drag-lps8-05; 2; 7; 125000; 1560
2023-07-20 09:17:45; hka-aqm-am210;  28.62;  39.46;   543;   621;   243;    65;     1;     0;   -79;   -79;   8.8; drag-lps8-05; 4; 7; 125000; 1561
2023-07-20 09:18:04; hka-aqm-am210;  28.67;  39.46;   543;   621;   352;    98;     0;     0;   -81;   -81;  10.2; drag-lps8-05; 3; 7; 125000; 1563
2023-07-20 09:19:23; hka-aqm-am210;  28.70;  39.43;   549;   621;   269;    72;     0;     0;   -79;   -79;  10.2; drag-lps8-05; 0; 7; 125000; 1564
2023-07-20 09:19:43; hka-aqm-am210;  28.71;  39.46;   547;   623;   356;   100;     0;     0;  -115;  -115;  -1.8; drag-lps8-03; 7; 7; 125000; 1565
2023-07-20 09:20:26; hka-aqm-am210;  28.67;  39.43;   544;   616;   304;    83;     2;     0;  -118;  -118;  -3.5; drag-lps8-03; 1; 7; 125000; 1566
2023-07-20 09:21:03; hka-aqm-am210;  28.70;  39.43;   547;   609;   250;    67;     4;     0;   -78;   -78;   7.8; drag-lps8-05; 5; 7; 125000; 1567
2023-07-20 09:23:06; hka-aqm-am210;  28.69;  39.43;   540;   607;   227;    59;     4;     0;   -78;   -78;   9.2; drag-lps8-05; 1; 7; 125000; 1568
2023-07-20 09:30:25; hka-aqm-am210;  28.70;  39.36;   540;   638;   340;    95;     3;     0;  -116;  -116;  -3.2; drag-lps8-03; 4; 7; 125000; 1569
2023-07-20 09:31:04; hka-aqm-am210;  28.70;  39.33;   539;   570;   355;    98;     2;     0;  -122;  -122;  -7.5; drag-lps8-03; 6; 7; 125000; 1570
2023-07-20 09:31:43; hka-aqm-am210;  28.69;  39.36;   542;   532;   240;    63;     2;     0;   -77;   -77;   6.8; drag-lps8-05; 2; 7; 125000; 1571
2023-07-20 09:34:45; hka-aqm-am210;  28.71;  39.33;   539;   617;   375;   105;     2;     0;   -76;   -76;   9.0; drag-lps8-05; 0; 7; 125000; 1572
2023-07-20 09:35:04; hka-aqm-am210;  28.68;  39.30;   538;   604;   305;    82;     2;     0;   -79;   -79;   8.5; drag-lps8-05; 3; 7; 125000; 1573
2023-07-20 09:50:10; hka-aqm-am210;  28.69;  39.20;   534;   532;   286;    74;     3;     0;   -78;   -78;   9.0; drag-lps8-05; 7; 7; 125000; 1574
2023-07-20 10:05:16; hka-aqm-am210;  28.81;  39.10;   528;   567;   315;    85;     2;     1;   -79;   -79;   9.5; drag-lps8-05; 4; 7; 125000; 1575
2023-07-20 10:07:05; hka-aqm-am210;  28.76;  39.03;   525;   563;   265;    70;     4;     1;  -114;  -114;  -0.8; drag-lps8-03; 6; 7; 125000; 1576
2023-07-20 10:22:12; hka-aqm-am210;  28.78;  38.93;   526;   582;   348;    97;     3;     2;   -79;   -79;   9.2; drag-lps8-05; 3; 7; 125000; 1577
2023-07-20 10:23:44; hka-aqm-am210;  28.79;  38.93;   520;   582;   193;    46;     5;     2;   -81;   -81;  10.5; drag-lps8-05; 7; 7; 125000; 1578
2023-07-20 10:25:44; hka-aqm-am210;  28.81;  38.90;   517;   577;   359;   100;     3;     0;  -113;  -113;   0.8; drag-lps8-03; 2; 7; 125000; 1579
2023-07-20 10:27:43; hka-aqm-am210;  28.84;  38.90;   522;   573;   314;    83;     2;     0;   -78;   -78;  10.0; drag-lps8-05; 1; 7; 125000; 1580
2023-07-20 10:28:04; hka-aqm-am210;  28.84;  38.90;   520;   576;   198;    48;     0;     0;   -79;   -79;   9.8; drag-lps8-05; 0; 7; 125000; 1581
2023-07-20 10:28:44; hka-aqm-am210;  28.79;  38.90;   515;   573;   293;    76;     2;     0;   -79;   -79;   6.8; drag-lps8-05; 5; 7; 125000; 1582
2023-07-20 10:29:04; hka-aqm-am210;  28.80;  38.87;   514;   573;   235;    59;     2;     0;   -81;   -81;  10.2; drag-lps8-05; 4; 7; 125000; 1584
2023-07-20 10:30:04; hka-aqm-am210;  28.80;  38.87;   514;   570;   302;    81;     2;     0;   -79;   -79;   7.8; drag-lps8-05; 5; 7; 125000; 1585
2023-07-20 10:30:24; hka-aqm-am210;  28.82;  38.83;   513;   571;   384;   108;     1;     0;  -111;  -111; nan; drag-lps8-03; 6; 7; 125000; 1586
2023-07-20 10:31:45; hka-aqm-am210;  28.84;  38.83;   514;   569;   214;    53;     3;     0;  -117;  -117;   0.8; drag-lps8-03; 0; 7; 125000; 1587
2023-07-20 10:35:04; hka-aqm-am210;  28.84;  38.83;   515;   556;   277;    71;     3;     0;   -79;   -79;   9.5; drag-lps8-05; 1; 7; 125000; 1588
2023-07-20 10:35:24; hka-aqm-am210;  28.83;  38.87;   514;   550;   372;   104;     1;     0;   -77;   -77;   7.0; drag-lps8-05; 2; 7; 125000; 1589
2023-07-20 10:38:05; hka-aqm-am210;  28.81;  38.87;   517;   544;   327;    91;     3;     1;   -79;   -79;   8.2; drag-lps8-05; 3; 7; 125000; 1590
2023-07-20 10:38:24; hka-aqm-am210;  28.82;  38.83;   515;   579;   234;    59;     2;     0;  -115;  -115;  -0.8; drag-lps8-03; 4; 7; 125000; 1591
2023-07-20 10:43:24; hka-aqm-am210;  28.79;  38.80;   516;   579;   282;    74;     4;     1;   -83;   -83;   7.2; drag-lps8-05; 5; 7; 125000; 1592
2023-07-20 10:43:44; hka-aqm-am210;  28.78;  38.80;   514;   575;   406;   115;     1;     1;   -81;   -81;   7.2; drag-lps8-05; 2; 7; 125000; 1593
2023-07-20 10:46:25; hka-aqm-am210;  28.79;  38.77;   510;   559;   274;    74;     3;     1;  -114;  -114;  -0.5; drag-lps8-03; 0; 7; 125000; 1594
2023-07-20 10:47:24; hka-aqm-am210;  28.82;  38.80;   510;   564;   368;   105;     3;     1;   -71;   -71;   8.2; drag-lps8-05; 6; 7; 125000; 1595
2023-07-20 10:48:24; hka-aqm-am210;  28.79;  38.77;   509;   576;   188;    46;     2;     1;   -72;   -72;   9.0; drag-lps8-05; 7; 7; 125000; 1596
2023-07-20 10:53:03; hka-aqm-am210;  28.83;  38.74;   512;   577;   364;   103;     2;     2;  -120;  -120;  -5.0; drag-lps8-03; 3; 7; 125000; 1597
2023-07-20 11:08:09; hka-aqm-am210;  28.91;  38.64;   505;   571;   375;   106;     3;     1;  -113;  -113;   0.5; drag-lps8-03; 1; 7; 125000; 1598
2023-07-20 11:23:15; hka-aqm-am210;  28.88;  38.57;   501;   556;   342;    93;     3;     0;  -113;  -113;   1.5; drag-lps8-03; 7; 7; 125000; 1599
2023-07-20 11:29:24; hka-aqm-am210;  28.90;  38.54;   495;   547;   432;   118;     3;     2;   -83;   -83;   8.8; drag-lps8-05; 1; 7; 125000; 1600
2023-07-20 11:29:44; hka-aqm-am210;  28.87;  38.51;   495;   546;   361;   101;     3;     1;   -87;   -87;   8.8; drag-lps8-05; 0; 7; 125000; 1601
2023-07-20 11:44:51; hka-aqm-am210;  28.86;  38.44;   499;   555;   364;   102;     3;     3;  -114;  -114;   1.5; drag-lps8-03; 4; 7; 125000; 1602
2023-07-20 11:59:57; hka-aqm-am210;  28.91;  38.41;   490;   535;   384;   110;     1;     1;  -114;  -114;  -0.5; drag-lps8-03; 6; 7; 125000; 1603
2023-07-20 12:08:24; hka-aqm-am210;  28.98;  38.34;   489;   588;   368;   105;     4;     3;  -116;  -116;  -2.0; drag-lps8-03; 5; 7; 125000; 1605
2023-07-20 12:09:23; hka-aqm-am210;  28.94;  38.34;   491;   598;   288;    78;     3;     0;  -115;  -115;   0.5; drag-lps8-03; 0; 7; 125000; 1607
2023-07-20 12:09:43; hka-aqm-am210;  28.93;  38.31;   490;   599;   375;   108;     3;     0;  -119;  -119;  -4.8; drag-lps8-03; 3; 7; 125000; 1608
2023-07-20 12:11:04; hka-aqm-am210;  28.97;  38.37;   489;   597;   216;    54;     5;     1;  -112;  -112;  -0.2; drag-lps8-03; 6; 7; 125000; 1609
2023-07-20 12:11:43; hka-aqm-am210;  28.95;  38.37;   493;   593;   354;    98;     2;     1;  -110;  -110;   0.2; drag-lps8-03; 5; 7; 125000; 1610
2023-07-20 12:12:23; hka-aqm-am210;  28.98;  38.37;   490;   599;   392;   112;     2;     1;   -83;   -83;   8.5; drag-lps8-05; 4; 7; 125000; 1611
2023-07-20 12:27:29; hka-aqm-am210;  28.98;  38.31;   489;   519;   375;   107;     3;     1;   -83;   -83;   9.0; drag-lps8-05; 1; 7; 125000; 1612
2023-07-20 12:42:35; hka-aqm-am210;  29.02;  38.24;   492;   616;   374;   109;     2;     1;  -118;  -118;  -4.2; drag-lps8-03; 2; 7; 125000; 1613
2023-07-20 12:48:44; hka-aqm-am210;  29.00;  38.18;   490;   619;   218;    56;     4;     2;  -113;  -113;   0.5; drag-lps8-03; 7; 7; 125000; 1614
2023-07-20 12:56:04; hka-aqm-am210;  29.02;  38.21;   488;   641;   322;    91;     3;     2;  -114;  -114;  -1.0; drag-lps8-03; 5; 7; 125000; 1615
2023-07-20 12:56:24; hka-aqm-am210;  29.01;  38.18;   487;   622;   270;    72;     2;     1;  -116;  -116;  -2.5; drag-lps8-03; 3; 7; 125000; 1616
2023-07-20 12:57:24; hka-aqm-am210;  29.03;  38.14;   490;   565;   423;   125;     2;     1;  -112;  -112;  -0.5; drag-lps8-03; 2; 7; 125000; 1617
2023-07-20 12:58:23; hka-aqm-am210;  28.99;  38.11;   491;   571;   278;    74;     1;     0;   -78;   -78;   8.5; drag-lps8-05; 0; 7; 125000; 1618
2023-07-20 12:59:04; hka-aqm-am210;  28.97;  38.11;   488;   615;   432;   127;     3;     0;   -79;   -79;   9.8; drag-lps8-05; 1; 7; 125000; 1619
2023-07-20 13:05:44; hka-aqm-am210;  29.10;  38.11;   491;   622;   271;    73;     5;     3;   -79;   -79;   9.0; drag-lps8-05; 4; 7; 125000; 1620
2023-07-20 13:06:44; hka-aqm-am210;  29.04;  38.08;   487;   615;   332;    94;     2;     2;  -118;  -118;  -4.5; drag-lps8-03; 6; 7; 125000; 1621
2023-07-20 13:07:05; hka-aqm-am210;  29.04;  38.11;   486;   607;   245;    64;     3;     2;   -81;   -81;   9.2; drag-lps8-05; 7; 7; 125000; 1622
2023-07-20 13:10:25; hka-aqm-am210;  29.00;  38.11;   486;   620;   353;   101;     4;     2;  -113;  -113;   1.5; drag-lps8-03; 0; 7; 125000; 1623
2023-07-20 13:16:04; hka-aqm-am210;  29.08;  38.08;   485;   589;   294;    81;     3;     2;   -76;   -76;   9.2; drag-lps8-05; 7; 7; 125000; 1624
2023-07-20 13:16:24; hka-aqm-am210;  29.09;  38.08;   484;   547;   231;    59;     3;     1;  -117;  -117;  -5.0; drag-lps8-03; 3; 7; 125000; 1625
2023-07-20 13:17:05; hka-aqm-am210;  29.06;  38.08;   483;   563;   314;    89;     3;     1;   -77;   -77;   9.2; drag-lps8-05; 1; 7; 125000; 1626
2023-07-20 13:17:25; hka-aqm-am210;  29.07;  38.11;   483;   570;   380;   112;     1;     1;  -114;  -114;  -1.8; drag-lps8-03; 4; 7; 125000; 1628
2023-07-20 13:19:04; hka-aqm-am210;  29.08;  38.08;   484;   647;   297;    82;     3;     2;  -113;  -113;  -0.8; drag-lps8-03; 6; 7; 125000; 1630
2023-07-20 13:20:04; hka-aqm-am210;  29.08;  38.08;   487;   662;   376;   111;     2;     2;   -78;   -78;   9.5; drag-lps8-05; 0; 7; 125000; 1631
2023-07-20 13:27:25; hka-aqm-am210;  29.10;  38.01;   491;   609;   322;    93;     4;     2;  -113;  -113; nan; drag-lps8-03; 2; 7; 125000; 1632
2023-07-20 13:27:45; hka-aqm-am210;  29.07;  38.04;   489;   607;   252;    68;     3;     2;  -122;  -122;  -7.2; drag-lps8-03; 3; 7; 125000; 1633
2023-07-20 13:28:43; hka-aqm-am210;  29.08;  38.04;   488;   604;   335;    96;     3;     2;   -79;   -79;  10.5; drag-lps8-05; 4; 7; 125000; 1634
2023-07-20 13:29:03; hka-aqm-am210;  29.08;  38.04;   486;   612;   391;   117;     2;     1;   -77;   -77;  10.0; drag-lps8-05; 1; 7; 125000; 1635
2023-07-20 13:42:05; hka-aqm-am210;  29.08;  37.91;   483;   574;   441;   125;     5;     2;   -76;   -76;   7.5; drag-lps8-05; 5; 7; 125000; 1636
2023-07-20 13:43:03; hka-aqm-am210;  29.11;  37.94;   491;   582;   368;   108;     3;     1;  -120;  -120;  -6.0; drag-lps8-03; 6; 7; 125000; 1637
2023-07-20 13:46:24; hka-aqm-am210;  29.09;  37.94;   487;   641;   193;    48;     3;     2;  -120;  -120;  -5.2; drag-lps8-03; 7; 7; 125000; 1638
2023-07-20 13:48:04; hka-aqm-am210;  29.09;  37.91;   484;   649;   298;    85;     3;     2;   -78;   -78;   7.2; drag-lps8-05; 5; 7; 125000; 1639
2023-07-20 13:54:43; hka-aqm-am210;  29.13;  37.88;   493;   625;   294;    84;     3;     2;  -120;  -120;  -5.5; drag-lps8-03; 7; 7; 125000; 1640
2023-07-20 13:55:03; hka-aqm-am210;  29.11;  37.84;   490;   622;   178;    44;     2;     2;   -78;   -78;   8.8; drag-lps8-05; 3; 7; 125000; 1641
2023-07-20 13:57:43; hka-aqm-am210;  29.08;  37.84;   488;   625;   254;    69;     3;     2;  -120;  -120;  -5.5; drag-lps8-03; 0; 7; 125000; 1642
2023-07-20 13:58:05; hka-aqm-am210;  29.06;  37.88;   487;   624;   348;   104;     2;     2;  -120;  -120;  -5.2; drag-lps8-03; 4; 7; 125000; 1643
2023-07-20 14:01:24; hka-aqm-am210;  29.10;  37.88;   486;   630;   204;    51;     3;     2;   -75;   -75;   8.0; drag-lps8-05; 2; 7; 125000; 1644
2023-07-20 14:01:45; hka-aqm-am210;  29.11;  37.84;   485;   624;   335;    98;     3;     2;  -122;  -122;  -7.0; drag-lps8-03; 6; 7; 125000; 1645
2023-07-20 14:16:51; hka-aqm-am210;  29.17;  37.84;   490;   668;   318;    93;     3;     3;   -78;   -78;   9.0; drag-lps8-05; 1; 7; 125000; 1646
2023-07-20 14:31:57; hka-aqm-am210;  29.15;  37.81;   495;   634;   360;   107;     4;     1;  -118;  -118;  -4.8; drag-lps8-03; 5; 7; 125000; 1647
2023-07-20 14:39:04; hka-aqm-am210;  29.11;  37.75;   500;   643;   188;    46;     3;     3;   -77;   -77;   8.2; drag-lps8-05; 6; 7; 125000; 1648
2023-07-20 14:41:05; hka-aqm-am210;  29.12;  37.71;   496;   561;   309;    89;     4;     1;  -113;  -113;  -0.2; drag-lps8-03; 2; 7; 125000; 1649
2023-07-20 14:56:18; hka-aqm-am210;  29.16;  37.68;   502;   645;   350;   102;     2;     1;   -81;   -81;   9.0; drag-lps8-05; 0; 7; 125000; 1651
2023-07-20 15:11:25; hka-aqm-am210;  29.12;  37.65;   507;   681;   251;    73;     4;     1;  -118;  -118;  -1.2; drag-lps8-03; 4; 7; 125000; 1652
2023-07-20 15:26:38; hka-aqm-am210;  29.16;  37.55;   504;   641;   298;    88;     4;     0;   -79;   -79;   9.0; drag-lps8-05; 7; 7; 125000; 1654
2023-07-20 15:41:45; hka-aqm-am210;  29.14;  37.51;   510;   668;   278;    82;     4;     1;   -75;   -75;   7.5; drag-lps8-05; 2; 7; 125000; 1655
2023-07-20 15:50:03; hka-aqm-am210;  29.18;  37.55;   517;   641;   220;    62;     4;     1;   -81;   -81;  10.0; drag-lps8-05; 3; 7; 125000; 1656
2023-07-20 16:05:09; hka-aqm-am210;  29.16;  37.51;   530;   700;   265;    78;     6;     1;   -78;   -78;   8.8; drag-lps8-05; 1; 7; 125000; 1657
2023-07-20 16:20:15; hka-aqm-am210;  29.14;  37.45;   537;   753;   271;    81;     2;     1;  -111;  -111;   2.5; drag-lps8-03; 5; 7; 125000; 1658
2023-07-20 16:35:21; hka-aqm-am210;  29.18;  37.48;   548;   725;   280;    83;     2;     2;  -119;  -119;  -1.0; drag-lps8-03; 0; 7; 125000; 1659
2023-07-20 16:43:04; hka-aqm-am210;  29.16;  37.45;   555;   718;   270;    80;     6;     2;   -85;   -85;   9.8; drag-lps8-05; 7; 7; 125000; 1660
2023-07-20 16:58:10; hka-aqm-am210;  29.14;  37.38;   561;   749;   244;    71;     3;     0;   -77;   -77;   8.8; drag-lps8-05; 4; 7; 125000; 1661
2023-07-20 17:13:16; hka-aqm-am210;  29.12;  37.38;   567;   755;   247;    73;     0;     0;  -113;  -113;   0.5; drag-lps8-03; 6; 7; 125000; 1662
2023-07-20 17:28:25; hka-aqm-am210;  29.14;  37.38;   573;   772;   264;    78;     4;     0;  -114;  -114;   1.5; drag-lps8-03; 0; 7; 125000; 1663
2023-07-20 17:43:31; hka-aqm-am210;  29.17;  37.35;   579;   851;   226;    65;     2;     0;  -114;  -114;   1.5; drag-lps8-03; 4; 7; 125000; 1664
2023-07-20 17:58:37; hka-aqm-am210;  29.15;  37.32;   591;   801;   268;    78;     0;     0;   -79;   -79;   9.8; drag-lps8-05; 1; 7; 125000; 1665
2023-07-20 18:13:44; hka-aqm-am210;  29.12;  37.38;   592;   814;   203;    55;     4;     0;   -79;   -79;   8.5; drag-lps8-05; 6; 7; 125000; 1666
2023-07-20 18:28:50; hka-aqm-am210;  29.16;  37.25;   596;   806;   194;    53;     4;     0;   -81;   -81;   7.8; drag-lps8-05; 5; 7; 125000; 1667
2023-07-20 18:43:56; hka-aqm-am210;  29.17;  37.25;   594;   810;   187;    51;     1;     0;   -81;   -81;   9.0; drag-lps8-05; 7; 7; 125000; 1668
2023-07-20 18:59:04; hka-aqm-am210;  29.17;  37.25;   597;   819;   176;    49;     4;     0;  -112;  -112;   1.5; drag-lps8-03; 2; 7; 125000; 1669
2023-07-20 19:14:10; hka-aqm-am210;  29.14;  37.25;   594;   858;   142;    38;     4;     0;  -115;  -115;  -0.8; drag-lps8-03; 3; 7; 125000; 1670
2023-07-20 19:29:16; hka-aqm-am210;  29.18;  37.22;   599;   806;   121;    34;     0;     0;   -79;   -79;   8.8; drag-lps8-05; 0; 7; 125000; 1671
2023-07-20 19:44:25; hka-aqm-am210;  29.13;  37.25;   601;   830;    96;    26;     4;     0;   -84;   -84;   9.5; drag-lps8-05; 3; 7; 125000; 1672
2023-07-20 19:59:31; hka-aqm-am210;  29.10;  37.22;   601;   805;    65;    18;     3;     0;   -78;   -78;   7.5; drag-lps8-05; 2; 7; 125000; 1673
2023-07-20 20:14:45; hka-aqm-am210;  29.06;  37.22;   600;   790;    39;    10;     4;     0;   -81;   -81;   7.8; drag-lps8-05; 5; 7; 125000; 1675
2023-07-20 20:29:51; hka-aqm-am210;  29.07;  37.25;   602;   795;    34;     9;     0;     0;   -80;   -80;   9.2; drag-lps8-05; 6; 7; 125000; 1676
2023-07-20 20:45:04; hka-aqm-am210;  29.01;  37.25;   591;   818;    19;     4;     4;     0;   -79;   -79;  11.0; drag-lps8-05; 1; 7; 125000; 1678
2023-07-20 21:00:10; hka-aqm-am210;  29.03;  37.25;   590;   781;    13;     4;     4;     0;  -113;  -113;   1.8; drag-lps8-03; 5; 7; 125000; 1679
2023-07-20 21:15:16; hka-aqm-am210;  28.99;  37.32;   587;   774;     6;     1;     1;     0;  -116;  -116;  -1.5; drag-lps8-03; 3; 7; 125000; 1680
2023-07-20 21:30:24; hka-aqm-am210;  28.95;  37.32;   586;   765;     5;     0;     4;     0;   -81;   -81;  10.0; drag-lps8-05; 7; 7; 125000; 1681
2023-07-20 21:45:30; hka-aqm-am210;  28.94;  37.32;   584;   710;     6;     2;     1;     0;  -113;  -113;   0.5; drag-lps8-03; 2; 7; 125000; 1682
2023-07-20 22:00:37; hka-aqm-am210;  28.91;  37.35;   579;   749;     6;     2;     2;     0;   -82;   -82;   9.2; drag-lps8-05; 4; 7; 125000; 1683
2023-07-20 22:15:44; hka-aqm-am210;  28.86;  37.38;   570;   735;     4;     0;     4;     0;  -112;  -112; nan; drag-lps8-03; 6; 7; 125000; 1684
2023-07-20 22:30:50; hka-aqm-am210;  28.82;  37.38;   567;   644;     6;     2;     1;     0;  -113;  -113;   2.2; drag-lps8-03; 0; 7; 125000; 1685
2023-07-20 22:45:56; hka-aqm-am210;  28.79;  37.35;   562;   670;     6;     2;     2;     0;   -79;   -79;  10.0; drag-lps8-05; 1; 7; 125000; 1686
2023-07-20 23:01:05; hka-aqm-am210;  28.80;  37.35;   561;   686;     6;     2;     4;     0;  -112;  -112;  -0.2; drag-lps8-03; 6; 7; 125000; 1687
2023-07-20 23:16:11; hka-aqm-am210;  28.77;  37.38;   561;   747;     4;     0;     3;     0;   -78;   -78;   7.2; drag-lps8-05; 5; 7; 125000; 1688
2023-07-20 23:31:17; hka-aqm-am210;  28.77;  37.38;   562;   697;     4;     0;     3;     0;  -116;  -116;  -2.5; drag-lps8-03; 3; 7; 125000; 1689
2023-07-20 23:46:24; hka-aqm-am210;  28.76;  37.38;   559;   692;     4;     0;     4;     0;   -81;   -81;   9.5; drag-lps8-05; 4; 7; 125000; 1690
