# Logfile LoRaWAN TTN/TTS V3 logger version hka-log V 1.1
date_time;device_id;tmp;hum;CO2;VOC;vis;IR;WIFI;BLE;rssi;channel_rssi;snr;gateway;channel_index;spreading_factor;bandwidth;f_cnt
2023-06-21 00:07:28; hka-aqm-am123;  32.26;  33.29;   489;   574;     5;     0;     1;     0;  -111;  -111;   2.5; drag-lps8-03; 3; 8; 125000; 19431
2023-06-21 00:22:34; hka-aqm-am123;  32.20;  33.39;   494;   571;     5;     0;     1;     0;  -111;  -111;   3.8; drag-lps8-03; 5; 8; 125000; 19432
2023-06-21 00:37:41; hka-aqm-am123;  32.15;  33.59;   489;   583;     5;     1;     1;     0;  -108;  -108;   4.2; drag-lps8-03; 6; 8; 125000; 19433
2023-06-21 00:52:49; hka-aqm-am123;  32.02;  33.99;   487;   573;     5;     0;     1;     0;  -122;  -122;  -3.5; drag-lps8-05; 7; 8; 125000; 19434
2023-06-21 01:07:56; hka-aqm-am123;  31.98;  34.19;   480;   552;     5;     0;     1;     0;  -111;  -111;   3.5; drag-lps8-03; 2; 8; 125000; 19435
2023-06-21 01:23:02; hka-aqm-am123;  31.94;  34.29;   481;   554;     5;     1;     0;     0;  -113;  -113;   3.8; drag-lps8-03; 5; 8; 125000; 19436
2023-06-21 01:38:09; hka-aqm-am123;  31.89;  34.46;   480;   591;     6;     1;     1;     0;  -111;  -111;   2.8; drag-lps8-03; 2; 8; 125000; 19437
2023-06-21 01:53:16; hka-aqm-am123;  31.86;  34.66;   477;   564;     7;     2;     1;     0;  -123;  -123;  -7.8; drag-lps8-05; 3; 8; 125000; 19438
2023-06-21 02:08:22; hka-aqm-am123;  31.86;  34.69;   485;   561;     7;     2;     1;     0;  -115;  -115;  -0.2; drag-lps8-03; 7; 8; 125000; 19439
2023-06-21 02:23:29; hka-aqm-am123;  31.86;  34.66;   465;   576;     5;     0;     1;     0;  -117;  -117;   1.2; drag-lps8-03; 0; 8; 125000; 19440
2023-06-21 02:38:35; hka-aqm-am123;  31.78;  34.59;   468;   620;     5;     0;     1;     0;  -112;  -112;   0.8; drag-lps8-03; 1; 8; 125000; 19441
2023-06-21 02:53:42; hka-aqm-am123;  31.81;  34.52;   475;   637;     5;     0;     0;     0;  -121;  -121;  -4.2; drag-lps8-05; 4; 8; 125000; 19442
2023-06-21 03:08:49; hka-aqm-am123;  31.79;  34.46;   471;   632;     7;     2;     1;     0;  -122;  -122;  -5.8; drag-lps8-05; 6; 8; 125000; 19443
2023-06-21 03:23:56; hka-aqm-am123;  31.78;  34.49;   477;   662;     5;     1;     1;     0;  -112;  -112;  -0.2; drag-lps8-03; 1; 8; 125000; 19444
2023-06-21 03:39:02; hka-aqm-am123;  31.73;  34.52;   468;   678;     5;     0;     0;     0;  -120;  -120;  -5.5; drag-lps8-05; 6; 8; 125000; 19445
2023-06-21 03:54:08; hka-aqm-am123;  31.76;  34.56;   470;   660;     6;     1;     1;     0;  -113;  -113;   0.8; drag-lps8-03; 4; 8; 125000; 19446
2023-06-21 04:09:14; hka-aqm-am123;  31.74;  34.66;   467;   653;     5;     0;     1;     0;  -115;  -115;   1.8; drag-lps8-03; 5; 8; 125000; 19447
2023-06-21 04:24:21; hka-aqm-am123;  31.70;  34.66;   478;   646;     5;     0;     1;     0;  -123;  -123;  -7.8; drag-lps8-05; 3; 8; 125000; 19448
2023-06-21 04:39:29; hka-aqm-am123;  31.67;  34.72;   472;   660;     5;     0;     1;     0;  -122;  -122;  -3.5; drag-lps8-05; 7; 8; 125000; 19449
2023-06-21 04:54:36; hka-aqm-am123;  31.63;  34.72;   467;   644;     5;     0;     1;     0;  -116;  -116;  -2.2; drag-lps8-03; 2; 8; 125000; 19450
2023-06-21 05:09:42; hka-aqm-am123;  31.63;  34.86;   460;   610;     5;     1;     0;     0;  -121;  -121;  -1.8; drag-lps8-05; 0; 8; 125000; 19451
2023-06-21 05:24:48; hka-aqm-am123;  31.57;  35.19;   466;   560;     6;     1;     1;     0;  -116;  -116;  -1.8; drag-lps8-03; 1; 8; 125000; 19452
2023-06-21 05:39:54; hka-aqm-am123;  31.52;  35.12;   460;   584;     7;     1;     1;     0;  -122;  -122;  -4.5; drag-lps8-05; 4; 8; 125000; 19453
2023-06-21 05:55:01; hka-aqm-am123;  31.48;  35.12;   458;   553;     8;     3;     1;     0;  -122;  -122;  -6.8; drag-lps8-05; 3; 8; 125000; 19454
2023-06-21 06:10:09; hka-aqm-am123;  31.46;  35.32;   461;   546;     7;     1;     2;     0;  -122;  -122;  -3.0; drag-lps8-05; 7; 8; 125000; 19455
2023-06-21 06:25:15; hka-aqm-am123;  31.43;  35.39;   457;   547;    10;     3;     2;     0;  -115;  -115;   1.2; drag-lps8-03; 0; 8; 125000; 19456
2023-06-21 06:40:22; hka-aqm-am123;  31.40;  35.46;   450;   556;    24;     5;     1;     0;  -113;  -113;   1.5; drag-lps8-03; 2; 8; 125000; 19457
2023-06-21 06:55:28; hka-aqm-am123;  31.40;  35.59;   457;   550;    29;     8;     2;     0;  -114;  -114;   2.8; drag-lps8-03; 5; 8; 125000; 19458
2023-06-21 07:10:35; hka-aqm-am123;  31.41;  35.56;   447;   557;    64;    15;     2;     0;  -120;  -120;  -5.0; drag-lps8-05; 6; 8; 125000; 19459
2023-06-21 07:25:41; hka-aqm-am123;  31.49;  35.59;   450;   550;    89;    22;     0;     0;  -115;  -115;   1.0; drag-lps8-03; 7; 8; 125000; 19460
2023-06-21 07:40:49; hka-aqm-am123;  31.48;  35.52;   449;   571;   140;    34;     2;     0;  -112;  -112;   2.8; drag-lps8-03; 3; 8; 125000; 19461
2023-06-21 07:55:55; hka-aqm-am123;  31.64;  35.39;   455;   561;   167;    40;     2;     0;  -120;  -120;  -2.5; drag-lps8-05; 4; 8; 125000; 19462
2023-06-21 07:58:48; hka-aqm-am123;  31.65;  35.26;   449;   585;   694;   188;     2;     0;  -112;  -112;   4.8; drag-lps8-03; 0; 8; 125000; 19463
2023-06-21 08:00:07; hka-aqm-am123;  31.71;  35.16;   447;   572;   603;   164;     1;     0;  -120;  -120;  -5.5; drag-lps8-05; 6; 8; 125000; 19464
2023-06-21 08:00:28; hka-aqm-am123;  31.75;  35.12;   447;   572;   408;   107;     1;     0;  -117;  -117;  -3.2; drag-lps8-05; 1; 8; 125000; 19465
2023-06-21 08:00:48; hka-aqm-am123;  31.75;  35.12;   447;   573;   246;    62;     0;     0;  -119;  -119;  -3.8; drag-lps8-05; 2; 8; 125000; 19466
2023-06-21 08:01:47; hka-aqm-am123;  31.77;  35.19;   447;   574;   389;   104;     0;     0;  -121;  -121;  -6.0; drag-lps8-05; 5; 8; 125000; 19467
2023-06-21 08:02:07; hka-aqm-am123;  31.74;  35.29;   446;   572;   292;    76;     0;     0;  -122;  -122;  -3.5; drag-lps8-05; 7; 8; 125000; 19468
2023-06-21 08:02:28; hka-aqm-am123;  31.79;  35.46;   445;   570;   230;    58;     0;     0;  -109;  -109;   5.0; drag-lps8-03; 5; 8; 125000; 19469
2023-06-21 08:10:26; hka-aqm-am123;  31.84;  35.32;   453;   606;   334;    86;     1;     0;  -114;  -114;   2.0; drag-lps8-03; 4; 8; 125000; 19470
2023-06-21 08:10:48; hka-aqm-am123;  31.81;  35.36;   450;   596;   238;    60;     1;     0;  -118;  -118;  -5.8; drag-lps8-03; 3; 8; 125000; 19471
2023-06-21 08:11:08; hka-aqm-am123;  31.83;  35.36;   448;   588;   366;    93;     1;     0;  -120;  -120;  -4.8; drag-lps8-03; 6; 8; 125000; 19472
2023-06-21 08:11:28; hka-aqm-am123;  31.84;  35.36;   445;   581;   280;    71;     0;     0;  -118;  -118;  -0.2; drag-lps8-03; 0; 8; 125000; 19473
2023-06-21 08:11:47; hka-aqm-am123;  31.87;  35.29;   444;   586;   485;   127;     1;     0;  -113;  -113;  -0.2; drag-lps8-03; 1; 8; 125000; 19474
2023-06-21 08:12:08; hka-aqm-am123;  31.87;  35.32;   444;   589;   294;    75;     1;     0;  -118;  -118;  -2.8; drag-lps8-05; 2; 8; 125000; 19475
2023-06-21 08:12:47; hka-aqm-am123;  31.86;  35.32;   449;   577;   227;    56;     0;     0;  -115;  -115;  -1.0; drag-lps8-03; 3; 8; 125000; 19476
2023-06-21 08:13:48; hka-aqm-am123;  31.90;  35.49;   450;   572;   345;    87;     1;     0;  -121;  -121;  -2.2; drag-lps8-05; 0; 8; 125000; 19477
2023-06-21 08:14:47; hka-aqm-am123;  31.87;  35.46;   448;   565;   283;    70;     1;     0;  -122;  -122;  -5.0; drag-lps8-05; 5; 8; 125000; 19478
2023-06-21 08:15:09; hka-aqm-am123;  31.95;  35.46;   445;   576;   490;   127;     0;     0;  -114;  -114;   0.5; drag-lps8-03; 7; 8; 125000; 19479
2023-06-21 08:15:27; hka-aqm-am123;  31.96;  35.32;   444;   579;   355;    91;     0;     0;  -118;  -118;  -4.0; drag-lps8-05; 6; 8; 125000; 19480
2023-06-21 08:16:07; hka-aqm-am123;  31.90;  35.29;   448;   577;   436;   111;     0;     0;  -118;  -118;  -3.0; drag-lps8-05; 1; 8; 125000; 19481
2023-06-21 08:16:46; hka-aqm-am123;  31.94;  35.22;   450;   582;   278;    69;     0;     0;  -118;  -118;  -2.5; drag-lps8-05; 2; 8; 125000; 19482
2023-06-21 08:17:27; hka-aqm-am123;  31.94;  35.32;   448;   571;   219;    54;     0;     0;  -115;  -115;   1.2; drag-lps8-03; 4; 8; 125000; 19483
2023-06-21 08:24:49; hka-aqm-am123;  31.87;  35.19;   442;   571;   781;   204;     1;     0;  -120;  -120;  -6.5; drag-lps8-05; 3; 8; 125000; 19484
2023-06-21 08:25:08; hka-aqm-am123;  31.89;  35.19;   441;   570;   728;   191;     1;     0;  -111;  -111;   3.5; drag-lps8-03; 4; 8; 125000; 19485
2023-06-21 08:25:46; hka-aqm-am123;  31.93;  35.26;   445;   548;  1219;   326;     1;     0;  -113;  -113;   2.5; drag-lps8-03; 1; 8; 125000; 19486
2023-06-21 08:26:06; hka-aqm-am123;  31.95;  35.19;   443;   556;  1165;   311;     0;     0;  -111;  -111;   4.2; drag-lps8-03; 7; 8; 125000; 19487
2023-06-21 08:26:29; hka-aqm-am123;  31.95;  35.06;   443;   571;   634;   164;     0;     0;  -111;  -111;   2.0; drag-lps8-03; 2; 8; 125000; 19488
2023-06-21 08:26:47; hka-aqm-am123;  31.99;  35.12;   443;   576;   321;    78;     1;     0;  -113;  -113;   2.8; drag-lps8-03; 0; 8; 125000; 19489
2023-06-21 08:27:49; hka-aqm-am123;  31.99;  35.06;   443;   602;   735;   193;     1;     0;  -112;  -112;   3.0; drag-lps8-03; 6; 8; 125000; 19490
2023-06-21 08:28:08; hka-aqm-am123;  32.01;  35.06;   443;   583;  1284;   343;     0;     0;  -111;  -111;   3.5; drag-lps8-03; 5; 8; 125000; 19491
2023-06-21 08:28:27; hka-aqm-am123;  32.01;  35.12;   443;   573;   873;   226;     0;     0;  -120;  -120;  -3.5; drag-lps8-05; 1; 8; 125000; 19492
2023-06-21 08:28:49; hka-aqm-am123;  32.05;  35.12;   443;   587;   372;    93;     0;     0;  -113;  -113;   3.0; drag-lps8-03; 5; 8; 125000; 19493
2023-06-21 08:30:27; hka-aqm-am123;  32.06;  35.12;   448;   568;   477;   119;     0;     0;  -112;  -112;   3.8; drag-lps8-03; 4; 8; 125000; 19494
2023-06-21 08:30:48; hka-aqm-am123;  32.14;  35.12;   447;   565;   568;   142;     0;     0;  -114;  -114;   1.2; drag-lps8-03; 3; 8; 125000; 19495
2023-06-21 08:31:07; hka-aqm-am123;  32.12;  35.12;   446;   566;  1103;   288;     1;     0;  -121;  -121;  -2.2; drag-lps8-05; 7; 8; 125000; 19496
2023-06-21 08:31:28; hka-aqm-am123;  32.19;  35.06;   445;   578;   705;   179;     1;     0;  -118;  -118;  -1.2; drag-lps8-05; 0; 8; 125000; 19497
2023-06-21 08:32:27; hka-aqm-am123;  32.16;  34.96;   454;   546;   381;    94;     1;     0;  -120;  -120;  -4.8; drag-lps8-05; 6; 8; 125000; 19498
2023-06-21 08:35:09; hka-aqm-am123;  32.14;  34.99;   452;   586;   276;    70;     1;     0;  -111;  -111;   1.5; drag-lps8-03; 2; 8; 125000; 19499
2023-06-21 08:35:27; hka-aqm-am123;  32.18;  34.92;   449;   582;   218;    55;     1;     0;  -112;  -112;   2.5; drag-lps8-03; 5; 8; 125000; 19500
2023-06-21 08:36:08; hka-aqm-am123;  32.17;  34.96;   450;   583;   141;    37;     1;     0;  -118;  -118;  -2.8; drag-lps8-05; 2; 8; 125000; 19501
2023-06-21 08:51:15; hka-aqm-am123;  32.15;  35.09;   444;   581;    95;    23;     1;     0;  -114;  -114;   1.0; drag-lps8-03; 3; 8; 125000; 19502
2023-06-21 09:01:08; hka-aqm-am123;  32.23;  35.02;   448;   597;   420;   104;     1;     1;  -119;  -119;  -4.0; drag-lps8-05; 4; 8; 125000; 19503
2023-06-21 09:01:27; hka-aqm-am123;  32.20;  34.99;   446;   581;   472;   118;     1;     0;  -120;  -120;  -5.0; drag-lps8-05; 6; 8; 125000; 19504
2023-06-21 09:01:48; hka-aqm-am123;  32.27;  34.99;   445;   557;  1011;   260;     1;     0;  -114;  -114;   3.2; drag-lps8-03; 7; 8; 125000; 19505
2023-06-21 09:02:09; hka-aqm-am123;  32.32;  34.96;   444;   564;  1068;   275;     1;     0;  -122;  -122;  -2.5; drag-lps8-05; 0; 8; 125000; 19506
2023-06-21 09:02:28; hka-aqm-am123;  32.31;  34.92;   444;   568;  1001;   258;     1;     0;  -112;  -112;   1.8; drag-lps8-03; 1; 8; 125000; 19507
2023-06-21 09:04:47; hka-aqm-am123;  32.38;  34.76;   438;   587;  1069;   274;     1;     0;  -120;  -120;  -2.8; drag-lps8-05; 0; 8; 125000; 19508
2023-06-21 09:06:48; hka-aqm-am123;  32.39;  34.66;   441;   611;   629;   158;     1;     0;  -113;  -113;   1.0; drag-lps8-03; 3; 8; 125000; 19509
2023-06-21 09:07:29; hka-aqm-am123;  32.42;  34.66;   442;   592;   737;   186;     0;     0;  -113;  -113;  -1.8; drag-lps8-03; 5; 8; 125000; 19510
2023-06-21 09:08:08; hka-aqm-am123;  32.41;  34.66;   441;   585;   984;   251;     0;     0;  -113;  -113;   2.8; drag-lps8-03; 7; 8; 125000; 19511
2023-06-21 09:08:27; hka-aqm-am123;  32.44;  34.69;   441;   561;   481;   120;     0;     0;  -113;  -113;   1.8; drag-lps8-03; 2; 8; 125000; 19512
2023-06-21 09:08:49; hka-aqm-am123;  32.39;  34.66;   442;   546;   300;    75;     0;     0;  -110;  -110;   4.0; drag-lps8-03; 4; 8; 125000; 19513
2023-06-21 09:10:28; hka-aqm-am123;  32.43;  34.66;   443;   577;   385;    96;     1;     0;  -113;  -113;   3.0; drag-lps8-03; 1; 8; 125000; 19514
2023-06-21 09:11:06; hka-aqm-am123;  32.45;  34.59;   446;   542;   254;    65;     1;     0;  -111;  -111;   2.0; drag-lps8-03; 6; 8; 125000; 19515
2023-06-21 09:13:08; hka-aqm-am123;  32.48;  34.66;   445;   588;   360;    91;     1;     0;  -121;  -121;  -7.2; drag-lps8-05; 3; 8; 125000; 19516
2023-06-21 09:13:48; hka-aqm-am123;  32.49;  34.66;   447;   578;   691;   172;     1;     0;  -123;  -123;  -3.8; drag-lps8-05; 4; 8; 125000; 19517
2023-06-21 09:14:26; hka-aqm-am123;  32.48;  34.66;   449;   576;   942;   240;     1;     0;  -120;  -120;  -5.2; drag-lps8-05; 6; 8; 125000; 19518
2023-06-21 09:14:46; hka-aqm-am123;  32.52;  34.66;   446;   576;   766;   194;     1;     0;  -122;  -122;  -3.8; drag-lps8-05; 5; 8; 125000; 19519
2023-06-21 09:15:08; hka-aqm-am123;  32.52;  34.59;   444;   579;   406;   102;     0;     0;  -120;  -120;  -2.0; drag-lps8-05; 0; 8; 125000; 19520
2023-06-21 09:15:48; hka-aqm-am123;  32.52;  34.62;   447;   581;   652;   162;     1;     0;  -119;  -119;  -5.0; drag-lps8-05; 1; 8; 125000; 19521
2023-06-21 09:16:08; hka-aqm-am123;  32.58;  34.59;   446;   587;   837;   212;     1;     0;  -114;  -114; nan; drag-lps8-03; 2; 8; 125000; 19522
2023-06-21 09:16:28; hka-aqm-am123;  32.57;  34.59;   446;   588;   435;   109;     1;     0;  -116;  -116;  -0.5; drag-lps8-03; 7; 8; 125000; 19523
2023-06-21 09:16:48; hka-aqm-am123;  32.56;  34.52;   446;   589;   709;   176;     1;     0;  -116;  -116;  -1.2; drag-lps8-03; 2; 8; 125000; 19524
2023-06-21 09:17:08; hka-aqm-am123;  32.58;  34.52;   446;   586;   521;   129;     1;     0;  -121;  -121;  -3.8; drag-lps8-05; 5; 8; 125000; 19525
2023-06-21 09:17:29; hka-aqm-am123;  32.59;  34.56;   445;   583;   609;   152;     1;     0;  -113;  -113;   0.5; drag-lps8-03; 6; 8; 125000; 19526
2023-06-21 09:17:47; hka-aqm-am123;  32.60;  34.59;   444;   579;   424;   105;     0;     0;  -118;  -118;  -2.5; drag-lps8-03; 7; 8; 125000; 19527
2023-06-21 09:18:08; hka-aqm-am123;  32.59;  34.59;   445;   583;   369;    91;     0;     0;  -120;  -120;  -5.5; drag-lps8-05; 1; 8; 125000; 19528
2023-06-21 09:19:07; hka-aqm-am123;  32.62;  34.59;   448;   586;   676;   169;     1;     2;  -115;  -115;  -0.2; drag-lps8-03; 0; 8; 125000; 19529
2023-06-21 09:19:28; hka-aqm-am123;  32.63;  34.59;   447;   588;   355;    87;     1;     1;  -122;  -122;  -3.0; drag-lps8-05; 4; 8; 125000; 19530
2023-06-21 09:21:06; hka-aqm-am123;  32.65;  34.59;   448;   568;   455;   111;     1;     1;  -124;  -124;  -6.5; drag-lps8-05; 3; 8; 125000; 19531
2023-06-21 09:22:26; hka-aqm-am123;  32.63;  34.59;   457;   574;   597;   149;     0;     0;  -122;  -122;  -4.5; drag-lps8-05; 1; 8; 125000; 19532
2023-06-21 09:22:48; hka-aqm-am123;  32.65;  34.52;   451;   572;   465;   114;     1;     0;  -120;  -120;  -2.2; drag-lps8-05; 0; 8; 125000; 19533
2023-06-21 09:23:26; hka-aqm-am123;  32.64;  34.52;   451;   566;   624;   156;     1;     0;  -114;  -114;   2.5; drag-lps8-03; 5; 8; 125000; 19534
2023-06-21 09:23:47; hka-aqm-am123;  32.66;  34.52;   447;   586;   835;   209;     0;     0;  -121;  -121;  -4.0; drag-lps8-05; 7; 8; 125000; 19535
2023-06-21 09:24:27; hka-aqm-am123;  32.71;  34.52;   449;   588;  1061;   267;     1;     0;  -121;  -121;  -2.0; drag-lps8-05; 4; 8; 125000; 19536
2023-06-21 09:24:47; hka-aqm-am123;  32.73;  34.49;   445;   570;  1122;   284;     1;     0;  -117;  -117;  -2.2; drag-lps8-05; 2; 8; 125000; 19537
2023-06-21 09:25:28; hka-aqm-am123;  32.72;  34.46;   442;   565;   745;   184;     1;     0;  -114;  -114; nan; drag-lps8-03; 3; 8; 125000; 19538
2023-06-21 09:25:47; hka-aqm-am123;  32.79;  34.46;   440;   568;  1147;   289;     1;     0;  -119;  -119;  -4.0; drag-lps8-05; 6; 8; 125000; 19539
2023-06-21 09:26:48; hka-aqm-am123;  32.74;  34.39;   441;   607;   896;   224;     0;     0;  -118;  -118;  -3.5; drag-lps8-05; 1; 8; 125000; 19540
2023-06-21 09:27:29; hka-aqm-am123;  32.75;  34.39;   444;   594;   641;   156;     1;     0;  -115;  -115;   1.8; drag-lps8-03; 5; 8; 125000; 19541
2023-06-21 09:28:06; hka-aqm-am123;  32.77;  34.39;   446;   588;   422;   101;     1;     0;  -116;  -116;  -1.8; drag-lps8-03; 3; 8; 125000; 19542
2023-06-21 09:29:08; hka-aqm-am123;  32.81;  34.36;   448;   583;   656;   160;     1;     0;  -115;  -115;   2.2; drag-lps8-03; 0; 8; 125000; 19543
2023-06-21 09:29:27; hka-aqm-am123;  32.88;  34.32;   447;   597;   917;   228;     1;     0;  -118;  -118;  -3.5; drag-lps8-05; 2; 8; 125000; 19544
2023-06-21 09:29:48; hka-aqm-am123;  32.84;  34.32;   446;   587;  1214;   307;     1;     0;  -112;  -112;   2.2; drag-lps8-03; 4; 8; 125000; 19545
2023-06-21 09:34:06; hka-aqm-am123;  33.01;  34.12;   444;   581;   971;   241;     1;     0;  -113;  -113; nan; drag-lps8-03; 6; 8; 125000; 19546
2023-06-21 09:34:28; hka-aqm-am123;  33.02;  34.06;   442;   591;  1165;   294;     1;     0;  -122;  -122;  -3.0; drag-lps8-05; 7; 8; 125000; 19547
2023-06-21 09:35:29; hka-aqm-am123;  33.07;  33.99;   444;   588;   797;   193;     1;     1;  -119;  -119;  -3.8; drag-lps8-05; 1; 8; 125000; 19548
2023-06-21 09:36:07; hka-aqm-am123;  33.09;  33.99;   442;   594;  1166;   290;     1;     0;  -120;  -120;  -4.5; drag-lps8-03; 3; 8; 125000; 19550
2023-06-21 09:36:28; hka-aqm-am123;  33.10;  33.99;   441;   580;   563;   136;     0;     0;  -118;  -118;  -4.2; drag-lps8-05; 6; 8; 125000; 19551
2023-06-21 09:36:49; hka-aqm-am123;  33.13;  33.99;   441;   575;  1168;   295;     0;     0;  -120;  -120;  -1.8; drag-lps8-05; 4; 8; 125000; 19552
2023-06-21 09:37:46; hka-aqm-am123;  33.16;  33.96;   449;   578;  1049;   259;     1;     0;  -122;  -122;  -4.5; drag-lps8-05; 0; 8; 125000; 19553
2023-06-21 09:38:27; hka-aqm-am123;  33.16;  33.89;   451;   607;  1160;   289;     1;     0;  -109;  -109;   4.5; drag-lps8-03; 5; 8; 125000; 19554
2023-06-21 09:39:47; hka-aqm-am123;  33.26;  33.86;   446;   592;   568;   135;     1;     0;  -117;  -117;  -2.8; drag-lps8-05; 2; 8; 125000; 19555
2023-06-21 09:40:26; hka-aqm-am123;  33.28;  33.86;   448;   591;  1217;   304;     1;     0;  -119;  -119;  -4.0; drag-lps8-05; 1; 8; 125000; 19556
2023-06-21 09:42:07; hka-aqm-am123;  33.37;  33.72;   445;   596;  1092;   274;     1;     0;  -113;  -113;   0.8; drag-lps8-03; 7; 8; 125000; 19557
2023-06-21 09:42:48; hka-aqm-am123;  33.42;  33.72;   442;   609;   608;   146;     1;     0;  -125;  -125;  -6.0; drag-lps8-05; 0; 8; 125000; 19558
2023-06-21 09:43:07; hka-aqm-am123;  33.41;  33.72;   441;   592;   451;   106;     1;     0;  -115;  -115;  -0.8; drag-lps8-03; 2; 8; 125000; 19559
2023-06-21 09:43:48; hka-aqm-am123;  33.40;  33.66;   445;   590;   321;    75;     1;     0;  -120;  -120;  -5.8; drag-lps8-05; 6; 8; 125000; 19560
2023-06-21 09:44:26; hka-aqm-am123;  33.41;  33.69;   448;   591;   778;   192;     1;     0;  -110;  -110;   5.2; drag-lps8-03; 4; 8; 125000; 19561
2023-06-21 09:44:47; hka-aqm-am123;  33.44;  33.66;   446;   594;   542;   129;     1;     0;  -120;  -120;  -7.2; drag-lps8-05; 5; 8; 125000; 19562
2023-06-21 09:45:07; hka-aqm-am123;  33.46;  33.66;   445;   621;  1034;   258;     1;     0;  -122;  -122;  -6.5; drag-lps8-05; 3; 8; 125000; 19563
2023-06-21 09:45:29; hka-aqm-am123;  33.43;  33.62;   443;   619;   951;   237;     1;     0;  -111;  -111;   2.0; drag-lps8-03; 2; 8; 125000; 19564
2023-06-21 09:45:48; hka-aqm-am123;  33.44;  33.62;   441;   619;   485;   115;     1;     1;  -118;  -118;  -4.8; drag-lps8-05; 3; 8; 125000; 19565
2023-06-21 09:46:09; hka-aqm-am123;  33.44;  33.66;   441;   614;   997;   249;     0;     1;  -120;  -120;  -2.0; drag-lps8-05; 0; 8; 125000; 19566
2023-06-21 09:47:48; hka-aqm-am123;  33.46;  33.52;   445;   593;   671;   162;     1;     0;  -114;  -114;   0.5; drag-lps8-03; 4; 8; 125000; 19567
2023-06-21 09:48:27; hka-aqm-am123;  33.51;  33.52;   448;   591;   560;   134;     1;     0;  -113;  -113;   1.0; drag-lps8-03; 6; 8; 125000; 19568
2023-06-21 09:48:47; hka-aqm-am123;  33.48;  33.52;   446;   590;   441;   105;     1;     0;  -111;  -111;   3.5; drag-lps8-03; 7; 8; 125000; 19569
2023-06-21 09:49:09; hka-aqm-am123;  33.50;  33.52;   445;   590;   939;   232;     1;     0;  -107;  -107;   1.8; drag-lps8-03; 5; 8; 125000; 19570
2023-06-21 09:49:49; hka-aqm-am123;  33.52;  33.52;   447;   581;   623;   151;     1;     0;  -113;  -113;   0.2; drag-lps8-03; 1; 8; 125000; 19571
2023-06-21 09:50:08; hka-aqm-am123;  33.52;  33.49;   445;   589;  1042;   259;     1;     0;  -119;  -119;  -4.8; drag-lps8-05; 6; 8; 125000; 19572
2023-06-21 09:50:28; hka-aqm-am123;  33.58;  33.45;   444;   587;   394;    94;     1;     0;  -121;  -121;  -2.8; drag-lps8-05; 4; 8; 125000; 19573
2023-06-21 09:50:48; hka-aqm-am123;  33.56;  33.49;   443;   587;   454;   108;     1;     0;  -114;  -114;  -0.8; drag-lps8-03; 2; 8; 125000; 19574
2023-06-21 09:51:08; hka-aqm-am123;  33.57;  33.49;   443;   589;   397;    96;     1;     0;  -121;  -121;  -6.0; drag-lps8-05; 3; 8; 125000; 19575
2023-06-21 09:52:07; hka-aqm-am123;  33.54;  33.19;   445;   556;   581;   141;     1;     0;  -115;  -115;  -3.0; drag-lps8-03; 5; 8; 125000; 19576
2023-06-21 09:53:26; hka-aqm-am123;  33.58;  33.42;   450;   588;   726;   177;     1;     0;  -117;  -117;  -3.0; drag-lps8-03; 1; 8; 125000; 19577
2023-06-21 09:53:46; hka-aqm-am123;  33.64;  33.42;   448;   590;   487;   118;     1;     0;  -121;  -121;  -3.2; drag-lps8-05; 7; 8; 125000; 19578
2023-06-21 09:54:08; hka-aqm-am123;  33.59;  33.39;   446;   592;   410;   100;     1;     0;  -122;  -122;  -4.0; drag-lps8-05; 0; 8; 125000; 19579
2023-06-21 09:55:06; hka-aqm-am123;  33.63;  33.29;   447;   567;   486;   117;     1;     0;  -120;  -120;  -2.2; drag-lps8-05; 5; 8; 125000; 19580
2023-06-21 09:56:09; hka-aqm-am123;  33.58;  33.39;   448;   586;   434;   105;     1;     0;  -119;  -119;  -4.0; drag-lps8-05; 2; 8; 125000; 19581
2023-06-21 09:58:28; hka-aqm-am123;  33.63;  33.32;   450;   606;   606;   147;     1;     0;  -123;  -123;  -4.2; drag-lps8-05; 7; 8; 125000; 19582
2023-06-21 09:58:48; hka-aqm-am123;  33.66;  33.32;   449;   608;   678;   166;     1;     0;  -119;  -119;  -2.2; drag-lps8-05; 0; 8; 125000; 19583
2023-06-21 09:59:09; hka-aqm-am123;  33.68;  33.32;   448;   633;   425;   102;     1;     0;  -126;  -126;  -6.5; drag-lps8-05; 4; 8; 125000; 19584
2023-06-21 09:59:49; hka-aqm-am123;  33.62;  33.35;   451;   619;   356;    87;     1;     0;  -115;  -115;  -1.2; drag-lps8-03; 6; 8; 125000; 19585
2023-06-21 10:14:55; hka-aqm-am123;  33.62;  32.99;   459;   603;    75;    18;     1;     0;  -122;  -122;  -7.5; drag-lps8-05; 3; 8; 125000; 19586
2023-06-21 10:30:01; hka-aqm-am123;  33.50;  33.45;   452;   587;   159;    38;     1;     0;  -113;  -113;   0.8; drag-lps8-03; 1; 8; 125000; 19587
2023-06-21 10:45:08; hka-aqm-am123;  33.45;  33.59;   446;   594;   226;    55;     1;     1;  -114;  -114; nan; drag-lps8-03; 4; 8; 125000; 19588
2023-06-21 11:00:15; hka-aqm-am123;  33.28;  33.59;   444;   602;   122;    30;     1;     1;  -123;  -123;  -8.0; drag-lps8-03; 2; 8; 125000; 19589
2023-06-21 11:15:21; hka-aqm-am123;  33.12;  33.55;   445;   593;    77;    19;     1;     0;  -118;  -118;  -3.0; drag-lps8-05; 1; 8; 125000; 19590
2023-06-21 11:30:29; hka-aqm-am123;  33.02;  33.72;   478;   627;    61;    15;     2;     4;  -129;  -129;  -9.8; drag-lps8-03; 7; 8; 125000; 19591
2023-06-21 11:45:35; hka-aqm-am123;  32.88;  34.26;   462;   592;    80;    19;     2;     5;  -117;  -117;  -2.0; drag-lps8-03; 5; 8; 125000; 19592
2023-06-21 12:00:41; hka-aqm-am123;  32.84;  34.42;   458;   574;   112;    28;     0;     2;  -115;  -115; nan; drag-lps8-03; 0; 8; 125000; 19593
2023-06-21 12:15:48; hka-aqm-am123;  32.76;  34.39;   460;   600;   137;    34;     2;     5;  -120;  -120;  -5.5; drag-lps8-03; 6; 8; 125000; 19594
2023-06-21 12:30:54; hka-aqm-am123;  32.64;  34.46;   484;   576;   160;    40;     2;     5;  -122;  -122;  -7.0; drag-lps8-05; 3; 8; 125000; 19595
2023-06-21 12:46:00; hka-aqm-am123;  32.74;  34.49;   484;   586;   272;    67;     1;     2;  -124;  -124;  -6.0; drag-lps8-05; 5; 8; 125000; 19596
2023-06-21 13:01:09; hka-aqm-am123;  32.85;  34.46;   478;   590;   306;    76;     2;     5;  -118;  -118;  -2.8; drag-lps8-05; 1; 8; 125000; 19597
2023-06-21 13:16:15; hka-aqm-am123;  32.90;  34.32;   483;   586;   209;    49;     2;     6;  -116;  -116;  -1.5; drag-lps8-03; 6; 8; 125000; 19598
2023-06-21 13:20:47; hka-aqm-am123;  32.86;  34.26;   485;   593;   213;    49;     2;     6;  -122;  -122;  -3.8; drag-lps8-05; 0; 8; 125000; 19599
2023-06-21 13:27:48; hka-aqm-am123;  32.93;  34.32;   481;   576;   184;    42;     1;     1;  -120;  -120;  -2.0; drag-lps8-05; 4; 8; 125000; 19600
2023-06-21 13:40:48; hka-aqm-am123;  32.94;  34.32;   484;   604;   217;    53;     1;     1;  -124;  -124;  -6.8; drag-lps8-05; 3; 8; 125000; 19601
2023-06-21 13:55:54; hka-aqm-am123;  33.06;  34.36;   487;   580;   199;    48;     1;     2;  -113;  -113;   1.8; drag-lps8-03; 2; 8; 125000; 19602
2023-06-21 14:11:01; hka-aqm-am123;  33.01;  34.39;   498;   594;   182;    44;     0;     0;  -122;  -122;  -3.2; drag-lps8-05; 7; 8; 125000; 19603
2023-06-21 14:26:08; hka-aqm-am123;  32.97;  34.29;   488;   564;   169;    42;     1;     2;  -115;  -115;   1.5; drag-lps8-03; 0; 8; 125000; 19604
2023-06-21 14:41:14; hka-aqm-am123;  32.90;  34.12;   492;   604;   177;    44;     1;     2;  -113;  -113;   1.5; drag-lps8-03; 2; 8; 125000; 19605
2023-06-21 14:56:21; hka-aqm-am123;  32.92;  34.06;   483;   561;   177;    43;     1;     0;  -113;  -113;  -1.0; drag-lps8-03; 6; 8; 125000; 19606
2023-06-21 15:11:27; hka-aqm-am123;  32.91;  34.09;   496;   561;   173;    42;     1;     2;  -112;  -112;   2.2; drag-lps8-03; 4; 8; 125000; 19607
2023-06-21 15:26:34; hka-aqm-am123;  32.94;  33.92;   495;   574;   183;    47;     1;     3;  -119;  -119;  -5.2; drag-lps8-03; 1; 8; 125000; 19608
2023-06-21 15:41:40; hka-aqm-am123;  32.94;  33.92;   505;   606;   156;    39;     0;     0;  -118;  -118;  -0.8; drag-lps8-03; 7; 8; 125000; 19609
2023-06-21 15:56:48; hka-aqm-am123;  32.98;  33.79;   494;   609;   205;    51;     1;     3;  -115;  -115;   0.2; drag-lps8-03; 5; 8; 125000; 19610
2023-06-21 16:11:55; hka-aqm-am123;  32.96;  33.62;   489;   575;   204;    51;     0;     0;  -120;  -120;  -5.5; drag-lps8-05; 3; 8; 125000; 19611
2023-06-21 16:27:01; hka-aqm-am123;  33.00;  33.52;   514;   584;   209;    55;     0;     0;  -120;  -120;  -5.0; drag-lps8-05; 1; 8; 125000; 19612
2023-06-21 16:42:08; hka-aqm-am123;  33.04;  33.32;   535;   604;   158;    39;     1;     3;  -119;  -119;  -4.2; drag-lps8-05; 6; 8; 125000; 19613
2023-06-21 16:51:27; hka-aqm-am123;  33.02;  33.32;   528;   606;   184;    48;     1;     3;  -120;  -120;  -2.8; drag-lps8-05; 7; 8; 125000; 19614
2023-06-21 17:06:33; hka-aqm-am123;  33.04;  33.22;   532;   625;   126;    30;     1;     2;  -122;  -122;  -4.8; drag-lps8-05; 2; 8; 125000; 19615
2023-06-21 17:21:39; hka-aqm-am123;  33.00;  33.12;   541;   615;   149;    38;     0;     0;  -118;  -118;   0.5; drag-lps8-03; 0; 8; 125000; 19616
2023-06-21 17:36:47; hka-aqm-am123;  32.98;  33.12;   537;   609;   108;    26;     1;     2;  -118;  -118;  -3.8; drag-lps8-03; 3; 8; 125000; 19617
2023-06-21 17:51:53; hka-aqm-am123;  32.92;  33.22;   544;   633;   170;    45;     1;     2;  -115;  -115;   1.8; drag-lps8-03; 4; 8; 125000; 19618
2023-06-21 18:06:59; hka-aqm-am123;  33.01;  33.05;   547;   625;   186;    48;     1;     0;  -120;  -120;  -4.5; drag-lps8-05; 5; 8; 125000; 19619
2023-06-21 18:22:08; hka-aqm-am123;  32.92;  32.99;   563;   659;   110;    27;     1;     2;  -121;  -121;  -4.2; drag-lps8-05; 2; 8; 125000; 19620
2023-06-21 18:37:15; hka-aqm-am123;  32.97;  32.95;   570;   661;   129;    33;     1;     0;  -120;  -120;  -5.0; drag-lps8-05; 3; 8; 125000; 19621
2023-06-21 18:52:21; hka-aqm-am123;  32.94;  32.85;   563;   654;   126;    32;     1;     0;  -115;  -115;   0.5; drag-lps8-03; 4; 8; 125000; 19622
2023-06-21 19:07:28; hka-aqm-am123;  32.92;  32.82;   575;   664;   108;    27;     1;     2;  -120;  -120;  -2.5; drag-lps8-05; 5; 8; 125000; 19623
2023-06-21 19:22:34; hka-aqm-am123;  32.86;  32.85;   568;   655;   104;    27;     1;     0;  -118;  -118;  -4.5; drag-lps8-05; 6; 8; 125000; 19624
2023-06-21 19:37:41; hka-aqm-am123;  32.81;  32.68;   573;   687;    90;    23;     0;     0;  -117;  -117;   1.5; drag-lps8-03; 0; 8; 125000; 19625
2023-06-21 19:52:47; hka-aqm-am123;  32.76;  32.65;   579;   716;    75;    19;     1;     2;  -121;  -121;  -2.0; drag-lps8-05; 7; 8; 125000; 19626
2023-06-21 20:07:53; hka-aqm-am123;  32.70;  32.72;   572;   707;    48;    11;     1;     2;  -115;  -115;  -1.0; drag-lps8-03; 1; 8; 125000; 19627
2023-06-21 20:23:00; hka-aqm-am123;  32.66;  32.75;   575;   686;    44;    13;     0;     0;  -113;  -113;  -0.2; drag-lps8-03; 2; 8; 125000; 19628
2023-06-21 20:38:07; hka-aqm-am123;  32.59;  32.99;   577;   713;    29;     6;     1;     2;  -118;  -118;  -0.2; drag-lps8-03; 0; 8; 125000; 19629
2023-06-21 20:53:14; hka-aqm-am123;  32.50;  33.29;   567;   687;    21;     4;     1;     0;  -120;  -120;  -3.2; drag-lps8-05; 1; 8; 125000; 19630
2023-06-21 21:08:20; hka-aqm-am123;  32.44;  33.35;   570;   669;    13;     2;     1;     0;  -115;  -115;   0.2; drag-lps8-03; 5; 8; 125000; 19631
2023-06-21 21:23:28; hka-aqm-am123;  32.36;  33.52;   584;   679;    10;     3;     1;     2;  -118;  -118;  -3.8; drag-lps8-05; 6; 8; 125000; 19632
2023-06-21 21:38:34; hka-aqm-am123;  32.23;  33.66;   576;   685;     5;     1;     0;     0;  -120;  -120;  -5.2; drag-lps8-05; 3; 8; 125000; 19633
2023-06-21 21:53:41; hka-aqm-am123;  32.14;  33.66;   578;   679;     5;     1;     1;     0;  -116;  -116;  -0.5; drag-lps8-03; 7; 8; 125000; 19634
2023-06-21 22:08:48; hka-aqm-am123;  32.02;  33.59;   583;   675;     5;     0;     1;     2;  -120;  -120;  -2.2; drag-lps8-05; 4; 8; 125000; 19635
2023-06-21 22:23:54; hka-aqm-am123;  32.04;  33.59;   578;   668;     5;     0;     0;     0;  -117;  -117;   1.2; drag-lps8-03; 0; 8; 125000; 19636
2023-06-21 22:39:01; hka-aqm-am123;  32.04;  33.72;   564;   663;     5;     0;     1;     0;  -116;  -116;  -2.5; drag-lps8-05; 1; 8; 125000; 19637
2023-06-21 22:54:08; hka-aqm-am123;  32.01;  33.72;   563;   698;     5;     1;     1;     2;  -118;  -118;  -4.2; drag-lps8-03; 3; 8; 125000; 19638
2023-06-21 23:09:14; hka-aqm-am123;  31.98;  33.79;   566;   707;     5;     0;     1;     0;  -121;  -121;  -3.0; drag-lps8-05; 4; 8; 125000; 19639
2023-06-21 23:24:21; hka-aqm-am123;  31.91;  33.89;   561;   726;     5;     0;     1;     0;  -119;  -119;  -4.2; drag-lps8-05; 6; 8; 125000; 19640
2023-06-21 23:39:28; hka-aqm-am123;  31.86;  33.92;   564;   675;     6;     1;     1;     2;  -115;  -115; nan; drag-lps8-03; 7; 8; 125000; 19641
2023-06-21 23:54:34; hka-aqm-am123;  31.80;  34.06;   555;   720;     5;     1;     1;     0;  -122;  -122;  -3.0; drag-lps8-05; 5; 8; 125000; 19642
