# Logfile LoRaWAN TTN/TTS V3 logger version hka-log V 1.1
date_time;device_id;tmp;hum;CO2;VOC;vis;IR;WIFI;BLE;rssi;channel_rssi;snr;gateway;channel_index;spreading_factor;bandwidth;f_cnt
2023-06-19 00:14:12; hka-aqm-am123;  31.60;  25.95;   412;   574;     5;     0;     1;     0;  -113;  -113; nan; drag-lps8-05; 6; 8; 125000; 19062
2023-06-19 00:29:19; hka-aqm-am123;  31.50;  26.22;   416;   584;     5;     0;     1;     0;  -115;  -115;   1.2; drag-lps8-05; 4; 8; 125000; 19063
2023-06-19 00:44:25; hka-aqm-am123;  31.50;  26.29;   414;   548;     7;     2;     1;     0;  -116;  -116;  -1.5; drag-lps8-03; 1; 8; 125000; 19064
2023-06-19 00:59:32; hka-aqm-am123;  31.48;  26.42;   417;   561;     5;     0;     1;     0;  -117;  -117;  -2.8; drag-lps8-05; 3; 8; 125000; 19065
2023-06-19 01:14:39; hka-aqm-am123;  31.47;  26.56;   414;   536;     5;     0;     1;     0;  -112;  -112;   1.8; drag-lps8-05; 2; 8; 125000; 19066
2023-06-19 01:29:45; hka-aqm-am123;  31.46;  26.66;   408;   551;     5;     0;     1;     0;  -115;  -115;   3.0; drag-lps8-05; 0; 8; 125000; 19067
2023-06-19 01:44:51; hka-aqm-am123;  31.39;  26.90;   413;   558;     5;     1;     1;     0;  -113;  -113;   0.8; drag-lps8-03; 4; 8; 125000; 19068
2023-06-19 01:59:58; hka-aqm-am123;  31.37;  27.07;   410;   556;     5;     0;     1;     0;  -115;  -115;   0.2; drag-lps8-03; 0; 8; 125000; 19069
2023-06-19 02:15:04; hka-aqm-am123;  31.33;  27.48;   412;   574;     5;     0;     1;     0;  -115;  -115;  -2.2; drag-lps8-03; 2; 8; 125000; 19070
2023-06-19 02:30:12; hka-aqm-am123;  31.25;  27.79;   425;   534;     5;     0;     1;     0;  -115;  -115;   0.5; drag-lps8-03; 5; 8; 125000; 19071
2023-06-19 02:45:18; hka-aqm-am123;  31.20;  28.09;   414;   550;     5;     1;     1;     0;  -114;  -114;  -0.5; drag-lps8-03; 1; 8; 125000; 19072
2023-06-19 03:00:25; hka-aqm-am123;  31.17;  28.33;   414;   564;     5;     0;     1;     0;  -118;  -118;  -0.8; drag-lps8-03; 7; 8; 125000; 19073
2023-06-19 03:15:31; hka-aqm-am123;  31.07;  28.67;   419;   555;     5;     0;     1;     0;  -115;  -115;  -1.2; drag-lps8-03; 6; 8; 125000; 19074
2023-06-19 03:30:37; hka-aqm-am123;  31.04;  28.94;   411;   575;     7;     2;     1;     0;  -120;  -120;  -6.0; drag-lps8-03; 3; 8; 125000; 19075
2023-06-19 03:45:44; hka-aqm-am123;  31.03;  29.14;   408;   576;     5;     0;     1;     0;  -115;  -115;   0.5; drag-lps8-03; 4; 8; 125000; 19076
2023-06-19 04:00:52; hka-aqm-am123;  30.97;  29.38;   411;   602;     5;     0;     1;     0;  -118;  -118;  -3.0; drag-lps8-03; 2; 8; 125000; 19077
2023-06-19 04:15:58; hka-aqm-am123;  30.92;  29.62;   402;   573;     7;     2;     1;     0;  -111;  -111;   1.5; drag-lps8-05; 1; 8; 125000; 19078
2023-06-19 04:31:05; hka-aqm-am123;  30.90;  29.75;   402;   579;     5;     0;     1;     0;  -120;  -120;  -2.0; drag-lps8-03; 5; 8; 125000; 19079
2023-06-19 04:46:12; hka-aqm-am123;  30.86;  29.96;   402;   579;     5;     0;     1;     0;  -120;  -120;  -6.0; drag-lps8-03; 6; 8; 125000; 19080
2023-06-19 05:01:18; hka-aqm-am123;  30.85;  30.16;   403;   583;     5;     0;     1;     0;  -118;  -118;  -0.5; drag-lps8-05; 7; 8; 125000; 19081
2023-06-19 05:16:24; hka-aqm-am123;  30.82;  30.36;   401;   599;     9;     2;     1;     0;  -118;  -118;  -4.5; drag-lps8-05; 3; 8; 125000; 19082
2023-06-19 05:31:32; hka-aqm-am123;  30.79;  30.63;   405;   582;    16;     4;     1;     0;  -113;  -113;   2.0; drag-lps8-03; 0; 8; 125000; 19083
2023-06-19 05:46:38; hka-aqm-am123;  30.78;  30.63;   400;   595;    31;     7;     1;     0;  -113;  -113;  -0.2; drag-lps8-03; 1; 8; 125000; 19084
2023-06-19 06:01:45; hka-aqm-am123;  30.80;  30.67;   404;   581;    51;    13;     1;     0;  -114;  -114;  -1.0; drag-lps8-05; 6; 8; 125000; 19085
2023-06-19 06:16:52; hka-aqm-am123;  30.84;  30.63;   405;   590;    54;    13;     1;     0;  -113;  -113;   1.5; drag-lps8-03; 4; 8; 125000; 19086
2023-06-19 06:31:58; hka-aqm-am123;  30.85;  30.90;   401;   593;    83;    21;     1;     0;  -111;  -111;   1.0; drag-lps8-03; 2; 8; 125000; 19087
2023-06-19 06:47:05; hka-aqm-am123;  30.87;  31.17;   407;   614;   121;    30;     1;     0;  -115;  -115;   1.5; drag-lps8-03; 0; 8; 125000; 19088
2023-06-19 07:02:12; hka-aqm-am123;  30.95;  30.90;   403;   615;   121;    29;     1;     0;  -115;  -115;  -0.2; drag-lps8-03; 7; 8; 125000; 19089
2023-06-19 07:09:30; hka-aqm-am123;  31.00;  30.97;   400;   619;   240;    67;     1;     0;  -118;  -118;  -3.2; drag-lps8-05; 3; 8; 125000; 19090
2023-06-19 07:11:09; hka-aqm-am123;  31.08;  30.90;   404;   606;   148;    36;     1;     0;  -115;  -115;   1.2; drag-lps8-05; 5; 8; 125000; 19091
2023-06-19 07:17:50; hka-aqm-am123;  31.10;  30.83;   408;   630;   328;    94;     0;     0;  -112;  -112;   3.0; drag-lps8-03; 1; 8; 125000; 19092
2023-06-19 07:18:30; hka-aqm-am123;  31.15;  30.87;   408;   623;   482;   145;     1;     0;  -119;  -119;  -3.8; drag-lps8-05; 3; 8; 125000; 19093
2023-06-19 07:22:51; hka-aqm-am123;  31.21;  30.94;   405;   620;   632;   188;     0;     0;  -115;  -115;   1.8; drag-lps8-05; 7; 8; 125000; 19094
2023-06-19 07:25:49; hka-aqm-am123;  31.33;  30.87;   411;   606;   598;   174;     1;     0;  -114;  -114;   1.5; drag-lps8-05; 2; 8; 125000; 19095
2023-06-19 07:26:11; hka-aqm-am123;  31.32;  30.94;   408;   588;   727;   215;     0;     0;  -112;  -112;   1.2; drag-lps8-03; 6; 8; 125000; 19096
2023-06-19 07:30:10; hka-aqm-am123;  31.41;  30.63;   403;   619;   585;   168;     0;     0;  -118;  -118;  -4.5; drag-lps8-05; 5; 8; 125000; 19097
2023-06-19 07:45:17; hka-aqm-am123;  31.83;  30.19;   409;   633;   963;   284;     1;     0;  -115;  -115;   0.8; drag-lps8-05; 0; 8; 125000; 19098
2023-06-19 07:52:31; hka-aqm-am123;  32.18;  30.13;   408;   625;   836;   239;     1;     0;  -116;  -116;  -0.5; drag-lps8-05; 4; 8; 125000; 19099
2023-06-19 07:54:11; hka-aqm-am123;  32.25;  30.09;   402;   659;   699;   196;     0;     0;  -117;  -117;  -0.2; drag-lps8-05; 5; 8; 125000; 19100
2023-06-19 07:54:50; hka-aqm-am123;  32.18;  30.09;   400;   651;   781;   222;     0;     0;  -117;  -117;  -2.0; drag-lps8-05; 6; 8; 125000; 19101
2023-06-19 07:55:12; hka-aqm-am123;  32.26;  30.09;   399;   645;   853;   243;     0;     0;  -119;  -119;  -0.8; drag-lps8-05; 4; 8; 125000; 19102
2023-06-19 07:56:10; hka-aqm-am123;  32.28;  30.06;   402;   646;   956;   275;     0;     0;  -115;  -115;   1.2; drag-lps8-05; 0; 8; 125000; 19103
2023-06-19 08:05:12; hka-aqm-am123;  32.55;  29.82;   406;   627;   980;   278;     1;     0;  -115;  -115;  -2.2; drag-lps8-03; 1; 8; 125000; 19104
2023-06-19 08:05:51; hka-aqm-am123;  32.58;  29.82;   403;   634;   906;   255;     0;     0;  -114;  -114;   0.8; drag-lps8-05; 2; 8; 125000; 19105
2023-06-19 08:06:31; hka-aqm-am123;  32.53;  29.75;   402;   636;  1034;   294;     0;     0;  -117;  -117;  -1.8; drag-lps8-03; 7; 8; 125000; 19106
2023-06-19 08:07:10; hka-aqm-am123;  32.63;  29.75;   401;   630;   974;   274;     0;     0;  -121;  -121;  -6.0; drag-lps8-05; 3; 8; 125000; 19107
2023-06-19 08:07:31; hka-aqm-am123;  32.61;  29.75;   400;   627;   877;   245;     0;     0;  -114;  -114; nan; drag-lps8-05; 1; 8; 125000; 19108
2023-06-19 08:08:30; hka-aqm-am123;  32.67;  29.75;   400;   638;   898;   250;     0;     0;  -117;  -117;  -1.2; drag-lps8-05; 0; 8; 125000; 19109
2023-06-19 08:08:51; hka-aqm-am123;  32.67;  29.75;   400;   637;  1049;   296;     0;     0;  -117;  -117;  -1.2; drag-lps8-05; 5; 8; 125000; 19110
2023-06-19 08:23:57; hka-aqm-am123;  33.32;  29.14;   415;   684;  1066;   292;     1;     0;  -119;  -119;  -0.8; drag-lps8-05; 7; 8; 125000; 19111
2023-06-19 08:36:09; hka-aqm-am123;  33.80;  28.67;   404;   645;  1023;   276;     1;     0;  -113;  -113;   1.0; drag-lps8-03; 2; 8; 125000; 19112
2023-06-19 08:38:32; hka-aqm-am123;  33.85;  28.67;   409;   667;  1139;   307;     1;     0;  -117;  -117;  -2.8; drag-lps8-05; 6; 8; 125000; 19113
2023-06-19 08:41:09; hka-aqm-am123;  34.00;  28.60;   409;   704;  1166;   313;     0;     0;  -115;  -115;  -1.2; drag-lps8-05; 4; 8; 125000; 19114
2023-06-19 08:42:52; hka-aqm-am123;  34.02;  28.40;   406;   718;  1052;   280;     0;     0;  -115;  -115;  -1.2; drag-lps8-03; 3; 8; 125000; 19115
2023-06-19 08:43:29; hka-aqm-am123;  34.03;  28.50;   409;   726;   956;   251;     0;     0;  -119;  -119;   0.5; drag-lps8-05; 0; 8; 125000; 19116
2023-06-19 08:44:10; hka-aqm-am123;  34.09;  28.53;   404;   701;  1136;   304;     0;     0;  -117;  -117;  -4.2; drag-lps8-05; 3; 8; 125000; 19117
2023-06-19 08:44:30; hka-aqm-am123;  34.09;  28.53;   403;   699;  1204;   325;     0;     0;  -111;  -111;   1.5; drag-lps8-03; 5; 8; 125000; 19118
2023-06-19 08:44:50; hka-aqm-am123;  34.15;  28.40;   402;   699;  1153;   311;     0;     0;  -112;  -112;   1.5; drag-lps8-03; 4; 8; 125000; 19119
2023-06-19 08:45:11; hka-aqm-am123;  34.13;  28.43;   402;   684;  1217;   329;     0;     0;  -116;  -116;  -1.8; drag-lps8-03; 6; 8; 125000; 19120
2023-06-19 08:45:30; hka-aqm-am123;  34.16;  28.47;   402;   663;  1141;   305;     0;     0;  -115;  -115;  -1.0; drag-lps8-05; 1; 8; 125000; 19121
2023-06-19 08:45:51; hka-aqm-am123;  34.24;  28.36;   402;   663;   873;   228;     0;     0;  -114;  -114;   1.8; drag-lps8-03; 7; 8; 125000; 19122
2023-06-19 08:46:29; hka-aqm-am123;  34.14;  28.47;   406;   668;   701;   176;     0;     0;  -116;  -116;  -1.5; drag-lps8-05; 2; 8; 125000; 19123
2023-06-19 08:46:49; hka-aqm-am123;  34.16;  28.23;   404;   674;   799;   203;     0;     0;  -116;  -116;  -2.0; drag-lps8-05; 1; 8; 125000; 19124
2023-06-19 08:47:10; hka-aqm-am123;  34.23;  28.40;   404;   688;   956;   250;     0;     0;  -120;  -120;  -2.2; drag-lps8-05; 7; 8; 125000; 19125
2023-06-19 08:47:32; hka-aqm-am123;  34.26;  28.40;   404;   702;   754;   192;     0;     0;  -118;  -118;  -2.8; drag-lps8-03; 3; 8; 125000; 19126
2023-06-19 08:48:52; hka-aqm-am123;  34.24;  28.47;   407;   669;   899;   235;     0;     0;  -118;  -118;  -2.8; drag-lps8-05; 5; 8; 125000; 19127
2023-06-19 08:49:10; hka-aqm-am123;  34.25;  28.47;   406;   682;  1084;   286;     0;     0;  -116;  -116;  -0.5; drag-lps8-05; 2; 8; 125000; 19128
2023-06-19 08:49:49; hka-aqm-am123;  34.24;  28.33;   409;   687;   985;   257;     0;     0;  -113;  -113;   2.2; drag-lps8-03; 0; 8; 125000; 19129
2023-06-19 08:50:10; hka-aqm-am123;  34.24;  28.33;   407;   689;   625;   156;     0;     0;  -117;  -117;  -1.0; drag-lps8-05; 4; 8; 125000; 19130
2023-06-19 08:51:11; hka-aqm-am123;  34.27;  28.40;   403;   705;   745;   190;     0;     0;  -112;  -112;   0.2; drag-lps8-03; 6; 8; 125000; 19131
2023-06-19 08:51:31; hka-aqm-am123;  34.24;  28.36;   402;   706;   829;   214;     0;     0;  -120;  -120;  -4.8; drag-lps8-05; 3; 8; 125000; 19132
2023-06-19 08:51:50; hka-aqm-am123;  34.24;  28.40;   402;   700;  1222;   325;     0;     0;  -116;  -116;  -0.2; drag-lps8-05; 0; 8; 125000; 19133
2023-06-19 08:52:11; hka-aqm-am123;  34.26;  28.40;   402;   695;  1283;   344;     0;     0;  -119;  -119;  -1.0; drag-lps8-05; 4; 8; 125000; 19134
2023-06-19 08:52:31; hka-aqm-am123;  34.30;  28.47;   402;   692;  1352;   364;     0;     0;  -113;  -113;   1.5; drag-lps8-03; 2; 8; 125000; 19135
2023-06-19 08:52:51; hka-aqm-am123;  34.32;  28.40;   402;   663;  1155;   307;     0;     0;  -117;  -117;  -2.8; drag-lps8-05; 6; 8; 125000; 19136
2023-06-19 08:53:29; hka-aqm-am123;  34.34;  28.40;   406;   690;  1215;   324;     1;     0;  -120;  -120;  -1.2; drag-lps8-05; 7; 8; 125000; 19137
2023-06-19 08:53:51; hka-aqm-am123;  34.34;  28.19;   405;   694;   876;   229;     0;     0;  -118;  -118;  -1.0; drag-lps8-05; 5; 8; 125000; 19138
2023-06-19 08:54:11; hka-aqm-am123;  34.30;  28.19;   405;   694;   536;   134;     0;     0;  -117;  -117;  -2.2; drag-lps8-05; 1; 8; 125000; 19139
2023-06-19 08:54:31; hka-aqm-am123;  34.27;  28.06;   404;   689;   458;   114;     0;     0;  -115;  -115;   2.0; drag-lps8-03; 0; 8; 125000; 19140
2023-06-19 08:55:31; hka-aqm-am123;  34.29;  28.30;   411;   708;   372;    94;     0;     0;  -116;  -116;  -1.5; drag-lps8-05; 1; 8; 125000; 19141
2023-06-19 09:10:38; hka-aqm-am123;  34.24;  28.74;   405;   731;   162;    40;     1;     0;  -115;  -115;  -2.0; drag-lps8-03; 5; 8; 125000; 19142
2023-06-19 09:25:44; hka-aqm-am123;  34.04;  29.11;   404;   621;   187;    46;     1;     0;  -115;  -115;   1.0; drag-lps8-03; 4; 8; 125000; 19143
2023-06-19 09:34:31; hka-aqm-am123;  33.82;  29.42;   403;   706;   334;    82;     1;     0;  -114;  -114;  -1.5; drag-lps8-03; 2; 8; 125000; 19144
2023-06-19 09:47:31; hka-aqm-am123;  33.61;  29.62;   404;   657;   469;   115;     1;     0;  -118;  -118;  -4.0; drag-lps8-03; 3; 8; 125000; 19145
2023-06-19 09:56:51; hka-aqm-am123;  33.68;  29.69;   399;   687;   483;   115;     1;     2;  -114;  -114;  -1.0; drag-lps8-03; 6; 8; 125000; 19146
2023-06-19 09:57:31; hka-aqm-am123;  33.63;  29.72;   399;   652;   548;   133;     0;     1;  -123;  -123;  -5.2; drag-lps8-05; 4; 8; 125000; 19148
2023-06-19 09:59:49; hka-aqm-am123;  33.68;  29.69;   399;   665;   681;   164;     1;     1;  -126;  -126;  -7.0; drag-lps8-05; 7; 8; 125000; 19149
2023-06-19 10:00:10; hka-aqm-am123;  33.69;  29.69;   398;   700;   787;   193;     0;     1;  -118;  -118;  -0.8; drag-lps8-03; 0; 8; 125000; 19150
2023-06-19 10:00:30; hka-aqm-am123;  33.72;  29.69;   398;   682;   982;   245;     0;     0;  -115;  -115;   0.2; drag-lps8-03; 5; 8; 125000; 19151
2023-06-19 10:01:29; hka-aqm-am123;  33.74;  29.69;   401;   671;   888;   219;     0;     0;  -117;  -117;  -3.8; drag-lps8-03; 3; 8; 125000; 19152
2023-06-19 10:01:49; hka-aqm-am123;  33.75;  29.55;   399;   670;  1045;   262;     0;     0;  -114;  -114;  -0.8; drag-lps8-03; 1; 8; 125000; 19153
2023-06-19 10:02:09; hka-aqm-am123;  33.73;  29.65;   398;   671;  1169;   295;     0;     0;  -119;  -119;  -4.8; drag-lps8-05; 6; 8; 125000; 19154
2023-06-19 10:02:29; hka-aqm-am123;  33.77;  29.65;   397;   693;  1117;   280;     0;     0;  -116;  -116;  -1.0; drag-lps8-03; 2; 8; 125000; 19155
2023-06-19 10:02:49; hka-aqm-am123;  33.80;  29.62;   396;   699;  1202;   304;     0;     0;  -120;  -120;  -1.5; drag-lps8-05; 0; 8; 125000; 19156
2023-06-19 10:03:12; hka-aqm-am123;  33.81;  29.62;   396;   686;  1043;   260;     0;     0;  -115;  -115;   0.5; drag-lps8-03; 5; 8; 125000; 19157
2023-06-19 10:05:51; hka-aqm-am123;  33.86;  29.55;   398;   666;   925;   229;     1;     0;  -124;  -124;  -4.8; drag-lps8-05; 7; 8; 125000; 19158
2023-06-19 10:06:30; hka-aqm-am123;  33.82;  29.55;   398;   694;   831;   204;     0;     0;  -122;  -122;  -5.2; drag-lps8-05; 4; 8; 125000; 19159
2023-06-19 10:07:11; hka-aqm-am123;  33.84;  29.55;   398;   709;   840;   206;     1;     0;  -116;  -116;  -1.5; drag-lps8-03; 2; 8; 125000; 19160
2023-06-19 10:08:11; hka-aqm-am123;  33.93;  29.52;   401;   692;   936;   232;     1;     0;  -120;  -120;  -7.0; drag-lps8-05; 3; 8; 125000; 19161
2023-06-19 10:08:50; hka-aqm-am123;  33.96;  29.48;   404;   687;  1026;   256;     0;     0;  -117;  -117;  -2.2; drag-lps8-05; 1; 8; 125000; 19162
2023-06-19 10:09:31; hka-aqm-am123;  34.00;  29.42;   401;   670;   888;   220;     0;     0;  -119;  -119;  -4.2; drag-lps8-05; 6; 8; 125000; 19163
2023-06-19 10:09:51; hka-aqm-am123;  33.99;  29.35;   400;   668;   733;   178;     0;     0;  -120;  -120;  -2.2; drag-lps8-05; 4; 8; 125000; 19164
2023-06-19 10:10:10; hka-aqm-am123;  33.96;  29.42;   399;   669;   560;   133;     0;     0;  -121;  -121;  -6.8; drag-lps8-05; 3; 8; 125000; 19165
2023-06-19 10:10:31; hka-aqm-am123;  33.96;  29.42;   399;   682;   635;   153;     0;     0;  -118;  -118;  -1.5; drag-lps8-05; 0; 8; 125000; 19166
2023-06-19 10:11:10; hka-aqm-am123;  34.03;  29.42;   399;   682;   478;   112;     0;     0;  -120;  -120;  -3.0; drag-lps8-05; 7; 8; 125000; 19167
2023-06-19 10:25:11; hka-aqm-am123;  33.98;  29.45;   401;   700;   612;   146;     1;     0;  -112;  -112;   1.2; drag-lps8-03; 2; 8; 125000; 19168
2023-06-19 10:25:31; hka-aqm-am123;  33.98;  29.48;   401;   697;   725;   177;     0;     0;  -112;  -112;   0.8; drag-lps8-03; 1; 8; 125000; 19169
2023-06-19 10:26:11; hka-aqm-am123;  34.02;  29.48;   404;   689;   358;    84;     0;     0;  -116;  -116;  -3.2; drag-lps8-03; 6; 8; 125000; 19170
2023-06-19 10:27:50; hka-aqm-am123;  34.05;  29.42;   402;   685;   479;   111;     0;     0;  -118;  -118;  -3.5; drag-lps8-05; 5; 8; 125000; 19171
2023-06-19 10:28:31; hka-aqm-am123;  34.00;  29.45;   402;   689;   381;    89;     0;     0;  -112;  -112;   2.5; drag-lps8-03; 1; 8; 125000; 19172
2023-06-19 10:28:51; hka-aqm-am123;  34.04;  29.48;   401;   679;   314;    70;     0;     0;  -121;  -121;  -3.2; drag-lps8-05; 4; 8; 125000; 19173
2023-06-19 10:29:11; hka-aqm-am123;  34.07;  29.48;   401;   675;   651;   158;     0;     0;  -113;  -113;   0.8; drag-lps8-03; 3; 8; 125000; 19174
2023-06-19 10:29:51; hka-aqm-am123;  34.00;  29.48;   400;   679;   855;   208;     1;     0;  -116;  -116;  -1.5; drag-lps8-05; 2; 8; 125000; 19175
2023-06-19 10:31:12; hka-aqm-am123;  34.03;  29.42;   404;   660;   732;   178;     1;     0;  -111;  -111;   0.8; drag-lps8-03; 6; 8; 125000; 19176
2023-06-19 10:31:30; hka-aqm-am123;  34.09;  29.25;   403;   657;   992;   243;     0;     0;  -113;  -113;   1.8; drag-lps8-03; 7; 8; 125000; 19177
2023-06-19 10:36:30; hka-aqm-am123;  34.16;  29.42;   403;   699;   571;   133;     1;     0;  -114;  -114;   3.0; drag-lps8-03; 0; 8; 125000; 19178
2023-06-19 10:36:51; hka-aqm-am123;  34.16;  29.42;   401;   695;   325;    74;     0;     0;  -112;  -112;   2.2; drag-lps8-03; 5; 8; 125000; 19179
2023-06-19 10:37:31; hka-aqm-am123;  34.14;  29.38;   404;   690;   837;   204;     1;     0;  -118;  -118;  -5.0; drag-lps8-05; 6; 8; 125000; 19180
2023-06-19 10:38:52; hka-aqm-am123;  34.20;  29.42;   400;   682;   354;    80;     0;     0;  -111;  -111;   4.5; drag-lps8-03; 4; 8; 125000; 19181
2023-06-19 10:39:10; hka-aqm-am123;  34.24;  29.42;   398;   675;   799;   193;     0;     0;  -120;  -120;  -2.5; drag-lps8-05; 7; 8; 125000; 19182
2023-06-19 10:39:31; hka-aqm-am123;  34.27;  29.28;   398;   674;   645;   153;     0;     0;  -121;  -121;  -6.2; drag-lps8-05; 3; 8; 125000; 19183
2023-06-19 10:39:50; hka-aqm-am123;  34.24;  29.14;   398;   676;   744;   179;     0;     0;  -115;  -115;  -0.8; drag-lps8-05; 2; 8; 125000; 19184
2023-06-19 10:43:09; hka-aqm-am123;  34.25;  29.35;   405;   696;   731;   176;     0;     0;  -113;  -113;   2.8; drag-lps8-03; 5; 8; 125000; 19185
2023-06-19 10:43:51; hka-aqm-am123;  34.25;  29.35;   401;   701;   607;   147;     0;     0;  -118;  -118;  -0.5; drag-lps8-05; 0; 8; 125000; 19186
2023-06-19 10:44:11; hka-aqm-am123;  34.27;  29.35;   400;   689;   669;   162;     0;     0;  -112;  -112;   1.5; drag-lps8-03; 1; 8; 125000; 19187
2023-06-19 10:44:31; hka-aqm-am123;  34.31;  29.35;   399;   685;   341;    77;     0;     0;  -112;  -112;   2.0; drag-lps8-03; 6; 8; 125000; 19188
2023-06-19 10:45:31; hka-aqm-am123;  34.29;  29.38;   408;   686;   699;   169;     0;     0;  -117;  -117;   0.2; drag-lps8-05; 0; 8; 125000; 19189
2023-06-19 10:45:50; hka-aqm-am123;  34.32;  29.38;   406;   730;   441;   102;     0;     0;  -112;  -112;   1.0; drag-lps8-03; 2; 8; 125000; 19190
2023-06-19 10:46:51; hka-aqm-am123;  34.32;  29.38;   403;   691;   504;   121;     1;     0;  -120;  -120;  -1.5; drag-lps8-05; 7; 8; 125000; 19191
2023-06-19 10:47:11; hka-aqm-am123;  34.28;  29.14;   402;   689;   774;   189;     1;     0;  -116;  -116;  -1.5; drag-lps8-05; 1; 8; 125000; 19192
2023-06-19 10:49:10; hka-aqm-am123;  34.33;  29.28;   400;   699;   508;   120;     0;     0;  -119;  -119;  -1.8; drag-lps8-05; 5; 8; 125000; 19193
2023-06-19 10:49:31; hka-aqm-am123;  34.27;  29.28;   399;   694;   430;    99;     0;     0;  -119;  -119;  -1.2; drag-lps8-05; 4; 8; 125000; 19194
2023-06-19 10:49:50; hka-aqm-am123;  34.29;  29.28;   399;   691;   328;    74;     0;     0;  -120;  -120;  -5.0; drag-lps8-05; 3; 8; 125000; 19195
2023-06-19 10:53:51; hka-aqm-am123;  34.31;  29.35;   402;   694;   563;   134;     0;     0;  -120;  -120;  -2.5; drag-lps8-03; 0; 8; 125000; 19196
2023-06-19 10:54:11; hka-aqm-am123;  34.29;  29.35;   402;   694;   630;   152;     0;     0;  -118;  -118;  -3.2; drag-lps8-05; 6; 8; 125000; 19197
2023-06-19 10:54:50; hka-aqm-am123;  34.30;  29.28;   402;   696;   504;   119;     0;     0;  -117;  -117;  -2.0; drag-lps8-03; 4; 8; 125000; 19198
2023-06-19 10:55:10; hka-aqm-am123;  34.34;  29.28;   402;   696;   432;   102;     1;     0;  -120;  -120;  -5.2; drag-lps8-05; 3; 8; 125000; 19199
2023-06-19 10:55:50; hka-aqm-am123;  34.28;  29.31;   402;   683;   550;   130;     1;     0;  -119;  -119;  -1.8; drag-lps8-03; 5; 8; 125000; 19200
2023-06-19 10:56:30; hka-aqm-am123;  34.31;  29.08;   406;   685;   660;   159;     0;     0;  -115;  -115;  -1.8; drag-lps8-05; 1; 8; 125000; 19201
2023-06-19 10:56:50; hka-aqm-am123;  34.32;  29.21;   404;   688;   770;   186;     0;     0;  -120;  -120;  -1.5; drag-lps8-05; 7; 8; 125000; 19202
2023-06-19 10:57:11; hka-aqm-am123;  34.32;  29.25;   403;   688;   659;   157;     0;     0;  -118;  -118;  -4.0; drag-lps8-03; 2; 8; 125000; 19203
2023-06-19 10:58:11; hka-aqm-am123;  34.33;  29.28;   410;   704;   744;   180;     0;     0;  -120;  -120;  -1.5; drag-lps8-05; 7; 8; 125000; 19204
2023-06-19 10:58:31; hka-aqm-am123;  34.32;  29.35;   407;   689;   614;   146;     0;     0;  -122;  -122;  -3.0; drag-lps8-03; 0; 8; 125000; 19205
2023-06-19 10:58:50; hka-aqm-am123;  34.38;  29.31;   405;   685;   796;   193;     0;     0;  -121;  -121;  -3.0; drag-lps8-03; 5; 8; 125000; 19206
2023-06-19 10:59:10; hka-aqm-am123;  34.37;  29.28;   404;   686;   726;   173;     0;     0;  -124;  -124;  -9.5; drag-lps8-03; 6; 8; 125000; 19207
2023-06-19 10:59:51; hka-aqm-am123;  34.32;  29.21;   402;   689;   687;   163;     1;     0;  -122;  -122;  -7.0; drag-lps8-03; 3; 8; 125000; 19208
2023-06-19 11:00:10; hka-aqm-am123;  34.35;  29.21;   401;   692;   754;   180;     1;     0;  -120;  -120;  -5.5; drag-lps8-03; 1; 8; 125000; 19209
2023-06-19 11:00:30; hka-aqm-am123;  34.36;  29.31;   400;   712;   593;   139;     1;     0;  -124;  -124;  -6.5; drag-lps8-03; 2; 8; 125000; 19210
2023-06-19 11:00:51; hka-aqm-am123;  34.38;  29.25;   399;   716;   826;   198;     1;     0;  -118;  -118;  -2.5; drag-lps8-03; 4; 8; 125000; 19211
2023-06-19 11:09:50; hka-aqm-am123;  34.49;  28.87;   405;   691;   601;   140;     1;     0;  -114;  -114;  -0.2; drag-lps8-03; 1; 8; 125000; 19212
2023-06-19 11:10:29; hka-aqm-am123;  34.47;  29.01;   409;   695;   234;    47;     1;     0;  -117;  -117;   0.2; drag-lps8-05; 0; 8; 125000; 19213
2023-06-19 11:10:51; hka-aqm-am123;  34.46;  29.01;   407;   722;   675;   159;     0;     0;  -120;  -120;  -2.5; drag-lps8-05; 7; 8; 125000; 19214
2023-06-19 11:21:11; hka-aqm-am123;  34.56;  28.77;   408;   727;   492;   112;     0;     1;  -114;  -114; nan; drag-lps8-03; 2; 8; 125000; 19215
2023-06-19 11:22:09; hka-aqm-am123;  34.60;  28.74;   416;   726;   565;   131;     0;     0;  -122;  -122;  -6.8; drag-lps8-05; 3; 8; 125000; 19216
2023-06-19 11:28:49; hka-aqm-am123;  34.65;  28.53;   420;   719;   415;    94;     1;     0;  -122;  -122;  -5.5; drag-lps8-05; 4; 8; 125000; 19217
2023-06-19 11:29:30; hka-aqm-am123;  34.67;  28.67;   416;   732;   194;    38;     0;     0;  -112;  -112;   3.0; drag-lps8-03; 5; 8; 125000; 19218
2023-06-19 11:30:49; hka-aqm-am123;  34.65;  28.57;   419;   755;   456;   105;     0;     1;  -112;  -112;   3.5; drag-lps8-03; 6; 8; 125000; 19219
2023-06-19 11:45:55; hka-aqm-am123;  34.63;  28.53;   420;   772;   286;    65;     1;     0;  -114;  -114;   1.5; drag-lps8-03; 2; 8; 125000; 19220
2023-06-19 11:58:10; hka-aqm-am123;  34.59;  28.53;   419;   740;   266;    62;     1;     0;  -113;  -113;   4.5; drag-lps8-03; 0; 8; 125000; 19221
2023-06-19 12:13:16; hka-aqm-am123;  34.43;  28.60;   422;   790;   220;    54;     1;     2;  -118;  -118;  -0.5; drag-lps8-05; 5; 8; 125000; 19222
2023-06-19 12:28:23; hka-aqm-am123;  34.39;  28.60;   430;   766;   347;    84;     1;     2;  -109;  -109;   4.8; drag-lps8-03; 7; 8; 125000; 19223
2023-06-19 12:43:30; hka-aqm-am123;  34.24;  28.53;   426;   767;   280;    67;     1;     2;  -124;  -124;  -6.5; drag-lps8-05; 6; 8; 125000; 19224
2023-06-19 12:53:30; hka-aqm-am123;  34.24;  28.60;   429;   737;   218;    51;     1;     2;  -113;  -113;   2.5; drag-lps8-03; 3; 8; 125000; 19225
2023-06-19 12:55:09; hka-aqm-am123;  34.22;  28.60;   432;   752;   275;    68;     0;     0;  -113;  -113;   4.0; drag-lps8-03; 4; 8; 125000; 19226
2023-06-19 12:56:50; hka-aqm-am123;  34.21;  28.47;   430;   750;   278;    68;     0;     1;  -122;  -122;  -5.0; drag-lps8-05; 1; 8; 125000; 19227
2023-06-19 13:11:56; hka-aqm-am123;  34.14;  28.50;   433;   760;   233;    57;     1;     6;  -118;  -118;  -2.8; drag-lps8-03; 6; 8; 125000; 19228
2023-06-19 13:27:03; hka-aqm-am123;  33.97;  28.81;   459;   803;   203;    50;     1;     6;  -115;  -115;   2.2; drag-lps8-03; 0; 8; 125000; 19229
2023-06-19 13:42:12; hka-aqm-am123;  33.96;  28.94;   482;   845;   290;    73;     1;     6;  -125;  -125;  -6.8; drag-lps8-05; 5; 8; 125000; 19230
2023-06-19 13:57:18; hka-aqm-am123;  33.92;  28.84;   483;   802;   269;    67;     1;     6;  -112;  -112;   2.8; drag-lps8-03; 2; 8; 125000; 19231
2023-06-19 14:12:24; hka-aqm-am123;  33.83;  28.87;   476;   791;   192;    47;     1;     6;  -120;  -120;  -2.0; drag-lps8-03; 7; 8; 125000; 19232
2023-06-19 14:27:32; hka-aqm-am123;  33.77;  28.94;   476;   786;   187;    45;     1;     6;  -123;  -123;  -4.0; drag-lps8-05; 4; 8; 125000; 19233
2023-06-19 14:42:38; hka-aqm-am123;  33.68;  29.01;   486;   819;   199;    48;     1;     6;  -113;  -113;   0.5; drag-lps8-03; 3; 8; 125000; 19234
2023-06-19 14:57:44; hka-aqm-am123;  33.62;  29.01;   514;   817;   213;    53;     1;     6;  -112;  -112;   3.5; drag-lps8-03; 1; 8; 125000; 19235
2023-06-19 14:58:11; hka-aqm-am123;  33.62;  29.01;   512;   815;   209;    52;     1;     6;  -122;  -122;  -5.0; drag-lps8-05; 2; 8; 125000; 19236
2023-06-19 15:13:18; hka-aqm-am123;  33.58;  28.94;   507;   774;   232;    57;     1;     1;  -113;  -113;   1.0; drag-lps8-03; 3; 8; 125000; 19237
2023-06-19 15:28:24; hka-aqm-am123;  33.54;  28.94;   489;   809;   187;    47;     1;     4;  -122;  -122;  -3.5; drag-lps8-05; 5; 8; 125000; 19238
2023-06-19 15:43:31; hka-aqm-am123;  33.57;  28.94;   487;   815;   286;    75;     1;     4;  -111;  -111;   2.8; drag-lps8-03; 1; 8; 125000; 19239
2023-06-19 15:58:37; hka-aqm-am123;  33.57;  28.91;   495;   821;   176;    43;     1;     4;  -122;  -122;  -4.5; drag-lps8-05; 4; 8; 125000; 19240
2023-06-19 16:13:44; hka-aqm-am123;  33.49;  28.94;   495;   818;   172;    43;     1;     4;  -120;  -120;  -4.8; drag-lps8-05; 6; 8; 125000; 19241
2023-06-19 16:15:10; hka-aqm-am123;  33.51;  28.94;   500;   797;   254;    68;     1;     4;  -114;  -114;   2.5; drag-lps8-03; 7; 8; 125000; 19242
2023-06-19 16:15:30; hka-aqm-am123;  33.50;  28.94;   499;   809;   194;    50;     1;     1;  -114;  -114;   3.5; drag-lps8-03; 0; 8; 125000; 19243
2023-06-19 16:16:50; hka-aqm-am123;  33.49;  28.97;   497;   819;   248;    66;     1;     0;  -122;  -122;  -7.2; drag-lps8-05; 3; 8; 125000; 19244
2023-06-19 16:18:51; hka-aqm-am123;  33.52;  28.94;   499;   800;   186;    46;     0;     0;  -122;  -122;  -3.0; drag-lps8-05; 4; 8; 125000; 19245
2023-06-19 16:33:58; hka-aqm-am123;  33.46;  28.94;   495;   809;   171;    43;     1;     2;  -122;  -122;  -3.8; drag-lps8-05; 5; 8; 125000; 19246
2023-06-19 16:49:04; hka-aqm-am123;  33.38;  28.94;   493;   811;    92;    21;     1;     3;  -120;  -120;  -5.5; drag-lps8-05; 6; 8; 125000; 19247
2023-06-19 17:04:11; hka-aqm-am123;  33.24;  29.01;   503;   815;   119;    29;     1;     3;  -111;  -111;   3.5; drag-lps8-03; 7; 8; 125000; 19248
2023-06-19 17:19:18; hka-aqm-am123;  33.20;  29.08;   493;   805;    76;    18;     1;     3;  -120;  -120;  -5.2; drag-lps8-05; 2; 8; 125000; 19249
2023-06-19 17:34:24; hka-aqm-am123;  33.11;  29.14;   494;   795;   130;    33;     1;     3;  -121;  -121;  -5.8; drag-lps8-05; 1; 8; 125000; 19250
2023-06-19 17:49:31; hka-aqm-am123;  33.08;  29.14;   499;   804;   130;    32;     1;     3;  -121;  -121;  -2.2; drag-lps8-05; 0; 8; 125000; 19251
2023-06-19 18:04:38; hka-aqm-am123;  33.02;  29.11;   500;   825;   180;    46;     1;     3;  -122;  -122;  -4.2; drag-lps8-05; 2; 8; 125000; 19252
2023-06-19 18:19:44; hka-aqm-am123;  33.10;  29.21;   500;   806;   160;    41;     1;     3;  -111;  -111;   2.2; drag-lps8-03; 5; 8; 125000; 19253
2023-06-19 18:34:51; hka-aqm-am123;  33.02;  29.14;   503;   813;    75;    16;     1;     3;  -126;  -126;  -7.8; drag-lps8-05; 6; 8; 125000; 19254
2023-06-19 18:49:58; hka-aqm-am123;  32.96;  29.21;   498;   804;    87;    22;     1;     3;  -113;  -113;   3.8; drag-lps8-03; 4; 8; 125000; 19255
2023-06-19 19:05:04; hka-aqm-am123;  32.90;  29.28;   503;   828;    70;    16;     1;     3;  -120;  -120;  -5.5; drag-lps8-05; 1; 8; 125000; 19256
2023-06-19 19:20:11; hka-aqm-am123;  32.88;  29.28;   506;   795;   147;    40;     1;     3;  -123;  -123;  -3.8; drag-lps8-05; 0; 8; 125000; 19257
2023-06-19 19:35:17; hka-aqm-am123;  32.88;  29.35;   513;   819;   131;    36;     1;     3;  -114;  -114;   0.2; drag-lps8-03; 3; 8; 125000; 19258
2023-06-19 19:50:24; hka-aqm-am123;  32.81;  29.25;   496;   803;    94;    25;     1;     3;  -113;  -113;   3.2; drag-lps8-03; 7; 8; 125000; 19259
2023-06-19 20:05:31; hka-aqm-am123;  32.77;  29.25;   488;   812;    68;    18;     1;     3;  -120;  -120;  -4.2; drag-lps8-05; 4; 8; 125000; 19260
2023-06-19 20:20:37; hka-aqm-am123;  32.70;  29.35;   488;   797;    32;     7;     1;     3;  -113;  -113;   3.0; drag-lps8-03; 3; 8; 125000; 19261
2023-06-19 20:35:44; hka-aqm-am123;  32.58;  29.55;   488;   798;    27;     7;     1;     3;  -112;  -112;   3.2; drag-lps8-03; 2; 8; 125000; 19262
2023-06-19 20:50:51; hka-aqm-am123;  32.51;  29.55;   489;   783;    21;     6;     1;     3;  -109;  -109;   3.0; drag-lps8-03; 6; 8; 125000; 19263
2023-06-19 21:05:57; hka-aqm-am123;  32.42;  29.69;   490;   818;    12;     2;     1;     3;  -120;  -120;  -4.8; drag-lps8-05; 1; 8; 125000; 19264
2023-06-19 21:21:04; hka-aqm-am123;  32.31;  29.75;   482;   813;     7;     1;     1;     3;  -113;  -113;   3.2; drag-lps8-03; 5; 8; 125000; 19265
2023-06-19 21:36:10; hka-aqm-am123;  32.26;  29.79;   482;   799;     7;     2;     1;     3;  -113;  -113;   4.5; drag-lps8-03; 0; 8; 125000; 19266
2023-06-19 21:51:16; hka-aqm-am123;  32.13;  29.96;   490;   816;     5;     0;     1;     3;  -110;  -110;   3.8; drag-lps8-03; 7; 8; 125000; 19267
2023-06-19 22:06:23; hka-aqm-am123;  32.07;  30.02;   478;   793;     7;     2;     1;     3;  -122;  -122;  -4.5; drag-lps8-05; 5; 8; 125000; 19268
2023-06-19 22:21:31; hka-aqm-am123;  32.02;  30.09;   477;   806;     5;     0;     1;     3;  -113;  -113;   3.0; drag-lps8-03; 7; 8; 125000; 19269
2023-06-19 22:36:37; hka-aqm-am123;  31.94;  30.16;   480;   806;     5;     0;     1;     3;  -111;  -111;   3.2; drag-lps8-03; 2; 8; 125000; 19270
2023-06-19 22:51:44; hka-aqm-am123;  31.92;  30.23;   474;   805;     5;     0;     1;     3;  -124;  -124;  -6.8; drag-lps8-05; 6; 8; 125000; 19271
2023-06-19 23:06:51; hka-aqm-am123;  31.89;  30.23;   472;   820;     5;     0;     1;     3;  -120;  -120;  -5.2; drag-lps8-05; 1; 8; 125000; 19272
2023-06-19 23:21:57; hka-aqm-am123;  31.88;  30.26;   477;   793;     7;     2;     1;     3;  -113;  -113;   1.2; drag-lps8-03; 3; 8; 125000; 19273
2023-06-19 23:37:03; hka-aqm-am123;  31.80;  30.33;   476;   796;     5;     0;     1;     3;  -112;  -112;   3.5; drag-lps8-03; 4; 8; 125000; 19274
2023-06-19 23:52:10; hka-aqm-am123;  31.81;  30.36;   471;   802;     5;     0;     1;     3;  -124;  -124;  -3.8; drag-lps8-05; 0; 8; 125000; 19275
