# Logfile LoRaWAN TTN/TTS V3 logger version hka-log V 1.1
date_time;device_id;tmp;hum;CO2;VOC;vis;IR;WIFI;BLE;rssi;channel_rssi;snr;gateway;channel_index;spreading_factor;bandwidth;f_cnt
2023-06-16 00:04:44; hka-aqm-am116;  32.24;  24.64;   441;  1839;     5;     0;     4;     8;  -111;  -111;   2.2; drag-lps8-03; 1; 7; 125000; 1366
2023-06-16 00:19:50; hka-aqm-am116;  32.17;  24.71;   436;  1809;     8;     3;     1;     0;  -109;  -109; nan; drag-lps8-03; 3; 7; 125000; 1367
2023-06-16 00:34:56; hka-aqm-am116;  32.03;  24.85;   436;  1753;     5;     0;     0;     0;  -112;  -112;   4.8; drag-lps8-03; 0; 7; 125000; 1368
2023-06-16 00:50:04; hka-aqm-am116;  31.94;  24.95;   441;  1737;     5;     0;     4;     8;  -102;  -102;   6.0; drag-lps8-05; 6; 7; 125000; 1369
2023-06-16 01:05:10; hka-aqm-am116;  31.83;  25.06;   433;  1758;     6;     1;     2;     0;  -106;  -106;   6.5; drag-lps8-05; 7; 7; 125000; 1370
2023-06-16 01:20:16; hka-aqm-am116;  31.73;  25.19;   431;  1692;     8;     3;     1;     0;  -111;  -111;   5.2; drag-lps8-05; 4; 7; 125000; 1371
2023-06-16 01:35:24; hka-aqm-am116;  31.64;  25.26;   430;  1698;     5;     0;     4;     8;  -102;  -102;   5.8; drag-lps8-05; 2; 7; 125000; 1372
2023-06-16 01:50:30; hka-aqm-am116;  31.57;  25.33;   427;  1682;     5;     0;     2;     0;  -110;  -110;  -1.5; drag-lps8-05; 3; 7; 125000; 1373
2023-06-16 02:05:36; hka-aqm-am116;  31.47;  25.47;   426;  1706;     5;     0;     2;     0;  -111;  -111;   2.2; drag-lps8-03; 1; 7; 125000; 1374
2023-06-16 02:20:43; hka-aqm-am116;  31.38;  25.57;   424;  1631;     5;     0;     4;     8;  -105;  -105;   7.5; drag-lps8-05; 0; 7; 125000; 1375
2023-06-16 02:35:50; hka-aqm-am116;  31.30;  25.67;   423;  1559;     5;     2;     3;     0;  -107;  -107;   5.5; drag-lps8-05; 6; 7; 125000; 1376
2023-06-16 02:50:56; hka-aqm-am116;  31.22;  25.74;   424;  1589;     8;     3;     2;     0;  -108;  -108;   5.5; drag-lps8-05; 5; 7; 125000; 1377
2023-06-16 03:06:02; hka-aqm-am116;  31.13;  25.88;   428;  1534;     5;     1;     4;     8;  -112;  -112;   4.2; drag-lps8-03; 7; 7; 125000; 1378
2023-06-16 03:21:08; hka-aqm-am116;  31.06;  25.95;   430;  1491;     5;     2;     4;     8;  -112;  -112;  -0.8; drag-lps8-03; 3; 7; 125000; 1379
2023-06-16 03:36:15; hka-aqm-am116;  30.99;  26.08;   426;  1490;     5;     0;     4;     0;  -110;  -110;   4.2; drag-lps8-03; 0; 7; 125000; 1380
2023-06-16 03:51:23; hka-aqm-am116;  30.94;  26.15;   430;  1479;     5;     0;     4;     8;  -109;  -109;   4.5; drag-lps8-05; 4; 7; 125000; 1381
2023-06-16 04:06:29; hka-aqm-am116;  30.86;  26.29;   431;  1474;     5;     2;     2;     0;  -102;  -102;   7.5; drag-lps8-05; 1; 7; 125000; 1382
2023-06-16 04:21:35; hka-aqm-am116;  30.80;  26.36;   431;  1438;     5;     0;     1;     0;  -107;  -107;  -1.8; drag-lps8-05; 5; 7; 125000; 1383
2023-06-16 04:36:42; hka-aqm-am116;  30.76;  26.42;   426;  1319;     5;     0;     4;     8;  -109;  -109;   2.8; drag-lps8-03; 2; 7; 125000; 1384
2023-06-16 04:51:49; hka-aqm-am116;  30.68;  26.49;   427;  1366;     6;     1;     1;     0;  -108;  -108;   2.2; drag-lps8-03; 6; 7; 125000; 1385
2023-06-16 05:06:55; hka-aqm-am116;  30.63;  26.63;   423;  1320;    11;     2;     1;     0;  -102;  -102;   7.5; drag-lps8-05; 1; 7; 125000; 1386
2023-06-16 05:22:02; hka-aqm-am116;  30.57;  26.70;   432;  1296;    24;     4;     5;     8;  -105;  -105;   8.2; drag-lps8-05; 0; 7; 125000; 1387
2023-06-16 05:37:09; hka-aqm-am116;  30.52;  26.83;   429;  1278;    45;     9;     0;     0;  -109;  -109;   5.5; drag-lps8-05; 4; 7; 125000; 1388
2023-06-16 05:52:15; hka-aqm-am116;  30.48;  26.90;   438;  1312;    67;    13;     2;     0;  -101;  -101;   6.5; drag-lps8-05; 2; 7; 125000; 1389
2023-06-16 06:07:22; hka-aqm-am116;  30.47;  26.94;   430;  1291;    92;    18;     5;     8;  -106;  -106;   7.0; drag-lps8-05; 7; 7; 125000; 1390
2023-06-16 06:22:28; hka-aqm-am116;  30.44;  26.97;   432;  1245;   115;    22;     4;     0;  -111;  -111;   4.5; drag-lps8-03; 5; 7; 125000; 1391
2023-06-16 06:37:35; hka-aqm-am116;  30.39;  27.58;   459;  1256;   137;    26;     3;     0;  -113;  -113;  -0.8; drag-lps8-03; 6; 7; 125000; 1392
2023-06-16 06:52:42; hka-aqm-am116;  30.40;  27.51;   453;  1210;   163;    31;     5;     8;  -112;  -112; nan; drag-lps8-03; 3; 7; 125000; 1393
2023-06-16 07:07:48; hka-aqm-am116;  30.41;  27.51;   453;  1257;   197;    41;     3;     0;  -116;  -116;  -1.8; drag-lps8-03; 2; 7; 125000; 1394
2023-06-16 07:22:54; hka-aqm-am116;  30.40;  27.45;   455;  1204;   229;    51;     3;     0;  -101;  -101;   8.5; drag-lps8-05; 3; 7; 125000; 1395
2023-06-16 07:38:03; hka-aqm-am116;  30.42;  27.41;   451;  1224;   262;    64;     5;     8;  -114;  -114;  -1.2; drag-lps8-03; 6; 7; 125000; 1396
2023-06-16 07:53:10; hka-aqm-am116;  30.45;  27.34;   452;  1241;   291;    71;     3;    11;   -96;   -96;   8.0; drag-lps8-05; 1; 7; 125000; 1397
2023-06-16 08:08:16; hka-aqm-am116;  30.45;  27.31;   447;  1219;   311;    79;     2;    12;  -100;  -100;   9.5; drag-lps8-05; 4; 7; 125000; 1398
2023-06-16 08:23:22; hka-aqm-am116;  30.52;  27.24;   439;  1251;   340;    89;     5;    18;  -109;  -109;   5.8; drag-lps8-03; 0; 7; 125000; 1399
2023-06-16 08:38:35; hka-aqm-am116;  30.56;  27.17;   446;  1244;   370;   100;     3;     9;  -100;  -100;   7.5; drag-lps8-05; 5; 7; 125000; 1401
2023-06-16 08:53:43; hka-aqm-am116;  30.67;  27.11;   438;  1371;   402;   110;     5;    18;  -100;  -100;   8.5; drag-lps8-05; 6; 7; 125000; 1402
2023-06-16 09:08:56; hka-aqm-am116;  30.71;  26.97;   433;  1244;   423;   118;     3;     2;  -109;  -109;   6.0; drag-lps8-03; 4; 7; 125000; 1404
2023-06-16 09:24:03; hka-aqm-am116;  30.80;  26.90;   432;  1305;   451;   127;     5;    18;   -96;   -96;   7.5; drag-lps8-05; 2; 7; 125000; 1405
2023-06-16 09:39:09; hka-aqm-am116;  30.89;  26.76;   432;  1258;   480;   135;     2;    10;   -99;   -99;   8.5; drag-lps8-05; 0; 7; 125000; 1406
2023-06-16 09:54:16; hka-aqm-am116;  30.96;  26.70;   432;  1382;   502;   141;     1;    15;   -97;   -97;   7.0; drag-lps8-05; 5; 7; 125000; 1407
2023-06-16 10:09:22; hka-aqm-am116;  31.06;  26.59;   434;  1337;   550;   155;     5;    18;  -109;  -109;   3.2; drag-lps8-03; 1; 7; 125000; 1408
2023-06-16 10:24:29; hka-aqm-am116;  31.10;  26.49;   434;  1364;   622;   174;     1;    11;  -108;  -108;   2.5; drag-lps8-03; 3; 7; 125000; 1409
2023-06-16 10:39:35; hka-aqm-am116;  31.23;  26.39;   436;  1370;   736;   201;     3;     8;   -96;   -96;   8.8; drag-lps8-05; 1; 7; 125000; 1410
2023-06-16 10:54:43; hka-aqm-am116;  31.36;  26.22;   444;  1385;   848;   232;     5;    18;   -99;   -99;   7.0; drag-lps8-05; 5; 7; 125000; 1411
2023-06-16 11:09:49; hka-aqm-am116;  31.56;  26.08;   433;  1318;   894;   242;     3;     9;  -102;  -102;   5.2; drag-lps8-03; 2; 7; 125000; 1412
2023-06-16 11:24:55; hka-aqm-am116;  31.67;  25.88;   431;  1387;   896;   243;     3;     1;  -109;  -109;   5.2; drag-lps8-03; 7; 7; 125000; 1413
2023-06-16 11:40:02; hka-aqm-am116;  31.82;  25.60;   430;  1407;   900;   242;     5;    18;  -102;  -102;   8.0; drag-lps8-03; 3; 7; 125000; 1414
2023-06-16 11:55:08; hka-aqm-am116;  32.00;  25.54;   435;  1432;   889;   237;     2;     1;  -100;  -100;   8.2; drag-lps8-03; 4; 7; 125000; 1415
2023-06-16 12:10:14; hka-aqm-am116;  32.17;  25.33;   438;  1468;   881;   232;     1;     1;   -99;   -99;   8.0; drag-lps8-05; 6; 7; 125000; 1416
2023-06-16 12:25:21; hka-aqm-am116;  32.33;  25.09;   444;  1510;   870;   227;     5;    18;  -101;  -101;   8.0; drag-lps8-03; 0; 7; 125000; 1417
2023-06-16 12:40:28; hka-aqm-am116;  32.51;  24.95;   442;  1484;   865;   221;     3;     0;  -102;  -102;   7.8; drag-lps8-03; 1; 7; 125000; 1418
2023-06-16 12:55:34; hka-aqm-am116;  32.68;  24.78;   441;  1511;   861;   217;     2;     0;   -97;   -97;   6.8; drag-lps8-05; 2; 7; 125000; 1419
2023-06-16 13:10:42; hka-aqm-am116;  32.88;  24.58;   447;  1475;   897;   220;     5;    18;  -101;  -101;   8.5; drag-lps8-05; 4; 7; 125000; 1420
2023-06-16 13:25:48; hka-aqm-am116;  33.06;  24.34;   448;  1473;  1024;   248;     3;     0;  -101;  -101;   7.5; drag-lps8-03; 7; 7; 125000; 1421
2023-06-16 13:40:54; hka-aqm-am116;  33.28;  24.10;   448;  1494;  1143;   270;     3;     0;  -103;  -103;   7.2; drag-lps8-05; 3; 7; 125000; 1422
2023-06-16 13:56:03; hka-aqm-am116;  33.44;  23.96;   458;  1548;  1224;   281;     5;    18;  -101;  -101;   8.0; drag-lps8-03; 6; 7; 125000; 1423
2023-06-16 14:10:20; hka-aqm-am116;  33.67;  23.75;   453;  1556;   605;   104;     5;    18;  -101;  -101;   6.5; drag-lps8-05; 5; 7; 125000; 1425
2023-06-16 14:16:41; hka-aqm-am116;  33.60;  23.75;   449;  1593;  1447;   336;     2;     1;  -105;  -105;   7.8; drag-lps8-05; 0; 7; 125000; 1426
2023-06-16 14:18:00; hka-aqm-am116;  33.63;  23.75;   456;  1585;  1051;   225;     2;     0;  -100;  -100;   6.5; drag-lps8-05; 2; 7; 125000; 1428
2023-06-16 14:18:22; hka-aqm-am116;  33.63;  23.75;   453;  1569;   866;   174;     1;     0;   -99;   -99;   8.5; drag-lps8-03; 4; 7; 125000; 1429
2023-06-16 14:19:00; hka-aqm-am116;  33.65;  23.75;   455;  1495;   685;   127;     1;     0;  -100;  -100;   8.0; drag-lps8-05; 1; 7; 125000; 1430
2023-06-16 14:19:21; hka-aqm-am116;  33.64;  23.75;   452;  1517;   593;   104;     2;     0;   -99;   -99;   7.5; drag-lps8-03; 3; 7; 125000; 1431
2023-06-16 14:21:41; hka-aqm-am116;  33.65;  23.75;   446;  1563;  1437;   326;     2;     0;  -100;  -100;   7.2; drag-lps8-05; 6; 7; 125000; 1432
2023-06-16 14:22:20; hka-aqm-am116;  33.65;  23.79;   449;  1579;  1506;   342;     2;     0;  -103;  -103;   7.2; drag-lps8-05; 7; 7; 125000; 1433
2023-06-16 14:33:02; hka-aqm-am116;  33.83;  23.58;   446;  1582;  1343;   297;     4;     2;  -100;  -100;   6.5; drag-lps8-05; 5; 7; 125000; 1434
2023-06-16 14:33:23; hka-aqm-am116;  33.85;  23.58;   445;  1592;  1618;   363;     2;     1;  -105;  -105;   7.5; drag-lps8-05; 4; 7; 125000; 1435
2023-06-16 14:34:42; hka-aqm-am116;  33.86;  23.55;   445;  1602;  1268;   268;     2;     1;  -102;  -102;   8.2; drag-lps8-03; 0; 7; 125000; 1436
2023-06-16 14:35:01; hka-aqm-am116;  33.86;  23.48;   444;  1605;   758;   135;     2;     1;   -99;   -99;   7.2; drag-lps8-03; 7; 7; 125000; 1437
2023-06-16 14:35:42; hka-aqm-am116;  33.85;  23.55;   445;  1621;  1150;   241;     2;     1;  -100;  -100;   7.8; drag-lps8-05; 6; 7; 125000; 1438
2023-06-16 14:36:03; hka-aqm-am116;  33.86;  23.55;   445;  1582;  1492;   331;     2;     1;  -105;  -105;   6.8; drag-lps8-05; 3; 7; 125000; 1439
2023-06-16 14:36:22; hka-aqm-am116;  33.86;  23.55;   445;  1587;  1646;   368;     2;     1;  -103;  -103;   7.2; drag-lps8-03; 1; 7; 125000; 1440
2023-06-16 14:36:41; hka-aqm-am116;  33.85;  23.55;   445;  1589;  1017;   204;     2;     1;  -101;  -101;   6.2; drag-lps8-05; 2; 7; 125000; 1441
2023-06-16 14:37:22; hka-aqm-am116;  33.84;  23.55;   449;  1681;   699;   124;     2;     1;   -99;   -99;   8.0; drag-lps8-03; 4; 7; 125000; 1442
2023-06-16 14:40:02; hka-aqm-am116;  33.86;  23.55;   449;  1563;   830;   155;     2;     0;  -100;  -100;   7.5; drag-lps8-03; 3; 7; 125000; 1443
2023-06-16 14:40:21; hka-aqm-am116;  33.85;  23.51;   448;  1564;   750;   135;     1;     0;  -103;  -103;   5.8; drag-lps8-03; 2; 7; 125000; 1444
2023-06-16 14:41:21; hka-aqm-am116;  33.84;  23.55;   447;  1592;   927;   177;     2;     0;  -102;  -102;   8.8; drag-lps8-05; 0; 7; 125000; 1445
2023-06-16 14:42:21; hka-aqm-am116;  33.86;  23.55;   451;  1595;   762;   137;     2;     0;  -103;  -103;   5.5; drag-lps8-05; 5; 7; 125000; 1446
2023-06-16 14:43:01; hka-aqm-am116;  33.88;  23.55;   450;  1611;  1260;   263;     3;     0;  -103;  -103;   8.2; drag-lps8-03; 7; 7; 125000; 1447
2023-06-16 14:43:23; hka-aqm-am116;  33.86;  23.55;   450;  1608;  1343;   288;     3;     0;  -100;  -100;   8.0; drag-lps8-05; 6; 7; 125000; 1448
2023-06-16 14:43:41; hka-aqm-am116;  33.85;  23.55;   450;  1614;   912;   174;     2;     0;  -100;  -100;   8.8; drag-lps8-05; 1; 7; 125000; 1449
2023-06-16 14:44:03; hka-aqm-am116;  33.86;  23.55;   450;  1610;   824;   154;     2;     0;  -100;  -100;   6.8; drag-lps8-05; 4; 7; 125000; 1450
2023-06-16 14:44:23; hka-aqm-am116;  33.87;  23.51;   450;  1561;   936;   182;     2;     0;  -101;  -101;   7.2; drag-lps8-03; 3; 7; 125000; 1451
2023-06-16 14:45:00; hka-aqm-am116;  33.86;  23.55;   454;  1590;   727;   128;     2;     0;  -102;  -102;   8.2; drag-lps8-05; 0; 7; 125000; 1452
2023-06-16 14:46:21; hka-aqm-am116;  33.87;  23.55;   451;  1638;   871;   164;     2;     0;  -100;  -100;   8.5; drag-lps8-05; 6; 7; 125000; 1453
2023-06-16 14:46:42; hka-aqm-am116;  33.85;  23.55;   450;  1629;   986;   191;     1;     0;  -101;  -101;   7.5; drag-lps8-03; 1; 7; 125000; 1454
2023-06-16 14:47:02; hka-aqm-am116;  33.86;  23.55;   450;  1613;   785;   140;     1;     0;  -102;  -102;   6.2; drag-lps8-05; 5; 7; 125000; 1455
2023-06-16 14:47:22; hka-aqm-am116;  33.86;  23.55;   450;  1634;   935;   178;     1;     0;  -105;  -105;   6.0; drag-lps8-03; 2; 7; 125000; 1456
2023-06-16 14:47:42; hka-aqm-am116;  33.86;  23.51;   449;  1631;  1038;   203;     1;     0;  -103;  -103;   7.5; drag-lps8-03; 7; 7; 125000; 1457
2023-06-16 14:48:02; hka-aqm-am116;  33.88;  23.55;   448;  1627;   818;   147;     1;     0;  -103;  -103;   5.8; drag-lps8-03; 2; 7; 125000; 1458
2023-06-16 14:48:21; hka-aqm-am116;  33.86;  23.48;   448;  1619;  1743;   389;     1;     0;  -100;  -100;   8.0; drag-lps8-05; 1; 7; 125000; 1459
2023-06-16 14:49:21; hka-aqm-am116;  33.89;  23.55;   451;  1630;  1063;   208;     2;     0;  -100;  -100;   6.5; drag-lps8-05; 5; 7; 125000; 1460
2023-06-16 14:49:41; hka-aqm-am116;  33.91;  23.55;   451;  1635;   790;   138;     1;     0;  -103;  -103;   7.5; drag-lps8-03; 3; 7; 125000; 1461
2023-06-16 14:50:21; hka-aqm-am116;  33.90;  23.48;   450;  1588;   752;   129;     2;     0;  -102;  -102;   7.8; drag-lps8-03; 4; 7; 125000; 1462
2023-06-16 14:50:41; hka-aqm-am116;  33.87;  23.51;   450;  1600;  1476;   319;     2;     1;  -103;  -103;   7.5; drag-lps8-03; 7; 7; 125000; 1463
2023-06-16 14:51:01; hka-aqm-am116;  33.90;  23.48;   450;  1593;  1859;   416;     2;     1;  -102;  -102;   7.8; drag-lps8-03; 6; 7; 125000; 1464
2023-06-16 14:52:43; hka-aqm-am116;  33.93;  23.48;   456;  1612;  1150;   230;     3;     0;  -105;  -105;   7.0; drag-lps8-03; 7; 7; 125000; 1466
2023-06-16 14:53:21; hka-aqm-am116;  33.92;  23.48;   459;  1644;   760;   133;     2;     0;  -101;  -101;   6.2; drag-lps8-05; 5; 7; 125000; 1468
2023-06-16 14:54:42; hka-aqm-am116;  33.93;  23.48;   451;  1665;   894;   169;     2;     0;  -100;  -100;   7.8; drag-lps8-03; 4; 7; 125000; 1469
2023-06-16 14:55:01; hka-aqm-am116;  33.92;  23.48;   451;  1665;  1697;   372;     1;     0;  -102;  -102;   6.5; drag-lps8-03; 2; 7; 125000; 1470
2023-06-16 14:55:22; hka-aqm-am116;  33.92;  23.44;   450;  1646;  2007;   453;     0;     0;   -96;   -96;   8.0; drag-lps8-05; 1; 7; 125000; 1471
2023-06-16 14:56:03; hka-aqm-am116;  33.92;  23.44;   451;  1590;  1530;   328;     3;     0;  -102;  -102;   8.0; drag-lps8-03; 3; 7; 125000; 1472
2023-06-16 14:56:40; hka-aqm-am116;  33.94;  23.48;   456;  1613;  1215;   252;     3;     0;   -99;   -99;   9.2; drag-lps8-05; 0; 7; 125000; 1473
2023-06-16 14:57:22; hka-aqm-am116;  33.98;  23.44;   460;  1580;  2127;   480;     2;     0;   -97;   -97;   8.8; drag-lps8-05; 1; 7; 125000; 1474
2023-06-16 14:58:21; hka-aqm-am116;  34.00;  23.41;   460;  1615;  2068;   468;     1;     0;  -102;  -102;   7.8; drag-lps8-05; 6; 7; 125000; 1475
2023-06-16 14:59:01; hka-aqm-am116;  34.03;  23.41;   461;  1593;  1267;   260;     2;     1;  -106;  -106;   5.2; drag-lps8-05; 3; 7; 125000; 1476
2023-06-16 14:59:43; hka-aqm-am116;  34.05;  23.41;   462;  1584;   747;   132;     2;     0;  -100;  -100;   6.8; drag-lps8-03; 5; 7; 125000; 1477
2023-06-16 15:00:42; hka-aqm-am116;  34.02;  23.41;   459;  1617;  1965;   438;     3;     0;  -100;  -100;   7.2; drag-lps8-05; 7; 7; 125000; 1478
2023-06-16 15:01:02; hka-aqm-am116;  33.99;  23.34;   458;  1629;  2146;   485;     2;     0;  -100;  -100;   7.0; drag-lps8-05; 2; 7; 125000; 1479
2023-06-16 15:01:21; hka-aqm-am116;  34.01;  23.41;   457;  1630;  1525;   325;     1;     0;  -102;  -102;   8.5; drag-lps8-05; 4; 7; 125000; 1480
2023-06-16 15:01:43; hka-aqm-am116;  34.03;  23.41;   456;  1605;   822;   148;     1;     0;  -100;  -100;   8.8; drag-lps8-05; 0; 7; 125000; 1481
2023-06-16 15:03:42; hka-aqm-am116;  34.03;  23.37;   457;  1609;  1688;   368;     3;     0;  -101;  -101;   6.2; drag-lps8-05; 5; 7; 125000; 1482
2023-06-16 15:04:02; hka-aqm-am116;  34.05;  23.37;   458;  1618;   861;   155;     3;     0;  -103;  -103;   6.5; drag-lps8-03; 3; 7; 125000; 1484
2023-06-16 15:05:02; hka-aqm-am116;  34.04;  23.41;   462;  1658;   922;   169;     3;     1;  -103;  -103;   6.5; drag-lps8-03; 6; 7; 125000; 1485
2023-06-16 15:05:22; hka-aqm-am116;  34.06;  23.41;   461;  1649;   844;   151;     3;     0;   -99;   -99;   9.8; drag-lps8-05; 1; 7; 125000; 1486
2023-06-16 15:06:40; hka-aqm-am116;  34.04;  23.37;   466;  1614;   926;   170;     3;     0;  -101;  -101;   9.2; drag-lps8-03; 4; 7; 125000; 1487
2023-06-16 15:07:21; hka-aqm-am116;  34.04;  23.41;   460;  1617;  2304;   520;     1;     0;  -103;  -103;   6.8; drag-lps8-05; 2; 7; 125000; 1489
2023-06-16 15:07:42; hka-aqm-am116;  34.05;  23.37;   458;  1681;  2252;   509;     2;     0;  -103;  -103;   7.2; drag-lps8-03; 3; 7; 125000; 1490
2023-06-16 15:10:40; hka-aqm-am116;  34.09;  23.27;   461;  1644;  2252;   507;     2;     1;  -101;  -101;   8.5; drag-lps8-05; 1; 7; 125000; 1491
2023-06-16 15:11:01; hka-aqm-am116;  34.06;  23.27;   460;  1632;  2374;   532;     2;     0;  -100;  -100;   7.0; drag-lps8-03; 4; 7; 125000; 1493
2023-06-16 15:19:42; hka-aqm-am116;  34.35;  23.20;   459;  1681;  2599;   597;     3;     0;  -103;  -103;   8.5; drag-lps8-05; 7; 7; 125000; 1494
2023-06-16 15:21:20; hka-aqm-am116;  34.40;  22.13;   468;  1499;  2818;   662;     1;     0;  -107;  -107;   6.5; drag-lps8-05; 0; 7; 125000; 1495
2023-06-16 15:29:41; hka-aqm-am116;  33.13;  21.06;   418;   777;  2761;   650;     3;     0;  -105;  -105;   6.2; drag-lps8-03; 6; 7; 125000; 1496
2023-06-16 15:30:22; hka-aqm-am116;  32.75;  21.13;   418;   705;  1797;   429;     1;     0;   -97;   -97;   7.0; drag-lps8-05; 5; 7; 125000; 1497
2023-06-16 15:45:28; hka-aqm-am116;  32.06;  22.44;   411;   846;  1950;   469;     1;     0;  -106;  -106;   8.8; drag-lps8-05; 7; 7; 125000; 1498
2023-06-16 16:00:34; hka-aqm-am116;  31.66;  22.03;   399;   558;  2116;   516;     1;     1;  -115;  -115;   0.2; drag-lps8-05; 0; 7; 125000; 1499
2023-06-16 16:03:21; hka-aqm-am116;  31.65;  22.03;   411;   756;   757;   166;     4;     1;  -102;  -102;   7.8; drag-lps8-05; 4; 7; 125000; 1500
2023-06-16 16:03:41; hka-aqm-am116;  31.65;  21.82;   411;   782;   667;   145;     2;     0;  -103;  -103;   7.2; drag-lps8-05; 3; 7; 125000; 1501
2023-06-16 16:04:01; hka-aqm-am116;  31.58;  21.75;   412;   757;   497;   103;     2;     0;  -111;  -111;   3.2; drag-lps8-03; 2; 7; 125000; 1502
2023-06-16 16:04:21; hka-aqm-am116;  31.56;  21.82;   412;   735;   572;   123;     2;     0;  -109;  -109;   2.0; drag-lps8-05; 6; 7; 125000; 1503
2023-06-16 16:05:42; hka-aqm-am116;  31.63;  21.65;   417;   740;   692;   153;     2;     1;  -106;  -106;   5.8; drag-lps8-05; 1; 7; 125000; 1504
2023-06-16 16:06:01; hka-aqm-am116;  31.60;  21.75;   415;   726;   548;   116;     2;     1;  -106;  -106;   6.2; drag-lps8-03; 5; 7; 125000; 1505
2023-06-16 16:06:22; hka-aqm-am116;  31.58;  21.89;   412;   708;   713;   159;     1;     1;  -106;  -106;   4.8; drag-lps8-03; 1; 7; 125000; 1506
2023-06-16 16:06:41; hka-aqm-am116;  31.58;  21.82;   410;   720;   551;   118;     1;     0;  -105;  -105;   5.0; drag-lps8-05; 5; 7; 125000; 1507
2023-06-16 16:07:01; hka-aqm-am116;  31.60;  21.89;   409;   727;   632;   137;     1;     0;  -112;  -112; nan; drag-lps8-05; 2; 7; 125000; 1508
2023-06-16 16:07:22; hka-aqm-am116;  31.59;  21.89;   408;   739;  1500;   371;     1;     0;  -102;  -102;   6.0; drag-lps8-05; 6; 7; 125000; 1509
2023-06-16 16:07:42; hka-aqm-am116;  31.60;  21.89;   408;   809;   671;   148;     1;     0;  -108;  -108;   6.0; drag-lps8-05; 7; 7; 125000; 1510
2023-06-16 16:08:01; hka-aqm-am116;  31.60;  22.03;   408;   783;   558;   119;     3;     0;  -105;  -105;   6.5; drag-lps8-05; 0; 7; 125000; 1511
2023-06-16 16:08:22; hka-aqm-am116;  31.60;  22.03;   409;   805;  1123;   267;     3;     0;  -103;  -103;   7.0; drag-lps8-05; 3; 7; 125000; 1512
2023-06-16 16:08:41; hka-aqm-am116;  31.59;  22.06;   409;   803;   599;   128;     2;     0;   -99;   -99;   8.2; drag-lps8-05; 4; 7; 125000; 1513
2023-06-16 16:09:21; hka-aqm-am116;  31.59;  22.10;   409;   875;  1184;   282;     3;     0;  -100;  -100;   8.8; drag-lps8-05; 6; 7; 125000; 1514
2023-06-16 16:10:02; hka-aqm-am116;  31.58;  21.96;   410;   869;   519;   109;     3;     0;   -98;   -98;   7.0; drag-lps8-05; 5; 7; 125000; 1515
2023-06-16 16:11:02; hka-aqm-am116;  31.57;  21.99;   412;   880;   595;   128;     3;     0;  -101;  -101;   8.2; drag-lps8-03; 4; 7; 125000; 1516
2023-06-16 16:11:21; hka-aqm-am116;  31.56;  21.89;   412;   869;   488;   101;     3;     0;  -105;  -105;   7.8; drag-lps8-03; 0; 7; 125000; 1517
2023-06-16 16:14:01; hka-aqm-am116;  31.50;  21.89;   413;   849;   615;   130;     3;     0;  -102;  -102;   8.0; drag-lps8-05; 3; 7; 125000; 1518
2023-06-16 16:14:40; hka-aqm-am116;  31.46;  21.92;   415;   849;  1463;   350;     1;     0;  -100;  -100;   6.5; drag-lps8-05; 2; 7; 125000; 1519
2023-06-16 16:15:00; hka-aqm-am116;  31.46;  21.99;   412;   884;  2152;   527;     3;     0;  -102;  -102;   6.5; drag-lps8-05; 1; 7; 125000; 1520
2023-06-16 16:15:40; hka-aqm-am116;  31.46;  21.96;   410;   866;   877;   200;     3;     0;  -103;  -103;   6.5; drag-lps8-03; 7; 7; 125000; 1521
2023-06-16 16:16:02; hka-aqm-am116;  31.42;  21.96;   410;   826;  2076;   509;     2;     0;  -106;  -106;   7.2; drag-lps8-05; 0; 7; 125000; 1522
2023-06-16 16:17:41; hka-aqm-am116;  31.36;  21.68;   409;   746;  1371;   325;     3;     1;  -107;  -107;   5.8; drag-lps8-05; 1; 7; 125000; 1523
2023-06-16 16:18:02; hka-aqm-am116;  31.31;  21.61;   408;   725;   540;   108;     3;     1;  -105;  -105;   6.2; drag-lps8-05; 6; 7; 125000; 1524
2023-06-16 16:19:21; hka-aqm-am116;  31.20;  21.82;   406;   609;  1428;   343;     4;     0;  -105;  -105;   6.2; drag-lps8-03; 5; 7; 125000; 1525
2023-06-16 16:19:41; hka-aqm-am116;  31.22;  21.82;   403;   618;   598;   124;     4;     0;  -103;  -103;   6.8; drag-lps8-03; 3; 7; 125000; 1526
2023-06-16 16:20:02; hka-aqm-am116;  31.19;  21.82;   401;   655;   525;   106;     2;     0;  -103;  -103;   8.2; drag-lps8-03; 4; 7; 125000; 1527
2023-06-16 16:20:22; hka-aqm-am116;  31.20;  21.82;   400;   658;   470;    93;     1;     0;  -107;  -107;   7.0; drag-lps8-03; 7; 7; 125000; 1528
2023-06-16 16:22:02; hka-aqm-am116;  31.13;  21.96;   404;   650;  1808;   438;     4;     0;  -108;  -108;   4.8; drag-lps8-05; 2; 7; 125000; 1529
2023-06-16 16:25:01; hka-aqm-am116;  31.13;  22.17;   402;   699;  1007;   231;     2;     1;  -103;  -103;   6.8; drag-lps8-03; 6; 7; 125000; 1530
2023-06-16 16:25:21; hka-aqm-am116;  31.08;  22.10;   402;   723;  1181;   277;     1;     0;  -105;  -105;   7.8; drag-lps8-05; 0; 7; 125000; 1531
2023-06-16 16:25:41; hka-aqm-am116;  31.07;  22.24;   403;   696;  1080;   252;     1;     1;  -107;  -107;   3.5; drag-lps8-05; 1; 7; 125000; 1532
2023-06-16 16:26:02; hka-aqm-am116;  31.08;  22.30;   403;   695;   875;   196;     1;     1;  -108;  -108;   7.0; drag-lps8-03; 7; 7; 125000; 1533
2023-06-16 16:26:21; hka-aqm-am116;  31.04;  22.30;   403;   692;   531;   109;     1;     1;  -102;  -102;   6.8; drag-lps8-05; 5; 7; 125000; 1534
2023-06-16 16:26:41; hka-aqm-am116;  31.05;  22.27;   403;   717;   477;    99;     3;     1;  -103;  -103;   8.0; drag-lps8-03; 4; 7; 125000; 1535
2023-06-16 16:29:21; hka-aqm-am116;  30.96;  22.65;   403;   700;   843;   194;     4;     1;  -103;  -103;   6.0; drag-lps8-05; 2; 7; 125000; 1536
2023-06-16 16:29:42; hka-aqm-am116;  30.96;  22.58;   403;   701;   427;    88;     2;     0;  -103;  -103;   8.2; drag-lps8-05; 3; 7; 125000; 1537
2023-06-16 16:32:01; hka-aqm-am116;  30.94;  22.79;   407;   839;   662;   148;     3;     0;  -101;  -101;   7.0; drag-lps8-05; 5; 7; 125000; 1538
2023-06-16 16:32:21; hka-aqm-am116;  30.91;  22.79;   407;   831;   424;    87;     3;     0;  -103;  -103;   7.2; drag-lps8-03; 6; 7; 125000; 1539
2023-06-16 16:34:41; hka-aqm-am116;  30.86;  22.79;   406;   817;   618;   134;     2;     0;  -108;  -108;   5.0; drag-lps8-03; 7; 7; 125000; 1540
2023-06-16 16:35:02; hka-aqm-am116;  30.83;  22.79;   405;   803;  1124;   265;     2;     0;  -101;  -101;   7.5; drag-lps8-05; 3; 7; 125000; 1541
2023-06-16 16:35:40; hka-aqm-am116;  30.83;  22.79;   410;   789;   902;   207;     2;     0;  -111;  -111;   4.0; drag-lps8-03; 0; 7; 125000; 1542
2023-06-16 16:36:01; hka-aqm-am116;  30.72;  22.93;   409;   767;  1034;   238;     2;     0;  -106;  -106;   6.2; drag-lps8-03; 4; 7; 125000; 1543
2023-06-16 16:36:42; hka-aqm-am116;  30.70;  22.93;   408;   871;   465;    93;     2;     0;  -111;  -111;   2.2; drag-lps8-03; 2; 7; 125000; 1544
2023-06-16 16:37:02; hka-aqm-am116;  30.63;  22.86;   407;   890;  1003;   228;     2;     0;   -97;   -97;   7.8; drag-lps8-05; 1; 7; 125000; 1545
2023-06-16 16:37:40; hka-aqm-am116;  30.56;  22.93;   410;   854;  1363;   319;     3;     0;  -109;  -109;   5.8; drag-lps8-03; 0; 7; 125000; 1546
2023-06-16 16:38:01; hka-aqm-am116;  30.40;  23.06;   408;   743;  1422;   332;     0;     0;   -95;   -95;   8.2; drag-lps8-05; 6; 7; 125000; 1547
2023-06-16 16:38:41; hka-aqm-am116;  30.42;  23.10;   406;   633;  1053;   240;     0;     0;   -99;   -99;   8.2; drag-lps8-05; 3; 7; 125000; 1548
2023-06-16 16:39:01; hka-aqm-am116;  30.46;  23.13;   404;   628;   539;   111;     1;     0;  -108;  -108;   5.0; drag-lps8-03; 1; 7; 125000; 1549
2023-06-16 16:39:41; hka-aqm-am116;  30.43;  23.06;   402;   594;   443;    90;     2;     1;  -107;  -107;   6.5; drag-lps8-03; 7; 7; 125000; 1550
2023-06-16 16:40:42; hka-aqm-am116;  30.46;  23.13;   400;   605;  1118;   255;     3;     1;  -103;  -103;   5.8; drag-lps8-03; 5; 7; 125000; 1551
2023-06-16 16:41:01; hka-aqm-am116;  30.50;  23.13;   399;   607;  1366;   317;     1;     0;  -102;  -102;   7.0; drag-lps8-03; 4; 7; 125000; 1552
2023-06-16 16:41:21; hka-aqm-am116;  30.49;  23.13;   399;   650;  1236;   288;     1;     0;  -103;  -103;   5.5; drag-lps8-05; 2; 7; 125000; 1553
2023-06-16 16:41:42; hka-aqm-am116;  30.52;  23.13;   399;   670;  1037;   236;     2;     0;  -105;  -105;   8.2; drag-lps8-03; 4; 7; 125000; 1554
2023-06-16 16:42:01; hka-aqm-am116;  30.53;  23.10;   399;   700;   436;    89;     2;     0;  -106;  -106;   5.8; drag-lps8-03; 5; 7; 125000; 1555
2023-06-16 16:42:42; hka-aqm-am116;  30.51;  23.13;   399;   744;   470;    99;     2;     0;   -99;   -99;   9.0; drag-lps8-05; 7; 7; 125000; 1556
2023-06-16 16:43:01; hka-aqm-am116;  30.51;  23.10;   399;   712;   399;    82;     2;     0;  -103;  -103;   7.0; drag-lps8-03; 6; 7; 125000; 1557
2023-06-16 16:49:00; hka-aqm-am116;  30.46;  22.96;   415;   671;   631;   142;     3;     0;   -97;   -97;   8.2; drag-lps8-05; 1; 7; 125000; 1558
2023-06-16 16:49:20; hka-aqm-am116;  30.47;  22.96;   411;   699;   442;    95;     3;     0;   -99;   -99;   9.0; drag-lps8-05; 0; 7; 125000; 1559
2023-06-16 16:49:41; hka-aqm-am116;  30.49;  22.86;   408;   719;   643;   143;     2;     0;  -103;  -103;   8.0; drag-lps8-03; 3; 7; 125000; 1560
2023-06-16 16:50:21; hka-aqm-am116;  30.43;  23.03;   411;   720;  1018;   238;     2;     1;  -100;  -100;   6.5; drag-lps8-05; 2; 7; 125000; 1561
2023-06-16 16:50:41; hka-aqm-am116;  30.46;  22.99;   409;   709;  1096;   257;     1;     0;   -96;   -96;   8.5; drag-lps8-05; 3; 7; 125000; 1562
2023-06-16 16:55:01; hka-aqm-am116;  30.24;  23.51;   410;   785;   907;   208;     3;     0;   -99;   -99;   9.5; drag-lps8-05; 4; 7; 125000; 1563
2023-06-16 16:55:21; hka-aqm-am116;  30.20;  23.48;   411;  1064;   737;   163;     1;     0;  -103;  -103;   8.0; drag-lps8-05; 0; 7; 125000; 1565
2023-06-16 16:55:42; hka-aqm-am116;  30.23;  23.48;   412;  1313;   963;   223;     3;     0;  -103;  -103;   7.8; drag-lps8-03; 7; 7; 125000; 1567
2023-06-16 16:56:01; hka-aqm-am116;  30.22;  23.48;   412;  1531;   566;   117;     3;     0;  -103;  -103;   6.8; drag-lps8-03; 1; 7; 125000; 1568
2023-06-16 16:56:21; hka-aqm-am116;  30.22;  23.48;   412;  1703;   450;    88;     1;     0;  -101;  -101;   6.8; drag-lps8-05; 2; 7; 125000; 1569
2023-06-16 16:56:41; hka-aqm-am116;  30.24;  23.48;   412;  1823;   936;   215;     2;     0;  -103;  -103;   8.0; drag-lps8-05; 0; 7; 125000; 1570
2023-06-16 16:57:01; hka-aqm-am116;  30.24;  23.48;   413;  1885;   783;   175;     2;     0;  -105;  -105;   5.8; drag-lps8-03; 2; 7; 125000; 1571
2023-06-16 16:57:21; hka-aqm-am116;  30.23;  23.41;   414;  1931;   914;   209;     1;     0;  -102;  -102;   8.2; drag-lps8-05; 6; 7; 125000; 1572
2023-06-16 16:58:42; hka-aqm-am116;  30.18;  23.51;   419;  1632;   941;   215;     2;     0;  -101;  -101;   8.5; drag-lps8-05; 3; 7; 125000; 1573
2023-06-16 16:59:01; hka-aqm-am116;  30.16;  23.41;   419;  1478;   933;   214;     2;     0;  -102;  -102;   8.5; drag-lps8-03; 4; 7; 125000; 1574
2023-06-16 17:07:41; hka-aqm-am116;  30.05;  23.41;   408;   727;   413;    81;     2;     0;  -100;  -100;   6.2; drag-lps8-05; 5; 7; 125000; 1575
2023-06-16 17:09:42; hka-aqm-am116;  30.00;  23.51;   406;   673;   585;   128;     3;     1;  -103;  -103;   7.8; drag-lps8-05; 1; 7; 125000; 1576
2023-06-16 17:10:22; hka-aqm-am116;  30.00;  23.48;   409;   669;   385;    74;     3;     1;  -102;  -102;   9.0; drag-lps8-05; 7; 7; 125000; 1577
2023-06-16 17:11:21; hka-aqm-am116;  29.98;  23.55;   412;   667;   453;    93;     4;     1;  -100;  -100;   8.5; drag-lps8-05; 4; 7; 125000; 1578
2023-06-16 17:12:00; hka-aqm-am116;  29.98;  23.48;   413;   649;   643;   146;     3;     0;  -102;  -102;   8.0; drag-lps8-05; 3; 7; 125000; 1579
2023-06-16 17:27:06; hka-aqm-am116;  29.76;  23.75;   408;   690;   500;   112;     0;     0;  -106;  -106;   4.5; drag-lps8-03; 2; 7; 125000; 1580
2023-06-16 17:27:22; hka-aqm-am116;  29.79;  23.72;   407;   718;   340;    63;     4;     2;  -107;  -107;   5.8; drag-lps8-03; 1; 7; 125000; 1581
2023-06-16 17:27:41; hka-aqm-am116;  29.77;  23.37;   406;   701;   483;   108;     3;     1;  -102;  -102;   5.5; drag-lps8-03; 5; 7; 125000; 1582
2023-06-16 17:39:21; hka-aqm-am116;  29.56;  23.03;   410;   804;   350;    73;     3;     1;  -106;  -106;   5.0; drag-lps8-03; 6; 7; 125000; 1583
2023-06-16 17:50:00; hka-aqm-am116;  29.42;  22.93;   409;   669;   384;    79;     4;     1;  -102;  -102;   8.0; drag-lps8-05; 7; 7; 125000; 1584
2023-06-16 17:50:41; hka-aqm-am116;  29.38;  22.86;   404;   674;   329;    62;     3;     0;  -102;  -102;   5.2; drag-lps8-05; 0; 7; 125000; 1585
2023-06-16 17:52:01; hka-aqm-am116;  29.39;  22.86;   402;   656;   342;    67;     4;     0;  -103;  -103;   6.5; drag-lps8-03; 1; 7; 125000; 1586
2023-06-16 17:52:42; hka-aqm-am116;  29.39;  22.89;   401;   644;   402;    86;     3;     0;  -103;  -103;   5.0; drag-lps8-03; 6; 7; 125000; 1587
2023-06-16 18:00:00; hka-aqm-am116;  29.34;  23.51;   409;   839;   310;    58;     4;     0;  -106;  -106;   4.5; drag-lps8-03; 5; 7; 125000; 1588
2023-06-16 18:00:40; hka-aqm-am116;  29.33;  23.68;   411;   850;   376;    79;     3;     0;  -103;  -103;   6.5; drag-lps8-05; 2; 7; 125000; 1589
2023-06-16 18:15:46; hka-aqm-am116;  29.13;  24.44;   416;   874;   321;    72;     1;     0;  -105;  -105;   6.8; drag-lps8-03; 0; 7; 125000; 1590
2023-06-16 18:30:52; hka-aqm-am116;  28.84;  24.71;   414;   799;   244;    50;     4;     0;  -105;  -105;   7.2; drag-lps8-03; 4; 7; 125000; 1591
2023-06-16 18:39:42; hka-aqm-am116;  28.65;  25.19;   417;   914;   298;    71;     5;     0;  -102;  -102;   8.2; drag-lps8-05; 7; 7; 125000; 1592
2023-06-16 18:42:42; hka-aqm-am116;  28.60;  25.40;   417;  1296;   337;    79;     2;     0;  -103;  -103;   6.5; drag-lps8-03; 3; 7; 125000; 1593
2023-06-16 18:43:01; hka-aqm-am116;  28.60;  25.36;   416;  1467;   335;    76;     3;     0;  -104;  -104;   6.2; drag-lps8-03; 5; 7; 125000; 1594
2023-06-16 18:48:21; hka-aqm-am116;  28.59;  25.30;   422;  2023;   303;    66;     4;     0;  -112;  -112;   3.0; drag-lps8-03; 1; 7; 125000; 1595
2023-06-16 18:49:02; hka-aqm-am116;  28.63;  25.26;   425;  2413;   294;    64;     1;     0;  -102;  -102;   8.8; drag-lps8-05; 4; 7; 125000; 1596
2023-06-16 18:49:21; hka-aqm-am116;  28.62;  25.26;   423;  2648;   289;    63;     2;     0;  -114;  -114;   1.2; drag-lps8-03; 7; 7; 125000; 1597
2023-06-16 18:53:20; hka-aqm-am116;  28.42;  25.47;   419;  1849;   252;    52;     3;     0;  -100;  -100;   8.8; drag-lps8-05; 3; 7; 125000; 1598
2023-06-16 19:08:26; hka-aqm-am116;  27.93;  26.39;   453;  1756;   217;    44;     3;     0;  -103;  -103;   9.0; drag-lps8-05; 0; 7; 125000; 1599
2023-06-16 19:23:32; hka-aqm-am116;  27.39;  27.14;   481;  1915;   179;    36;     0;     0;  -106;  -106;   5.2; drag-lps8-03; 2; 7; 125000; 1600
2023-06-16 19:38:38; hka-aqm-am116;  27.13;  27.58;   500;  2026;   152;    32;     3;     0;  -105;  -105;   6.5; drag-lps8-03; 6; 7; 125000; 1601
2023-06-16 19:53:45; hka-aqm-am116;  27.20;  27.45;   526;  2175;   111;    20;     2;     0;  -105;  -105;   8.5; drag-lps8-05; 0; 7; 125000; 1602
2023-06-16 20:08:51; hka-aqm-am116;  27.87;  26.76;   539;  2218;    94;    20;     0;     0;  -111;  -111;   3.0; drag-lps8-03; 2; 7; 125000; 1603
2023-06-16 20:23:57; hka-aqm-am116;  28.42;  26.42;   569;  2215;    70;    14;     2;     0;  -107;  -107;   3.5; drag-lps8-05; 6; 7; 125000; 1604
2023-06-16 20:39:03; hka-aqm-am116;  28.92;  26.18;   592;  2153;    49;    12;     5;     2;  -105;  -105;   5.5; drag-lps8-03; 5; 7; 125000; 1605
2023-06-16 20:54:10; hka-aqm-am116;  29.28;  26.01;   579;  1995;    36;    10;     4;     0;  -111;  -111;   5.0; drag-lps8-03; 7; 7; 125000; 1606
2023-06-16 21:09:16; hka-aqm-am116;  29.60;  25.88;   568;  1926;    20;     4;     1;     0;  -107;  -107;   7.0; drag-lps8-03; 4; 7; 125000; 1607
2023-06-16 21:24:22; hka-aqm-am116;  29.83;  25.88;   572;  1929;    11;     2;     5;     2;  -107;  -107;   4.5; drag-lps8-05; 3; 7; 125000; 1608
2023-06-16 21:39:28; hka-aqm-am116;  29.76;  26.36;   567;  1804;     7;     1;     1;     0;  -119;  -119;  -5.0; drag-lps8-03; 1; 7; 125000; 1609
2023-06-16 21:54:34; hka-aqm-am116;  29.85;  26.42;   567;  1841;     5;     0;     4;     0;  -108;  -108;   6.5; drag-lps8-03; 0; 7; 125000; 1610
2023-06-16 22:09:41; hka-aqm-am116;  30.01;  26.22;   570;  1868;     5;     2;     5;     2;  -106;  -106;   4.0; drag-lps8-05; 5; 7; 125000; 1611
2023-06-16 22:24:47; hka-aqm-am116;  30.08;  26.15;   555;  1963;     5;     0;     1;     0;  -107;  -107;   5.5; drag-lps8-03; 6; 7; 125000; 1612
2023-06-16 22:39:53; hka-aqm-am116;  30.10;  26.12;   550;  1946;     5;     0;     2;     0;  -111;  -111;   4.5; drag-lps8-03; 7; 7; 125000; 1613
2023-06-16 22:55:02; hka-aqm-am116;  30.12;  26.15;   549;  2007;     5;     0;     5;     2;  -112;  -112;   1.0; drag-lps8-03; 2; 7; 125000; 1614
2023-06-16 23:10:08; hka-aqm-am116;  30.14;  26.15;   532;  1874;     5;     2;     1;     0;  -114;  -114;   1.8; drag-lps8-03; 4; 7; 125000; 1615
2023-06-16 23:25:14; hka-aqm-am116;  30.12;  26.22;   529;  1912;     5;     1;     2;     0;  -106;  -106;   6.0; drag-lps8-05; 3; 7; 125000; 1616
2023-06-16 23:40:22; hka-aqm-am116;  30.13;  26.25;   514;  1880;     5;     0;     5;     2;  -102;  -102;   8.5; drag-lps8-05; 1; 7; 125000; 1617
2023-06-16 23:55:28; hka-aqm-am116;  30.14;  26.29;   509;  1839;     5;     0;     1;     0;  -118;  -118;  -1.5; drag-lps8-03; 7; 7; 125000; 1618
