# Logfile LoRaWAN TTN/TTS V3 logger version hka-log V 1.1
date_time;device_id;tmp;hum;CO2;VOC;vis;IR;WIFI;BLE;rssi;channel_rssi;snr;gateway;channel_index;spreading_factor;bandwidth;f_cnt
2023-01-31 00:13:10; hka-aqm-am116;  19.72;  29.42;   419;   732;     6;     0;     5;     5;  -109;  -109;   5.2; drag-lps8-03; 1; 7; 125000; 2896
2023-01-31 00:28:17; hka-aqm-am116;  19.72;  29.42;   427;   712;     6;     0;     5;     5;  -109;  -109;   5.0; drag-lps8-03; 6; 7; 125000; 2897
2023-01-31 00:43:23; hka-aqm-am116;  19.72;  29.45;   430;   696;     6;     2;     5;     5;  -100;  -100;   7.8; drag-lps8-05; 4; 7; 125000; 2898
2023-01-31 00:58:30; hka-aqm-am116;  19.72;  29.48;   425;   714;     6;     0;     5;     5;   -99;   -99;   6.8; drag-lps8-05; 2; 7; 125000; 2899
2023-01-31 01:13:36; hka-aqm-am116;  19.74;  29.52;   414;   721;     6;     0;     5;     5;  -106;  -106;   5.8; drag-lps8-03; 5; 7; 125000; 2900
2023-01-31 01:28:42; hka-aqm-am116;  19.73;  29.55;   417;   718;     6;     1;     5;     5;  -111;  -111;   6.8; drag-lps8-03; 7; 7; 125000; 2901
2023-01-31 01:43:49; hka-aqm-am116;  19.74;  29.52;   419;   677;     6;     0;     5;     5;   -99;   -99;   7.8; drag-lps8-05; 0; 7; 125000; 2902
2023-01-31 01:58:57; hka-aqm-am116;  19.74;  29.48;   418;   718;     6;     2;     5;     5;  -108;  -108;   4.8; drag-lps8-03; 3; 7; 125000; 2903
2023-01-31 02:14:03; hka-aqm-am116;  19.72;  29.48;   422;   732;     6;     0;     5;     5;  -109;  -109;   5.8; drag-lps8-03; 1; 7; 125000; 2904
2023-01-31 02:44:17; hka-aqm-am116;  19.67;  29.48;   415;   693;     8;     3;     5;     5;  -111;  -111;   6.2; drag-lps8-03; 7; 7; 125000; 2906
2023-01-31 02:59:23; hka-aqm-am116;  19.68;  29.48;   424;   724;     6;     0;     5;     5;  -108;  -108;   5.2; drag-lps8-03; 5; 7; 125000; 2907
2023-01-31 03:14:29; hka-aqm-am116;  19.70;  29.48;   417;   706;     6;     0;     5;     5;  -101;  -101;   8.8; drag-lps8-05; 1; 7; 125000; 2908
2023-01-31 03:29:37; hka-aqm-am116;  19.70;  29.48;   420;   691;     6;     0;     5;     5;  -109;  -109;   7.5; drag-lps8-03; 4; 7; 125000; 2909
2023-01-31 03:44:43; hka-aqm-am116;  19.69;  29.48;   416;   697;     6;     1;     5;     5;  -100;  -100;   8.5; drag-lps8-05; 0; 7; 125000; 2910
2023-01-31 03:59:49; hka-aqm-am116;  19.68;  29.48;   423;   695;     6;     0;     5;     5;  -101;  -101;   8.0; drag-lps8-05; 6; 7; 125000; 2911
2023-01-31 04:14:57; hka-aqm-am116;  19.66;  29.48;   426;   749;     6;     0;     5;     5;  -103;  -103;   8.0; drag-lps8-05; 3; 7; 125000; 2912
2023-01-31 04:30:09; hka-aqm-am116;  19.64;  29.48;   419;   697;     6;     1;     5;     5;  -103;  -103;   8.5; drag-lps8-05; 4; 7; 125000; 2914
2023-01-31 04:45:17; hka-aqm-am116;  19.64;  29.48;   420;   753;     6;     0;     5;     5;  -100;  -100;   5.8; drag-lps8-05; 5; 7; 125000; 2915
2023-01-31 05:00:29; hka-aqm-am116;  19.65;  29.48;   422;   681;     6;     0;     5;     5;   -99;   -99;   7.2; drag-lps8-05; 2; 7; 125000; 2917
2023-01-31 05:15:36; hka-aqm-am116;  19.66;  29.48;   420;   681;     6;     0;     5;     5;  -101;  -101;   8.5; drag-lps8-05; 7; 7; 125000; 2918
2023-01-31 05:30:42; hka-aqm-am116;  19.65;  29.48;   421;   685;     6;     2;     5;     5;  -117;  -117;   2.8; drag-lps8-03; 0; 7; 125000; 2919
2023-01-31 05:45:48; hka-aqm-am116;  19.62;  29.48;   422;   659;     6;     2;     5;     5;  -113;  -113;   1.0; drag-lps8-03; 3; 7; 125000; 2920
2023-01-31 06:00:57; hka-aqm-am116;  19.60;  29.48;   421;   697;     6;     0;     5;     5;  -102;  -102;   8.2; drag-lps8-05; 7; 7; 125000; 2921
2023-01-31 06:16:03; hka-aqm-am116;  19.60;  29.96;   423;   673;     6;     2;     5;     5;  -113;  -113;   3.5; drag-lps8-03; 6; 7; 125000; 2922
2023-01-31 06:31:09; hka-aqm-am116;  19.59;  29.89;   429;   716;     6;     0;     5;     5;  -106;  -106;   7.2; drag-lps8-05; 0; 7; 125000; 2923
2023-01-31 06:46:16; hka-aqm-am116;  19.56;  29.82;   425;   739;     6;     0;     5;     5;  -111;  -111;   4.2; drag-lps8-03; 5; 7; 125000; 2924
2023-01-31 07:01:22; hka-aqm-am116;  19.56;  29.75;   424;   669;     9;     3;     5;     5;  -105;  -105;   7.5; drag-lps8-05; 1; 7; 125000; 2925
2023-01-31 07:16:28; hka-aqm-am116;  19.52;  29.69;   426;   678;     6;     0;     5;     5;  -113;  -113;   5.2; drag-lps8-03; 4; 7; 125000; 2926
2023-01-31 07:31:37; hka-aqm-am116;  19.51;  29.69;   427;   630;     7;     1;     5;     5;  -107;  -107;   5.8; drag-lps8-05; 3; 7; 125000; 2927
2023-01-31 07:46:43; hka-aqm-am116;  19.51;  29.72;   427;   653;    13;     4;     5;     5;  -109;  -109;   5.0; drag-lps8-03; 2; 7; 125000; 2928
2023-01-31 08:01:49; hka-aqm-am116;  19.51;  29.72;   421;   679;    29;     7;     5;     5;  -113;  -113;   6.0; drag-lps8-03; 0; 7; 125000; 2929
2023-01-31 08:16:57; hka-aqm-am116;  19.50;  29.69;   429;   679;    60;    10;     5;     5;  -110;  -110;   3.8; drag-lps8-03; 2; 7; 125000; 2930
2023-01-31 08:32:03; hka-aqm-am116;  19.52;  29.69;   417;   700;   146;    27;     5;     5;  -113;  -113;   4.2; drag-lps8-03; 7; 7; 125000; 2931
2023-01-31 08:45:56; hka-aqm-am116;  19.50;  29.69;   425;   694;   361;    71;     5;     5;  -103;  -103;   9.2; drag-lps8-05; 4; 7; 125000; 2932
2023-01-31 08:48:34; hka-aqm-am116;  19.52;  29.69;   429;   687;   441;    86;     1;     2;  -108;  -108;   5.2; drag-lps8-03; 3; 7; 125000; 2933
2023-01-31 09:03:40; hka-aqm-am116;  19.58;  29.62;   431;   687;   716;   147;     2;     2;  -103;  -103;   6.5; drag-lps8-05; 5; 7; 125000; 2934
2023-01-31 09:04:34; hka-aqm-am116;  19.58;  29.62;   430;   679;   803;   172;     2;     2;  -107;  -107;   4.8; drag-lps8-03; 6; 7; 125000; 2935
2023-01-31 09:12:34; hka-aqm-am116;  19.54;  29.62;   424;   671;  1057;   240;     2;     2;  -105;  -105;   7.8; drag-lps8-05; 1; 7; 125000; 2936
2023-01-31 09:12:56; hka-aqm-am116;  19.56;  29.62;   421;   723;  1115;   258;     0;     0;  -113;  -113;   4.5; drag-lps8-03; 7; 7; 125000; 2937
2023-01-31 09:14:56; hka-aqm-am116;  19.56;  29.58;   425;   703;  1166;   277;     2;     0;  -111;  -111;   2.5; drag-lps8-03; 2; 7; 125000; 2938
2023-01-31 09:16:35; hka-aqm-am116;  19.56;  29.58;   420;   719;  1060;   255;     1;     1;   -99;   -99;   7.8; drag-lps8-05; 4; 7; 125000; 2939
2023-01-31 09:16:55; hka-aqm-am116;  19.59;  29.58;   420;   729;   983;   238;     0;     0;  -109;  -109;   5.0; drag-lps8-03; 6; 7; 125000; 2940
2023-01-31 09:17:34; hka-aqm-am116;  19.60;  29.55;   423;   714;   857;   206;     0;     0;  -113;  -113;   5.2; drag-lps8-03; 0; 7; 125000; 2941
2023-01-31 09:17:55; hka-aqm-am116;  19.57;  29.58;   421;   710;   735;   172;     0;     0;  -112;  -112;   4.2; drag-lps8-03; 1; 7; 125000; 2942
2023-01-31 09:21:55; hka-aqm-am116;  19.63;  29.55;   424;   691;   478;   105;     1;     1;  -111;  -111;   4.2; drag-lps8-03; 5; 7; 125000; 2943
2023-01-31 09:22:15; hka-aqm-am116;  19.60;  29.55;   422;   688;   425;    89;     2;     1;  -100;  -100;   7.5; drag-lps8-05; 3; 7; 125000; 2944
2023-01-31 09:22:36; hka-aqm-am116;  19.63;  29.55;   421;   685;   359;    73;     2;     1;  -109;  -109;   4.5; drag-lps8-03; 6; 7; 125000; 2945
2023-01-31 09:37:42; hka-aqm-am116;  19.62;  29.48;   417;   692;   289;    52;     2;     2;  -103;  -103;   8.8; drag-lps8-03; 1; 7; 125000; 2946
2023-01-31 09:40:15; hka-aqm-am116;  19.59;  29.52;   419;   707;   474;   103;     2;     2;  -113;  -113;   4.5; drag-lps8-03; 4; 7; 125000; 2947
2023-01-31 09:44:55; hka-aqm-am116;  19.60;  29.48;   430;   677;   241;    42;     2;     2;  -109;  -109;   4.0; drag-lps8-03; 5; 7; 125000; 2948
2023-01-31 09:47:35; hka-aqm-am116;  19.59;  29.48;   426;   691;   326;    63;     1;     3;  -113;  -113;   5.2; drag-lps8-03; 7; 7; 125000; 2949
2023-01-31 09:48:36; hka-aqm-am116;  19.61;  29.48;   432;   670;   488;   106;     2;     3;  -109;  -109;   6.0; drag-lps8-03; 0; 7; 125000; 2950
2023-01-31 09:57:54; hka-aqm-am116;  19.64;  29.45;   433;   711;   941;   220;     2;     3;  -111;  -111;   4.0; drag-lps8-03; 3; 7; 125000; 2951
2023-01-31 10:01:15; hka-aqm-am116;  19.70;  29.38;   431;   699;   663;   151;     1;     2;  -105;  -105;   6.5; drag-lps8-05; 2; 7; 125000; 2952
2023-01-31 10:16:22; hka-aqm-am116;  19.70;  29.35;   426;   676;   436;    97;     2;     3;  -112;  -112;   3.5; drag-lps8-03; 3; 7; 125000; 2953
2023-01-31 10:31:28; hka-aqm-am116;  19.75;  29.62;   455;   720;   435;    91;     2;     4;  -108;  -108;   7.8; drag-lps8-03; 0; 7; 125000; 2954
2023-01-31 10:39:34; hka-aqm-am116;  19.78;  29.69;   476;   750;   605;   120;     3;     4;  -100;  -100;   6.8; drag-lps8-05; 2; 7; 125000; 2955
2023-01-31 10:40:14; hka-aqm-am116;  19.80;  29.69;   473;   752;   732;   151;     0;     0;  -111;  -111;   3.8; drag-lps8-03; 1; 7; 125000; 2956
2023-01-31 10:40:35; hka-aqm-am116;  19.74;  29.69;   472;   757;   885;   187;     0;     0;  -112;  -112;   5.2; drag-lps8-03; 7; 7; 125000; 2957
2023-01-31 10:42:35; hka-aqm-am116;  19.81;  29.75;   474;   753;  1071;   229;     1;     0;  -109;  -109;   5.0; drag-lps8-03; 6; 7; 125000; 2958
2023-01-31 10:42:55; hka-aqm-am116;  19.83;  29.75;   474;   730;  1251;   274;     1;     0;  -101;  -101;   8.8; drag-lps8-05; 4; 7; 125000; 2959
2023-01-31 10:43:15; hka-aqm-am116;  19.81;  29.72;   474;   749;  1454;   322;     1;     0;  -101;  -101;   7.0; drag-lps8-05; 5; 7; 125000; 2960
2023-01-31 10:43:36; hka-aqm-am116;  19.81;  29.75;   474;   802;  1637;   363;     1;     0;  -102;  -102;   8.0; drag-lps8-05; 6; 7; 125000; 2961
2023-01-31 10:43:56; hka-aqm-am116;  19.86;  29.69;   474;   771;  2037;   454;     1;     0;   -99;   -99;   7.8; drag-lps8-05; 4; 7; 125000; 2962
2023-01-31 10:44:16; hka-aqm-am116;  19.83;  29.69;   475;   791;  2384;   532;     1;     1;  -111;  -111;   4.0; drag-lps8-03; 2; 7; 125000; 2963
2023-01-31 10:44:35; hka-aqm-am116;  19.83;  29.72;   475;   781;  2582;   583;     0;     1;  -101;  -101;   7.0; drag-lps8-05; 5; 7; 125000; 2964
2023-01-31 10:44:55; hka-aqm-am116;  19.85;  29.72;   475;   786;  2640;   599;     0;     0;  -108;  -108;   5.8; drag-lps8-03; 3; 7; 125000; 2965
2023-01-31 10:46:15; hka-aqm-am116;  19.80;  29.69;   478;   769;  2491;   571;     2;     2;  -107;  -107;   7.2; drag-lps8-03; 7; 7; 125000; 2966
2023-01-31 10:46:35; hka-aqm-am116;  19.84;  29.72;   478;   796;  2385;   544;     0;     0;  -103;  -103;   7.8; drag-lps8-05; 0; 7; 125000; 2967
2023-01-31 10:46:56; hka-aqm-am116;  19.86;  29.72;   479;   763;  2185;   501;     1;     0;  -108;  -108;   6.0; drag-lps8-03; 1; 7; 125000; 2968
2023-01-31 10:47:15; hka-aqm-am116;  19.88;  29.69;   480;   766;  2036;   466;     1;     0;  -103;  -103;   9.0; drag-lps8-05; 0; 7; 125000; 2969
2023-01-31 10:47:36; hka-aqm-am116;  19.85;  29.69;   481;   747;  1875;   425;     0;     0;  -106;  -106;   5.2; drag-lps8-03; 5; 7; 125000; 2970
2023-01-31 10:47:55; hka-aqm-am116;  19.85;  29.69;   481;   753;  1717;   389;     0;     1;  -101;  -101;   8.2; drag-lps8-05; 7; 7; 125000; 2971
2023-01-31 10:48:15; hka-aqm-am116;  19.86;  29.69;   482;   751;  1566;   357;     0;     1;   -99;   -99;   7.5; drag-lps8-05; 6; 7; 125000; 2972
2023-01-31 10:49:14; hka-aqm-am116;  19.89;  29.69;   488;   751;  1586;   363;     2;     2;  -108;  -108;   4.8; drag-lps8-03; 3; 7; 125000; 2973
2023-01-31 10:49:54; hka-aqm-am116;  19.87;  29.72;   491;   747;  1812;   418;     1;     2;  -108;  -108;   5.5; drag-lps8-03; 1; 7; 125000; 2974
2023-01-31 10:50:34; hka-aqm-am116;  19.85;  29.69;   493;   695;  2011;   466;     2;     1;   -99;   -99;   9.0; drag-lps8-05; 4; 7; 125000; 2975
2023-01-31 10:51:15; hka-aqm-am116;  19.91;  29.69;   488;   718;  1762;   400;     2;     0;  -109;  -109;   4.8; drag-lps8-03; 2; 7; 125000; 2976
2023-01-31 10:51:35; hka-aqm-am116;  19.94;  29.72;   488;   749;  1515;   341;     1;     0;   -99;   -99;   7.0; drag-lps8-05; 5; 7; 125000; 2977
2023-01-31 10:51:56; hka-aqm-am116;  19.92;  29.69;   488;   803;  1279;   285;     1;     0;  -103;  -103;   6.0; drag-lps8-05; 2; 7; 125000; 2978
2023-01-31 10:52:15; hka-aqm-am116;  19.95;  29.72;   488;   807;  1177;   262;     0;     0;  -100;  -100;   7.0; drag-lps8-05; 6; 7; 125000; 2979
2023-01-31 10:52:54; hka-aqm-am116;  19.95;  29.69;   493;   808;  1111;   247;     0;     1;  -103;  -103;   7.0; drag-lps8-05; 0; 7; 125000; 2980
2023-01-31 10:59:34; hka-aqm-am116;  19.98;  29.62;   502;   788;  1441;   317;     2;     2;  -103;  -103;   7.0; drag-lps8-05; 7; 7; 125000; 2981
2023-01-31 10:59:54; hka-aqm-am116;  20.00;  29.62;   500;   787;  1553;   344;     0;     1;  -109;  -109;   5.8; drag-lps8-03; 3; 7; 125000; 2982
2023-01-31 11:00:15; hka-aqm-am116;  20.00;  29.62;   499;   785;  2020;   459;     0;     1;  -109;  -109;   6.2; drag-lps8-03; 4; 7; 125000; 2983
2023-01-31 11:00:35; hka-aqm-am116;  20.00;  29.69;   499;   770;  2158;   492;     0;     1;  -108;  -108;   4.5; drag-lps8-05; 1; 7; 125000; 2984
2023-01-31 11:01:15; hka-aqm-am116;  20.03;  29.62;   498;   790;  2080;   474;     0;     1;  -107;  -107;   7.8; drag-lps8-03; 0; 7; 125000; 2985
2023-01-31 11:01:35; hka-aqm-am116;  20.02;  29.62;   498;   796;  1830;   406;     1;     3;  -109;  -109;   3.8; drag-lps8-05; 2; 7; 125000; 2986
2023-01-31 11:02:14; hka-aqm-am116;  20.06;  29.62;   502;   803;  1921;   435;     1;     3;  -109;  -109;   6.0; drag-lps8-03; 6; 7; 125000; 2987
2023-01-31 11:02:34; hka-aqm-am116;  19.99;  29.62;   500;   784;  1661;   368;     0;     3;  -102;  -102;   5.0; drag-lps8-05; 5; 7; 125000; 2988
2023-01-31 11:02:54; hka-aqm-am116;  20.01;  29.62;   499;   790;  1535;   339;     0;     3;  -105;  -105;   6.2; drag-lps8-05; 1; 7; 125000; 2989
2023-01-31 11:03:16; hka-aqm-am116;  20.02;  29.62;   498;   786;  1462;   324;     0;     2;  -107;  -107;   7.5; drag-lps8-03; 4; 7; 125000; 2990
2023-01-31 11:04:35; hka-aqm-am116;  20.05;  29.58;   499;   792;  1388;   310;     3;     3;  -103;  -103;   7.5; drag-lps8-05; 7; 7; 125000; 2991
2023-01-31 11:05:56; hka-aqm-am116;  20.10;  29.62;   506;   794;  1544;   348;     0;     4;   -99;   -99;   8.5; drag-lps8-05; 3; 7; 125000; 2992
2023-01-31 11:06:54; hka-aqm-am116;  20.09;  29.62;   509;   793;  1579;   358;     2;     5;  -107;  -107;   4.5; drag-lps8-03; 5; 7; 125000; 2993
2023-01-31 11:07:14; hka-aqm-am116;  20.15;  29.69;   507;   797;  1192;   262;     0;     3;  -113;  -113;   4.5; drag-lps8-03; 7; 7; 125000; 2994
2023-01-31 11:07:35; hka-aqm-am116;  20.08;  29.69;   507;   813;  1022;   223;     0;     3;  -107;  -107;   5.2; drag-lps8-03; 3; 7; 125000; 2995
2023-01-31 11:08:54; hka-aqm-am116;  20.12;  29.72;   514;   780;  1056;   234;     1;     6;  -102;  -102;   7.5; drag-lps8-05; 1; 7; 125000; 2996
2023-01-31 11:11:15; hka-aqm-am116;  20.18;  29.89;   512;   805;  1133;   248;     2;     5;  -108;  -108;   5.5; drag-lps8-03; 0; 7; 125000; 2997
2023-01-31 11:12:14; hka-aqm-am116;  20.19;  29.89;   518;   785;  1256;   277;     1;     3;  -114;  -114;   2.5; drag-lps8-03; 4; 7; 125000; 2998
2023-01-31 11:12:35; hka-aqm-am116;  20.18;  29.92;   518;   807;  1392;   308;     1;     2;  -103;  -103;   5.8; drag-lps8-05; 2; 7; 125000; 2999
2023-01-31 11:13:16; hka-aqm-am116;  20.18;  30.02;   522;   801;  1457;   324;     2;     4;  -110;  -110;   2.5; drag-lps8-03; 6; 7; 125000; 3000
2023-01-31 11:14:15; hka-aqm-am116;  20.17;  29.99;   525;   808;  1527;   339;     2;     5;   -97;   -97;   8.5; drag-lps8-05; 3; 7; 125000; 3001
2023-01-31 11:14:56; hka-aqm-am116;  20.20;  30.02;   531;   821;  1773;   400;     1;     4;  -102;  -102;   8.2; drag-lps8-05; 7; 7; 125000; 3002
2023-01-31 11:15:15; hka-aqm-am116;  20.20;  30.02;   531;   813;  1942;   438;     1;     4;  -109;  -109;   5.8; drag-lps8-03; 6; 7; 125000; 3003
2023-01-31 11:15:55; hka-aqm-am116;  20.19;  30.02;   535;   825;  2505;   566;     2;     6;   -97;   -97;   9.0; drag-lps8-05; 4; 7; 125000; 3004
2023-01-31 11:16:34; hka-aqm-am116;  20.25;  30.09;   538;   835;  2789;   630;     1;     9;  -114;  -114;   1.2; drag-lps8-03; 2; 7; 125000; 3005
2023-01-31 11:16:54; hka-aqm-am116;  20.24;  30.09;   536;   839;  3031;   684;     1;     4;   -99;   -99;   8.5; drag-lps8-05; 0; 7; 125000; 3006
2023-01-31 11:17:14; hka-aqm-am116;  20.25;  30.02;   535;   844;  3191;   719;     2;     4;  -111;  -111;   3.8; drag-lps8-03; 5; 7; 125000; 3007
2023-01-31 11:17:55; hka-aqm-am116;  20.32;  30.13;   535;   858;  3104;   698;     2;     4;  -102;  -102;   8.2; drag-lps8-05; 1; 7; 125000; 3008
2023-01-31 11:18:34; hka-aqm-am116;  20.29;  30.09;   539;   857;  3033;   685;     1;     3;  -109;  -109;   3.5; drag-lps8-03; 5; 7; 125000; 3009
2023-01-31 11:19:56; hka-aqm-am116;  20.36;  30.09;   542;   847;  2872;   650;     2;     5;  -103;  -103;   8.8; drag-lps8-05; 0; 7; 125000; 3010
2023-01-31 11:20:54; hka-aqm-am116;  20.37;  30.16;   546;   849;  2776;   627;     1;     4;  -112;  -112;   5.2; drag-lps8-03; 4; 7; 125000; 3011
2023-01-31 11:21:34; hka-aqm-am116;  20.38;  30.16;   550;   851;  2109;   470;     1;     3;  -108;  -108;   4.8; drag-lps8-03; 7; 7; 125000; 3012
2023-01-31 11:21:56; hka-aqm-am116;  20.36;  30.16;   549;   853;  1636;   362;     1;     2;   -99;   -99;   8.0; drag-lps8-05; 6; 7; 125000; 3013
2023-01-31 11:23:15; hka-aqm-am116;  20.39;  30.16;   555;   848;  1751;   391;     1;     4;  -104;  -104;   5.8; drag-lps8-03; 2; 7; 125000; 3014
2023-01-31 11:23:56; hka-aqm-am116;  20.39;  30.19;   559;   849;  2029;   459;     1;     7;  -105;  -105;   6.8; drag-lps8-03; 1; 7; 125000; 3015
2023-01-31 11:24:15; hka-aqm-am116;  20.42;  30.23;   557;   815;  1889;   425;     2;     7;   -96;   -96;   8.5; drag-lps8-05; 3; 7; 125000; 3016
2023-01-31 11:24:56; hka-aqm-am116;  20.38;  30.23;   559;   833;  1762;   397;     2;     3;  -105;  -105;   8.0; drag-lps8-03; 7; 7; 125000; 3017
2023-01-31 11:25:15; hka-aqm-am116;  20.42;  30.23;   560;   849;  1551;   343;     2;     3;  -103;  -103;   6.2; drag-lps8-03; 3; 7; 125000; 3018
2023-01-31 11:25:55; hka-aqm-am116;  20.43;  30.16;   561;   869;  1612;   359;     1;     4;  -107;  -107;   8.8; drag-lps8-03; 0; 7; 125000; 3019
2023-01-31 11:26:36; hka-aqm-am116;  20.44;  30.19;   567;   864;  1342;   293;     0;     5;  -113;  -113;   1.8; drag-lps8-03; 5; 7; 125000; 3020
2023-01-31 11:27:55; hka-aqm-am116;  20.52;  30.23;   570;   869;  1290;   282;     0;     7;  -101;  -101;   8.2; drag-lps8-05; 1; 7; 125000; 3021
2023-01-31 11:28:15; hka-aqm-am116;  20.50;  30.19;   571;   895;  1203;   263;     0;     7;   -99;   -99;   8.8; drag-lps8-05; 4; 7; 125000; 3022
2023-01-31 11:28:36; hka-aqm-am116;  20.52;  30.16;   571;   879;  1137;   247;     0;     7;   -99;   -99;   8.8; drag-lps8-05; 6; 7; 125000; 3023
2023-01-31 11:29:15; hka-aqm-am116;  20.53;  30.16;   571;   834;  1025;   222;     2;     7;  -115;  -115;  -0.8; drag-lps8-03; 2; 7; 125000; 3024
2023-01-31 11:33:15; hka-aqm-am116;  20.66;  30.09;   575;   854;   886;   189;     2;     7;  -112;  -112;   3.5; drag-lps8-03; 6; 7; 125000; 3025
2023-01-31 11:33:56; hka-aqm-am116;  20.70;  30.09;   574;   855;   945;   202;     1;     8;  -113;  -113;   5.2; drag-lps8-03; 7; 7; 125000; 3026
2023-01-31 11:34:15; hka-aqm-am116;  20.70;  30.09;   575;   853;  1227;   275;     1;     6;  -111;  -111;   3.5; drag-lps8-03; 5; 7; 125000; 3027
2023-01-31 11:34:36; hka-aqm-am116;  20.73;  30.09;   577;   836;   975;   206;     0;     6;   -97;   -97;   7.5; drag-lps8-05; 3; 7; 125000; 3028
2023-01-31 11:35:35; hka-aqm-am116;  20.67;  30.09;   582;   849;  1062;   224;     1;     6;  -113;  -113;   2.2; drag-lps8-03; 1; 7; 125000; 3029
2023-01-31 11:38:14; hka-aqm-am116;  20.77;  30.02;   587;   847;  1329;   290;     3;     5;  -112;  -112;   4.0; drag-lps8-03; 0; 7; 125000; 3030
2023-01-31 11:38:36; hka-aqm-am116;  20.76;  30.06;   586;   849;  1454;   318;     2;     3;   -99;   -99;   9.5; drag-lps8-05; 4; 7; 125000; 3031
2023-01-31 11:39:16; hka-aqm-am116;  20.79;  30.02;   585;   850;  1548;   337;     2;     4;  -107;  -107;   5.5; drag-lps8-03; 4; 7; 125000; 3033
2023-01-31 11:39:35; hka-aqm-am116;  20.80;  30.02;   586;   851;  1692;   371;     1;     4;  -115;  -115;   2.8; drag-lps8-03; 0; 7; 125000; 3034
2023-01-31 11:39:55; hka-aqm-am116;  20.76;  30.02;   587;   851;  2148;   491;     0;     3;  -109;  -109;   4.2; drag-lps8-03; 5; 7; 125000; 3035
2023-01-31 11:40:16; hka-aqm-am116;  20.80;  29.99;   588;   887;  2037;   459;     1;     3;  -114;  -114;   4.0; drag-lps8-03; 7; 7; 125000; 3036
2023-01-31 11:40:35; hka-aqm-am116;  20.81;  29.99;   589;   876;  2173;   488;     1;     2;   -99;   -99;   8.0; drag-lps8-05; 3; 7; 125000; 3037
2023-01-31 11:40:55; hka-aqm-am116;  20.81;  29.99;   590;   869;  2500;   566;     0;     2;  -100;  -100;   7.0; drag-lps8-05; 6; 7; 125000; 3039
2023-01-31 11:41:15; hka-aqm-am116;  20.83;  30.02;   590;   864;  2932;   671;     1;     3;  -106;  -106;   7.0; drag-lps8-05; 1; 7; 125000; 3040
2023-01-31 11:41:35; hka-aqm-am116;  20.82;  29.96;   591;   861;  3418;   791;     1;     3;   -99;   -99;   8.5; drag-lps8-05; 4; 7; 125000; 3041
2023-01-31 11:41:56; hka-aqm-am116;  20.80;  29.96;   592;   860;  3542;   816;     1;     2;  -105;  -105;   7.8; drag-lps8-05; 7; 7; 125000; 3042
2023-01-31 11:42:16; hka-aqm-am116;  20.80;  29.96;   592;   859;  4202;   984;     1;     2;  -109;  -109;   4.8; drag-lps8-03; 3; 7; 125000; 3043
2023-01-31 11:42:35; hka-aqm-am116;  20.84;  29.96;   593;   856;  4736;  1113;     1;     2;  -113;  -113;   6.0; drag-lps8-03; 0; 7; 125000; 3044
2023-01-31 11:42:55; hka-aqm-am116;  20.85;  29.96;   593;   853;  5117;  1202;     1;     1;  -106;  -106;   6.2; drag-lps8-03; 5; 7; 125000; 3045
2023-01-31 11:43:36; hka-aqm-am116;  20.88;  29.92;   593;   853;  5537;  1297;     1;     5;  -105;  -105;   6.5; drag-lps8-05; 1; 7; 125000; 3046
2023-01-31 11:44:35; hka-aqm-am116;  20.90;  29.89;   597;   853;  4974;  1146;     2;     5;  -105;  -105;   5.0; drag-lps8-05; 2; 7; 125000; 3047
2023-01-31 11:44:55; hka-aqm-am116;  20.89;  29.89;   596;   853;  4783;  1098;     1;     2;  -101;  -101;   7.5; drag-lps8-05; 6; 7; 125000; 3048
2023-01-31 11:45:34; hka-aqm-am116;  20.94;  29.89;   599;   858;  4665;  1067;     1;     3;  -112;  -112;   3.2; drag-lps8-05; 0; 7; 125000; 3049
2023-01-31 11:45:55; hka-aqm-am116;  20.95;  29.85;   597;   879;  4480;  1000;     0;     2;  -113;  -113;   5.2; drag-lps8-03; 7; 7; 125000; 3050
2023-01-31 11:46:16; hka-aqm-am116;  20.98;  29.82;   595;   869;  4265;   949;     2;     2;  -106;  -106;   5.0; drag-lps8-03; 3; 7; 125000; 3051
2023-01-31 11:46:35; hka-aqm-am116;  20.98;  29.82;   594;   831;  4333;   972;     2;     3;  -114;  -114;   0.5; drag-lps8-03; 1; 7; 125000; 3052
2023-01-31 11:47:15; hka-aqm-am116;  20.94;  29.82;   599;   839;  3589;   789;     1;     3;  -100;  -100;   7.5; drag-lps8-05; 6; 7; 125000; 3053
2023-01-31 11:47:35; hka-aqm-am116;  21.02;  29.82;   598;   846;  3327;   735;     1;     5;  -109;  -109;   4.5; drag-lps8-03; 5; 7; 125000; 3054
2023-01-31 11:48:14; hka-aqm-am116;  21.00;  29.82;   601;   848;  3379;   753;     0;     5;  -114;  -114;   2.2; drag-lps8-03; 2; 7; 125000; 3055
2023-01-31 11:48:35; hka-aqm-am116;  21.04;  29.79;   600;   850;  3067;   682;     0;     5;   -97;   -97;   8.5; drag-lps8-05; 4; 7; 125000; 3056
2023-01-31 11:49:15; hka-aqm-am116;  21.05;  29.75;   600;   851;  2992;   668;     0;     7;  -114;  -114;   2.0; drag-lps8-03; 1; 7; 125000; 3057
2023-01-31 11:49:54; hka-aqm-am116;  21.00;  29.75;   604;   855;  2881;   645;     1;     7;  -108;  -108;   4.2; drag-lps8-03; 3; 7; 125000; 3058
2023-01-31 11:51:35; hka-aqm-am116;  21.13;  29.69;   602;   862;  2991;   682;     1;     7;   -99;   -99;   9.2; drag-lps8-05; 4; 7; 125000; 3059
2023-01-31 11:51:56; hka-aqm-am116;  21.14;  29.72;   602;   857;  2933;   669;     1;     6;   -99;   -99;   9.2; drag-lps8-05; 7; 7; 125000; 3060
2023-01-31 11:52:35; hka-aqm-am116;  21.14;  29.69;   606;   856;  2875;   656;     1;     6;  -108;  -108;   4.5; drag-lps8-05; 2; 7; 125000; 3061
2023-01-31 11:52:55; hka-aqm-am116;  21.12;  29.69;   605;   854;  2798;   637;     1;     6;  -114;  -114;   3.5; drag-lps8-03; 0; 7; 125000; 3062
2023-01-31 11:53:15; hka-aqm-am116;  21.16;  29.65;   604;   852;  3203;   734;     1;     6;  -108;  -108;   4.2; drag-lps8-03; 5; 7; 125000; 3063
2023-01-31 11:53:55; hka-aqm-am116;  21.16;  29.69;   607;   853;  2636;   600;     0;     6;   -99;   -99;   7.2; drag-lps8-05; 6; 7; 125000; 3064
2023-01-31 11:54:34; hka-aqm-am116;  21.19;  29.69;   609;   853;  2567;   584;     1;     6;  -114;  -114;   5.2; drag-lps8-03; 0; 7; 125000; 3065
2023-01-31 11:54:55; hka-aqm-am116;  21.15;  29.62;   608;   852;  2371;   538;     1;     4;  -101;  -101;   8.0; drag-lps8-05; 6; 7; 125000; 3066
2023-01-31 11:55:15; hka-aqm-am116;  21.21;  29.62;   607;   853;  2262;   513;     1;     4;  -111;  -111;   6.0; drag-lps8-03; 4; 7; 125000; 3067
2023-01-31 11:55:35; hka-aqm-am116;  21.18;  29.62;   607;   854;  2156;   489;     1;     7;  -112;  -112;   3.8; drag-lps8-03; 1; 7; 125000; 3068
2023-01-31 11:55:55; hka-aqm-am116;  21.18;  29.62;   607;   859;  2054;   466;     1;     7;  -112;  -112;   5.8; drag-lps8-03; 7; 7; 125000; 3069
2023-01-31 11:56:15; hka-aqm-am116;  21.18;  29.62;   607;   853;  1942;   441;     1;     9;  -100;  -100;   7.0; drag-lps8-05; 5; 7; 125000; 3070
2023-01-31 11:56:54; hka-aqm-am116;  21.24;  29.62;   611;   917;  1880;   427;     1;     9;  -104;  -104;   5.8; drag-lps8-05; 2; 7; 125000; 3071
2023-01-31 12:01:16; hka-aqm-am116;  21.36;  29.55;   612;   863;  1762;   404;     2;     7;  -105;  -105;   7.5; drag-lps8-05; 1; 7; 125000; 3073
2023-01-31 12:02:55; hka-aqm-am116;  21.41;  29.48;   616;   855;  1611;   370;     1;     7;  -101;  -101;   7.2; drag-lps8-05; 6; 7; 125000; 3074
2023-01-31 12:04:16; hka-aqm-am116;  21.39;  29.48;   619;   854;  1475;   338;     3;     8;  -105;  -105;   7.2; drag-lps8-05; 7; 7; 125000; 3075
2023-01-31 12:10:56; hka-aqm-am116;  21.61;  29.35;   630;   874;  1280;   290;     3;     8;   -99;   -99;   7.2; drag-lps8-05; 5; 7; 125000; 3076
2023-01-31 12:15:14; hka-aqm-am116;  21.64;  29.28;   632;   854;  1049;   234;     2;    10;  -118;  -118;   3.5; drag-lps8-03; 4; 7; 125000; 3077
2023-01-31 12:15:35; hka-aqm-am116;  21.61;  29.28;   630;   811;   923;   205;     0;     5;  -100;  -100;   6.5; drag-lps8-05; 2; 7; 125000; 3078
2023-01-31 12:16:15; hka-aqm-am116;  21.60;  29.21;   633;   824;   859;   191;     1;     6;  -114;  -114;   5.2; drag-lps8-03; 0; 7; 125000; 3079
2023-01-31 12:26:55; hka-aqm-am116;  21.71;  29.01;   632;   858;   822;   184;     2;     9;  -105;  -105;   8.0; drag-lps8-03; 3; 7; 125000; 3080
2023-01-31 12:42:01; hka-aqm-am116;  21.90;  28.81;   642;   855;   738;   166;     3;     9;  -111;  -111;   4.0; drag-lps8-03; 6; 7; 125000; 3081
2023-01-31 12:53:16; hka-aqm-am116;  21.99;  28.67;   648;   859;   464;   104;     3;     9;  -109;  -109;   4.0; drag-lps8-03; 2; 7; 125000; 3082
2023-01-31 12:53:55; hka-aqm-am116;  21.99;  28.67;   651;   873;   409;    91;     1;     3;  -101;  -101;   7.5; drag-lps8-05; 0; 7; 125000; 3083
2023-01-31 13:09:01; hka-aqm-am116;  22.02;  28.53;   654;   846;   759;   167;     4;    12;   -96;   -96;   7.0; drag-lps8-05; 5; 7; 125000; 3084
2023-01-31 13:20:55; hka-aqm-am116;  22.12;  28.43;   661;   874;   910;   203;     4;    12;  -101;  -101;   9.0; drag-lps8-05; 4; 7; 125000; 3085
2023-01-31 13:21:36; hka-aqm-am116;  22.15;  28.40;   656;   861;   794;   176;     0;     3;   -97;   -97;   7.2; drag-lps8-05; 3; 7; 125000; 3086
2023-01-31 13:21:55; hka-aqm-am116;  22.16;  28.40;   657;   858;   723;   160;     0;     2;  -106;  -106;   8.0; drag-lps8-03; 7; 7; 125000; 3087
2023-01-31 13:22:15; hka-aqm-am116;  22.17;  28.43;   656;   855;   656;   145;     0;     1;  -105;  -105;   7.2; drag-lps8-05; 1; 7; 125000; 3088
2023-01-31 13:37:21; hka-aqm-am116;  22.22;  28.19;   664;   887;   357;    78;     4;     5;  -103;  -103;   8.8; drag-lps8-05; 7; 7; 125000; 3089
2023-01-31 13:52:28; hka-aqm-am116;  22.23;  28.13;   654;   864;   345;    76;     4;     6;  -109;  -109;   5.2; drag-lps8-03; 1; 7; 125000; 3090
2023-01-31 14:07:36; hka-aqm-am116;  22.26;  28.06;   655;   903;   338;    74;     4;     7;   -97;   -97;   6.8; drag-lps8-05; 5; 7; 125000; 3091
2023-01-31 14:22:43; hka-aqm-am116;  22.28;  28.06;   668;   938;   298;    66;     4;     7;  -108;  -108;   6.2; drag-lps8-03; 3; 7; 125000; 3092
2023-01-31 14:37:49; hka-aqm-am116;  22.35;  28.02;   677;  1009;   218;    48;     4;     7;  -108;  -108;   6.2; drag-lps8-03; 6; 7; 125000; 3093
2023-01-31 14:52:55; hka-aqm-am116;  22.36;  28.06;   686;  1072;   251;    54;     4;     7;  -103;  -103;   5.2; drag-lps8-05; 2; 7; 125000; 3094
2023-01-31 15:08:01; hka-aqm-am116;  22.38;  27.99;   690;  1057;   366;    80;     4;     7;  -107;  -107;   7.5; drag-lps8-05; 0; 7; 125000; 3095
2023-01-31 15:23:08; hka-aqm-am116;  22.38;  27.89;   688;  1098;   434;    96;     4;     7;   -99;   -99;   8.5; drag-lps8-05; 4; 7; 125000; 3096
2023-01-31 15:38:15; hka-aqm-am116;  22.45;  27.82;   684;  1119;   380;    86;     4;     7;  -106;  -106;   7.0; drag-lps8-05; 0; 7; 125000; 3097
2023-01-31 15:53:21; hka-aqm-am116;  22.45;  27.58;   657;  1059;   279;    66;     4;     7;  -107;  -107;   5.2; drag-lps8-03; 5; 7; 125000; 3098
2023-01-31 16:08:28; hka-aqm-am116;  22.30;  27.51;   637;  1020;   302;    73;     4;     7;  -101;  -101;   6.5; drag-lps8-05; 2; 7; 125000; 3099
2023-01-31 16:11:56; hka-aqm-am116;  22.23;  27.51;   625;  1016;   262;    62;     4;     7;  -107;  -107;   5.8; drag-lps8-05; 6; 7; 125000; 3100
2023-01-31 16:27:02; hka-aqm-am116;  21.98;  27.58;   596;   944;    94;    21;     3;     3;  -107;  -107;   8.0; drag-lps8-05; 7; 7; 125000; 3101
2023-01-31 16:42:08; hka-aqm-am116;  21.68;  27.75;   587;   895;    57;    12;     3;     3;  -105;  -105;   7.0; drag-lps8-05; 3; 7; 125000; 3102
2023-01-31 16:57:15; hka-aqm-am116;  21.34;  27.96;   564;   864;    32;     6;     3;     3;  -105;  -105;   8.2; drag-lps8-03; 4; 7; 125000; 3103
2023-01-31 17:12:21; hka-aqm-am116;  21.09;  28.16;   544;   820;    18;     3;     3;     3;  -106;  -106;   7.0; drag-lps8-03; 1; 7; 125000; 3104
2023-01-31 17:27:27; hka-aqm-am116;  20.77;  28.36;   519;   822;     7;     1;     3;     4;  -109;  -109;   6.8; drag-lps8-03; 0; 7; 125000; 3105
2023-01-31 17:42:36; hka-aqm-am116;  20.51;  28.64;   507;   750;     6;     2;     3;     4;  -102;  -102;   7.0; drag-lps8-05; 6; 7; 125000; 3106
2023-01-31 17:57:42; hka-aqm-am116;  20.27;  28.84;   493;   755;     6;     0;     3;     4;  -106;  -106;   8.0; drag-lps8-03; 4; 7; 125000; 3107
2023-01-31 18:12:48; hka-aqm-am116;  20.02;  29.08;   486;   711;     6;     0;     3;     4;  -105;  -105;   6.5; drag-lps8-05; 7; 7; 125000; 3108
2023-01-31 18:27:55; hka-aqm-am116;  19.82;  29.28;   475;   696;     9;     3;     3;     4;  -105;  -105;   6.8; drag-lps8-03; 5; 7; 125000; 3109
2023-01-31 18:43:02; hka-aqm-am116;  19.61;  29.48;   463;   661;     6;     0;     3;     4;  -106;  -106;   7.2; drag-lps8-03; 1; 7; 125000; 3110
2023-01-31 18:58:08; hka-aqm-am116;  19.46;  29.69;   460;   650;     6;     0;     3;     4;  -100;  -100;   6.0; drag-lps8-05; 2; 7; 125000; 3111
2023-01-31 19:13:16; hka-aqm-am116;  19.28;  29.85;   448;   634;     8;     3;     3;     4;  -103;  -103;   7.2; drag-lps8-05; 3; 7; 125000; 3112
2023-01-31 19:28:22; hka-aqm-am116;  19.14;  30.06;   442;   674;     6;     0;     3;     4;  -106;  -106;   7.8; drag-lps8-03; 7; 7; 125000; 3113
2023-01-31 19:43:28; hka-aqm-am116;  19.01;  30.23;   447;   675;     6;     1;     3;     4;  -108;  -108;   5.5; drag-lps8-03; 2; 7; 125000; 3114
2023-01-31 19:58:36; hka-aqm-am116;  18.89;  30.40;   448;   654;     6;     0;     3;     4;  -102;  -102;   8.0; drag-lps8-05; 1; 7; 125000; 3115
2023-01-31 20:13:42; hka-aqm-am116;  18.76;  30.56;   434;   632;     6;     0;     3;     4;  -102;  -102;   7.8; drag-lps8-05; 4; 7; 125000; 3116
2023-01-31 20:28:48; hka-aqm-am116;  18.67;  30.73;   435;   659;     8;     2;     3;     4;  -101;  -101;   6.5; drag-lps8-05; 5; 7; 125000; 3117
2023-01-31 20:43:55; hka-aqm-am116;  18.60;  30.90;   435;   630;     6;     0;     3;     4;  -105;  -105;   6.2; drag-lps8-03; 6; 7; 125000; 3118
2023-01-31 20:59:01; hka-aqm-am116;  18.63;  31.00;   425;   614;     6;     1;     3;     4;  -105;  -105;   9.0; drag-lps8-05; 0; 7; 125000; 3119
2023-01-31 21:14:07; hka-aqm-am116;  18.70;  30.97;   423;   650;     8;     3;     3;     4;  -101;  -101;   6.8; drag-lps8-05; 3; 7; 125000; 3120
2023-01-31 21:29:16; hka-aqm-am116;  18.78;  31.04;   425;   616;     6;     0;     4;     4;  -105;  -105;   8.0; drag-lps8-05; 7; 7; 125000; 3121
2023-01-31 21:44:22; hka-aqm-am116;  18.83;  31.10;   424;   611;     6;     0;     4;     4;  -108;  -108;   5.8; drag-lps8-03; 2; 7; 125000; 3122
2023-01-31 21:59:28; hka-aqm-am116;  18.87;  31.17;   418;   614;     8;     3;     4;     4;  -107;  -107;   7.8; drag-lps8-03; 0; 7; 125000; 3123
2023-01-31 22:14:34; hka-aqm-am116;  18.92;  31.31;   420;   641;     6;     0;     4;     4;  -102;  -102;   7.8; drag-lps8-05; 1; 7; 125000; 3124
2023-01-31 22:29:41; hka-aqm-am116;  18.94;  31.34;   426;   607;     8;     3;     4;     4;  -107;  -107;   8.0; drag-lps8-03; 6; 7; 125000; 3125
2023-01-31 22:44:47; hka-aqm-am116;  18.98;  31.41;   416;   607;     6;     0;     4;     4;  -102;  -102;   7.2; drag-lps8-05; 3; 7; 125000; 3126
2023-01-31 22:59:56; hka-aqm-am116;  19.00;  31.51;   423;   629;     6;     2;     4;     4;  -102;  -102;   5.5; drag-lps8-05; 5; 7; 125000; 3127
2023-01-31 23:15:02; hka-aqm-am116;  19.04;  31.58;   424;   621;     9;     3;     4;     4;  -102;  -102;   8.0; drag-lps8-05; 4; 7; 125000; 3128
2023-01-31 23:30:08; hka-aqm-am116;  19.04;  31.58;   416;   628;     6;     0;     4;     4;  -105;  -105;   6.0; drag-lps8-03; 5; 7; 125000; 3129
2023-01-31 23:45:16; hka-aqm-am116;  19.08;  31.71;   419;   641;     8;     3;     4;     4;  -100;  -100;   7.2; drag-lps8-05; 3; 7; 125000; 3130
