# Logfile LoRaWAN TTN/TTS V3 logger version hka-log V 1.1
date_time;device_id;tmp;hum;CO2;VOC;vis;IR;WIFI;BLE;rssi;channel_rssi;snr;gateway;channel_index;spreading_factor;bandwidth;f_cnt
2023-07-13 00:09:03; hka-aqm-am211;  27.89;  44.00;   544;   606;     6;     0;     7;    11;  -110;  -110;   3.8; drag-lps8-03; 5; 7; 125000; 49
2023-07-13 00:24:16; hka-aqm-am211;  27.90;  43.94;   540;   604;     7;     1;     7;    11;  -108;  -108;   3.8; drag-lps8-03; 6; 7; 125000; 51
2023-07-13 00:39:22; hka-aqm-am211;  27.91;  43.87;   531;   604;     6;     1;     7;    11;  -112;  -112;   2.0; drag-lps8-03; 3; 7; 125000; 52
2023-07-13 00:54:29; hka-aqm-am211;  27.91;  43.81;   528;   604;     6;     2;     2;     0;   -48;   -48;   9.0; drag-lps8-05; 0; 7; 125000; 53
2023-07-13 01:09:35; hka-aqm-am211;  27.93;  43.68;   527;   603;     6;     0;     1;     0;   -47;   -47;   7.2; drag-lps8-05; 2; 7; 125000; 54
2023-07-13 01:24:43; hka-aqm-am211;  27.95;  43.68;   519;   613;     6;     1;     7;    11;  -111;  -111;   5.0; drag-lps8-03; 7; 7; 125000; 55
2023-07-13 01:39:49; hka-aqm-am211;  27.95;  43.61;   522;   607;     6;     0;     4;     0;  -109;  -109;   4.5; drag-lps8-03; 1; 7; 125000; 56
2023-07-13 01:54:55; hka-aqm-am211;  27.95;  43.55;   520;   614;     8;     3;     6;     0;   -48;   -48;  10.0; drag-lps8-05; 6; 7; 125000; 57
2023-07-13 02:10:03; hka-aqm-am211;  27.96;  43.48;   519;   594;     6;     0;     4;     0;   -45;   -45;   7.0; drag-lps8-05; 5; 7; 125000; 58
2023-07-13 02:25:09; hka-aqm-am211;  27.95;  43.42;   516;   595;     8;     3;     2;     0;   -49;   -49;   9.8; drag-lps8-05; 7; 7; 125000; 59
2023-07-13 02:40:15; hka-aqm-am211;  27.94;  43.42;   517;   608;     6;     0;     5;     0;  -107;  -107;   4.0; drag-lps8-03; 2; 7; 125000; 60
2023-07-13 02:55:23; hka-aqm-am211;  27.96;  43.35;   516;   579;     8;     3;     7;    11;   -49;   -49;   9.5; drag-lps8-05; 0; 7; 125000; 61
2023-07-13 03:10:29; hka-aqm-am211;  27.96;  43.32;   513;   586;     6;     0;     0;     0;  -111;  -111;   5.2; drag-lps8-03; 4; 7; 125000; 62
2023-07-13 03:25:36; hka-aqm-am211;  27.96;  43.22;   511;   570;     8;     2;     7;    11;  -111;  -111;   2.8; drag-lps8-03; 3; 7; 125000; 63
2023-07-13 03:40:43; hka-aqm-am211;  27.96;  43.22;   514;   570;     6;     0;     7;    11;  -111;  -111;   5.0; drag-lps8-03; 4; 7; 125000; 64
2023-07-13 03:55:50; hka-aqm-am211;  27.95;  43.16;   508;   585;     6;     0;     3;     0;  -107;  -107;   5.0; drag-lps8-03; 1; 7; 125000; 65
2023-07-13 04:10:56; hka-aqm-am211;  27.97;  43.09;   499;   574;     6;     1;     7;    11;  -112;  -112;   2.0; drag-lps8-03; 3; 7; 125000; 66
2023-07-13 04:26:03; hka-aqm-am211;  27.96;  43.03;   498;   552;     6;     1;     7;    11;   -48;   -48;   8.8; drag-lps8-05; 0; 7; 125000; 67
2023-07-13 04:41:09; hka-aqm-am211;  27.96;  42.96;   499;   576;     8;     3;     7;    11;   -48;   -48;   9.0; drag-lps8-05; 6; 7; 125000; 68
2023-07-13 04:56:16; hka-aqm-am211;  27.98;  42.93;   496;   598;     8;     3;     4;     0;  -107;  -107;   3.0; drag-lps8-03; 5; 7; 125000; 69
2023-07-13 05:11:24; hka-aqm-am211;  27.96;  42.90;   497;   582;     6;     0;     2;     0;   -47;   -47;   7.2; drag-lps8-05; 2; 7; 125000; 70
2023-07-13 05:26:37; hka-aqm-am211;  27.98;  42.86;   496;   583;     9;     3;     3;     0;   -47;   -47;   8.2; drag-lps8-05; 4; 7; 125000; 72
2023-07-13 05:41:43; hka-aqm-am211;  27.97;  42.83;   498;   578;     6;     1;     2;     0;  -109;  -109;   3.8; drag-lps8-03; 5; 7; 125000; 73
2023-07-13 05:56:56; hka-aqm-am211;  27.98;  42.80;   498;   588;    10;     3;     7;    11;   -48;   -48;   9.8; drag-lps8-05; 7; 7; 125000; 75
2023-07-13 06:12:02; hka-aqm-am211;  27.96;  42.77;   491;   589;     7;     1;     7;    11;   -48;   -48;   9.5; drag-lps8-05; 3; 7; 125000; 76
2023-07-13 06:27:09; hka-aqm-am211;  27.93;  42.70;   488;   599;    11;     4;     7;    11;  -107;  -107;   6.0; drag-lps8-03; 1; 7; 125000; 77
2023-07-13 06:42:15; hka-aqm-am211;  27.88;  42.11;   487;   584;     9;     1;     7;    11;  -108;  -108;   6.2; drag-lps8-03; 0; 7; 125000; 78
2023-07-13 06:57:23; hka-aqm-am211;  27.80;  41.92;   491;   601;    12;     4;     7;    11;  -108;  -108;   4.8; drag-lps8-03; 2; 7; 125000; 79
2023-07-13 07:12:29; hka-aqm-am211;  27.76;  41.79;   491;   592;    10;     1;     3;     0;  -109;  -109;   5.0; drag-lps8-03; 0; 7; 125000; 80
2023-07-13 07:21:23; hka-aqm-am211;  27.74;  41.72;   491;   588;   112;    18;     7;    11;  -105;  -105;   5.5; drag-lps8-03; 5; 7; 125000; 81
2023-07-13 07:24:22; hka-aqm-am211;  27.72;  42.05;   493;   601;    11;     1;     3;     0;   -49;   -49;   9.5; drag-lps8-05; 7; 7; 125000; 82
2023-07-13 07:39:28; hka-aqm-am211;  27.67;  41.85;   501;   597;    11;     2;     5;     1;   -47;   -47;   6.2; drag-lps8-05; 2; 7; 125000; 83
2023-07-13 07:54:34; hka-aqm-am211;  27.65;  41.79;   493;   602;    13;     2;     5;     1;  -107;  -107;   5.8; drag-lps8-03; 6; 7; 125000; 84
2023-07-13 08:09:40; hka-aqm-am211;  27.59;  41.66;   504;   605;    15;     4;     4;     1;   -48;   -48;   9.2; drag-lps8-05; 4; 7; 125000; 85
2023-07-13 08:24:47; hka-aqm-am211;  27.54;  41.46;   496;   601;    15;     4;     5;     2;  -109;  -109;   3.2; drag-lps8-03; 1; 7; 125000; 86
2023-07-13 08:39:53; hka-aqm-am211;  27.52;  41.43;   498;   585;    14;     2;     5;     2;  -109;  -109;   2.5; drag-lps8-03; 3; 7; 125000; 87
2023-07-13 08:54:59; hka-aqm-am211;  27.34;  41.85;   524;   592;    15;     3;     5;     4;  -113;  -113;   3.5; drag-lps8-03; 0; 7; 125000; 88
2023-07-13 09:10:06; hka-aqm-am211;  27.02;  42.64;   528;   589;    16;     3;     5;     4;   -48;   -48;  11.0; drag-lps8-05; 4; 7; 125000; 89
2023-07-13 09:25:12; hka-aqm-am211;  26.80;  43.25;   554;   597;    19;     6;     5;     5;   -49;   -49;   9.8; drag-lps8-05; 7; 7; 125000; 90
2023-07-13 09:40:18; hka-aqm-am211;  26.59;  43.51;   559;   588;    20;     6;     2;     4;  -113;  -113;   1.2; drag-lps8-03; 1; 7; 125000; 91
2023-07-13 09:55:25; hka-aqm-am211;  26.43;  43.74;   562;   598;    18;     4;     5;     6;  -115;  -115;  -1.0; drag-lps8-03; 2; 7; 125000; 92
2023-07-13 10:10:31; hka-aqm-am211;  26.26;  43.97;   568;   601;    21;     6;     5;     6;  -108;  -108;   3.5; drag-lps8-03; 5; 7; 125000; 93
2023-07-13 10:25:37; hka-aqm-am211;  26.12;  43.87;   576;   594;    18;     4;     3;     2;   -47;   -47;   8.8; drag-lps8-05; 6; 7; 125000; 94
2023-07-13 10:40:50; hka-aqm-am211;  26.06;  43.71;   579;   588;    23;     5;     4;     4;  -113;  -113;   2.2; drag-lps8-03; 4; 7; 125000; 96
2023-07-13 10:56:05; hka-aqm-am211;  26.12;  43.55;   599;   562;    30;     8;     6;     6;  -111;  -111;   3.8; drag-lps8-03; 7; 7; 125000; 98
2023-07-13 11:11:11; hka-aqm-am211;  26.23;  43.25;   617;   672;    26;     5;     6;     6;  -109;  -109;   3.2; drag-lps8-03; 2; 7; 125000; 99
2023-07-13 11:26:18; hka-aqm-am211;  26.30;  42.90;   640;   730;    39;    10;     6;     6;   -47;   -47;   7.2; drag-lps8-05; 5; 7; 125000; 100
2023-07-13 11:41:25; hka-aqm-am211;  26.38;  42.77;   665;   756;    43;    10;     6;     6;  -108;  -108;   2.0; drag-lps8-03; 6; 7; 125000; 101
2023-07-13 11:56:31; hka-aqm-am211;  26.50;  42.77;   678;   770;    44;    10;     6;     6;  -112;  -112;   1.8; drag-lps8-03; 1; 7; 125000; 102
2023-07-13 12:11:38; hka-aqm-am211;  26.60;  42.64;   723;   829;    47;    11;     6;     7;   -48;   -48;  10.5; drag-lps8-05; 0; 7; 125000; 103
2023-07-13 12:26:45; hka-aqm-am211;  26.72;  42.44;   759;   899;    53;    14;     6;     7;  -111;  -111;   4.5; drag-lps8-03; 7; 7; 125000; 104
2023-07-13 12:41:52; hka-aqm-am211;  26.73;  42.70;   764;   863;    49;    11;     6;     7;   -47;   -47;   9.5; drag-lps8-05; 3; 7; 125000; 105
2023-07-13 12:56:58; hka-aqm-am211;  26.69;  42.93;   791;   817;    55;    12;     6;     7;  -107;  -107;   5.5; drag-lps8-03; 1; 7; 125000; 106
2023-07-13 13:12:04; hka-aqm-am211;  26.58;  43.19;   800;   791;    58;    13;     6;     7;   -48;   -48;   9.8; drag-lps8-05; 6; 7; 125000; 107
2023-07-13 13:27:10; hka-aqm-am211;  26.49;  42.96;   727;   708;    24;     5;     6;     7;  -108;  -108;   4.8; drag-lps8-03; 2; 7; 125000; 108
2023-07-13 13:42:17; hka-aqm-am211;  26.47;  42.96;   751;   765;    20;     4;     6;     8;  -106;  -106;   3.0; drag-lps8-03; 5; 7; 125000; 109
2023-07-13 13:57:26; hka-aqm-am211;  26.45;  42.51;   745;   733;    61;    14;     6;     8;  -109;  -109;   5.2; drag-lps8-03; 0; 7; 125000; 110
2023-07-13 14:12:32; hka-aqm-am211;  26.49;  42.51;   754;   720;    59;    13;     6;     8;  -107;  -107;   5.5; drag-lps8-03; 4; 7; 125000; 111
2023-07-13 14:27:38; hka-aqm-am211;  26.51;  42.24;   710;   696;    58;    14;     6;     8;   -45;   -45;   7.0; drag-lps8-05; 5; 7; 125000; 112
2023-07-13 14:42:46; hka-aqm-am211;  26.52;  42.31;   699;   676;    60;    16;     6;     8;   -47;   -47;   9.8; drag-lps8-05; 1; 7; 125000; 113
2023-07-13 14:57:52; hka-aqm-am211;  26.58;  42.31;   712;   697;    58;    14;     6;     8;  -109;  -109;   4.0; drag-lps8-03; 2; 7; 125000; 114
2023-07-13 15:12:58; hka-aqm-am211;  26.61;  42.28;   735;   717;    58;    14;     6;     9;   -46;   -46;   9.2; drag-lps8-05; 3; 7; 125000; 115
2023-07-13 15:28:06; hka-aqm-am211;  26.64;  42.28;   758;   726;    55;    13;     6;     9;   -46;   -46;   8.8; drag-lps8-05; 0; 7; 125000; 116
2023-07-13 15:43:12; hka-aqm-am211;  26.68;  42.34;   778;   744;    50;    11;     6;     9;   -46;   -46;   9.8; drag-lps8-05; 6; 7; 125000; 117
2023-07-13 15:58:25; hka-aqm-am211;  26.69;  42.34;   793;   745;    50;    13;     6;     9;  -114;  -114;   1.8; drag-lps8-03; 7; 7; 125000; 119
2023-07-13 16:13:38; hka-aqm-am211;  26.73;  42.47;   845;   875;    43;     9;     6;    17;   -46;   -46;   9.2; drag-lps8-05; 6; 7; 125000; 121
2023-07-13 16:28:46; hka-aqm-am211;  26.77;  42.90;   902;   893;    29;     6;     6;    17;  -113;  -113;   2.2; drag-lps8-03; 5; 7; 125000; 122
2023-07-13 16:43:52; hka-aqm-am211;  26.79;  43.03;  1015;   939;    47;    10;     6;    17;   -46;   -46;   8.8; drag-lps8-05; 1; 7; 125000; 123
2023-07-13 16:58:58; hka-aqm-am211;  26.84;  43.22;  1013;   954;    46;    10;     6;    17;  -108;  -108;   4.0; drag-lps8-03; 2; 7; 125000; 124
2023-07-13 17:14:06; hka-aqm-am211;  26.86;  43.29;  1051;   999;    44;    10;     6;    17;  -112;  -112;   3.8; drag-lps8-03; 3; 7; 125000; 125
2023-07-13 17:29:19; hka-aqm-am211;  26.89;  43.29;  1078;  1066;    45;    12;     6;    17;   -49;   -49;   9.2; drag-lps8-05; 7; 7; 125000; 127
2023-07-13 17:44:26; hka-aqm-am211;  26.88;  43.32;  1107;  1098;    41;     9;     6;    17;   -45;   -45;   8.8; drag-lps8-05; 4; 7; 125000; 128
2023-07-13 17:59:33; hka-aqm-am211;  26.83;  43.55;  1092;  1090;    39;     9;     6;    17;  -109;  -109;   5.2; drag-lps8-03; 0; 7; 125000; 129
2023-07-13 18:14:39; hka-aqm-am211;  26.73;  43.42;  1098;  1111;    37;     8;     6;    17;   -48;   -48;  10.0; drag-lps8-05; 3; 7; 125000; 130
2023-07-13 18:29:46; hka-aqm-am211;  26.65;  43.61;  1120;  1206;    29;     6;     6;    17;   -45;   -45;   9.5; drag-lps8-05; 1; 7; 125000; 131
2023-07-13 18:44:53; hka-aqm-am211;  26.56;  43.74;  1128;  1203;    24;     5;     6;    17;  -108;  -108;   3.0; drag-lps8-03; 2; 7; 125000; 132
2023-07-13 18:59:59; hka-aqm-am211;  26.48;  43.71;  1148;  1260;    32;     7;     6;    17;  -108;  -108;   4.8; drag-lps8-03; 5; 7; 125000; 133
2023-07-13 19:15:06; hka-aqm-am211;  26.39;  44.10;  1158;  1293;    29;     6;     6;    17;  -108;  -108;   6.2; drag-lps8-03; 7; 7; 125000; 134
2023-07-13 19:30:12; hka-aqm-am211;  26.30;  44.07;  1160;  1402;    27;     8;     6;    17;  -109;  -109;   3.8; drag-lps8-03; 6; 7; 125000; 135
2023-07-13 19:45:18; hka-aqm-am211;  26.21;  44.16;  1166;  1358;    20;     4;     6;    17;  -108;  -108;   4.5; drag-lps8-03; 1; 7; 125000; 136
2023-07-13 20:00:25; hka-aqm-am211;  26.16;  45.30;  1162;  1332;    19;     4;     6;    17;  -109;  -109;   6.0; drag-lps8-03; 7; 7; 125000; 137
2023-07-13 20:15:32; hka-aqm-am211;  26.28;  45.01;  1151;  1313;    18;     3;     6;    17;   -48;   -48;  11.2; drag-lps8-05; 3; 7; 125000; 138
2023-07-13 20:30:38; hka-aqm-am211;  26.42;  44.68;  1131;  1293;    17;     3;     6;    17;   -48;   -48;   9.5; drag-lps8-05; 4; 7; 125000; 139
2023-07-13 20:45:46; hka-aqm-am211;  26.54;  44.46;  1117;  1275;    18;     5;     6;    17;   -46;   -46;   6.8; drag-lps8-05; 2; 7; 125000; 140
2023-07-13 21:00:59; hka-aqm-am211;  26.64;  44.23;  1102;  1253;    17;     5;     6;    17;  -110;  -110;   5.0; drag-lps8-03; 0; 7; 125000; 142
2023-07-13 21:16:06; hka-aqm-am211;  26.75;  44.07;  1091;  1258;    17;     5;     6;    17;  -111;  -111;   1.8; drag-lps8-03; 5; 7; 125000; 143
2023-07-13 21:31:19; hka-aqm-am211;  26.83;  43.90;  1066;  1237;    14;     2;     6;    17;   -46;   -46;   7.5; drag-lps8-05; 2; 7; 125000; 145
2023-07-13 21:46:27; hka-aqm-am211;  26.90;  43.81;  1061;  1213;    14;     2;     6;    17;  -107;  -107;   5.0; drag-lps8-03; 1; 7; 125000; 146
2023-07-13 22:01:33; hka-aqm-am211;  26.99;  43.68;  1036;  1201;    14;     2;     6;    17;   -49;   -49;   9.2; drag-lps8-05; 7; 7; 125000; 147
2023-07-13 22:16:40; hka-aqm-am211;  27.05;  43.61;  1009;  1140;    14;     2;     6;    17;  -109;  -109;   3.8; drag-lps8-03; 3; 7; 125000; 148
2023-07-13 22:31:47; hka-aqm-am211;  27.08;  43.55;   996;  1171;    17;     5;     6;    17;   -47;   -47;   9.5; drag-lps8-05; 4; 7; 125000; 149
2023-07-13 22:46:54; hka-aqm-am211;  27.14;  43.48;   992;  1155;    14;     2;     6;    17;   -47;   -47;   9.5; drag-lps8-05; 6; 7; 125000; 150
2023-07-13 23:02:00; hka-aqm-am211;  27.18;  43.42;   959;  1096;    14;     2;     6;    17;  -108;  -108;   2.5; drag-lps8-03; 5; 7; 125000; 151
2023-07-13 23:17:07; hka-aqm-am211;  27.21;  43.35;   945;  1069;    14;     2;     6;    17;   -48;   -48;   9.8; drag-lps8-05; 1; 7; 125000; 152
2023-07-13 23:32:13; hka-aqm-am211;  27.26;  43.35;   928;  1061;    14;     2;     6;    17;   -46;   -46;   9.2; drag-lps8-05; 4; 7; 125000; 153
2023-07-13 23:47:20; hka-aqm-am211;  27.29;  43.29;   917;  1068;    14;     2;     6;    17;  -108;  -108;   4.8; drag-lps8-03; 6; 7; 125000; 154
