# Logfile LoRaWAN TTN/TTS V3 logger version hka-log V 1.1
date_time;device_id;tmp;hum;CO2;VOC;vis;IR;WIFI;BLE;rssi;channel_rssi;snr;gateway;channel_index;spreading_factor;bandwidth;f_cnt
2023-03-14 00:03:22; hka-aqm-am205;  21.64;  34.92;   508;   746;     6;     1;     0;     0;   -91;   -91;   9.5; drag-lps8-05; 7; 8; 125000; 6565
2023-03-14 00:18:29; hka-aqm-am205;  21.66;  34.99;   509;   711;     8;     2;     3;     3;   -99;   -99;   8.0; drag-lps8-03; 5; 8; 125000; 6566
2023-03-14 00:33:35; hka-aqm-am205;  21.54;  35.06;   509;   708;     6;     0;     1;     0;  -100;  -100;  10.5; drag-lps8-03; 3; 8; 125000; 6567
2023-03-14 00:48:41; hka-aqm-am205;  21.56;  35.19;   504;   759;     6;     1;     0;     0;   -93;   -93;  10.5; drag-lps8-05; 0; 8; 125000; 6568
2023-03-14 01:03:49; hka-aqm-am205;  21.51;  35.26;   499;   706;     6;     1;     3;     3;   -90;   -90;   9.0; drag-lps8-05; 4; 8; 125000; 6569
2023-03-14 01:18:55; hka-aqm-am205;  21.64;  35.39;   490;   731;     8;     2;     0;     0;   -98;   -98;   9.0; drag-lps8-03; 6; 8; 125000; 6570
2023-03-14 01:34:01; hka-aqm-am205;  21.53;  35.46;   487;   687;     6;     0;     0;     0;   -97;   -97;   8.2; drag-lps8-03; 2; 8; 125000; 6571
2023-03-14 01:49:08; hka-aqm-am205;  21.47;  35.49;   480;   679;     6;     0;     3;     3;   -93;   -93;  11.0; drag-lps8-05; 4; 8; 125000; 6572
2023-03-14 02:04:15; hka-aqm-am205;  21.56;  35.46;   483;   678;     8;     2;     0;     0;   -91;   -91;   8.8; drag-lps8-05; 2; 8; 125000; 6573
2023-03-14 02:19:21; hka-aqm-am205;  21.42;  35.52;   481;   674;     6;     0;     1;     0;   -90;   -90;   9.2; drag-lps8-05; 6; 8; 125000; 6574
2023-03-14 02:34:28; hka-aqm-am205;  21.55;  35.52;   482;   655;     6;     1;     3;     3;   -92;   -92;   9.5; drag-lps8-03; 1; 8; 125000; 6575
2023-03-14 02:49:34; hka-aqm-am205;  21.50;  35.52;   477;   651;     6;     0;     1;     0;   -97;   -97;   7.8; drag-lps8-03; 5; 8; 125000; 6576
2023-03-14 03:04:40; hka-aqm-am205;  21.46;  35.52;   472;   644;     6;     1;     1;     0;  -100;  -100;  10.2; drag-lps8-03; 3; 8; 125000; 6577
2023-03-14 03:19:49; hka-aqm-am205;  21.68;  35.52;   477;   621;     6;     0;     3;     3;   -91;   -91;  10.0; drag-lps8-05; 0; 8; 125000; 6578
2023-03-14 03:34:56; hka-aqm-am205;  21.71;  35.46;   477;   631;     6;     1;     1;     0;   -93;   -93;  11.0; drag-lps8-05; 7; 8; 125000; 6579
2023-03-14 03:50:02; hka-aqm-am205;  21.66;  35.52;   468;   613;     8;     2;     0;     0;   -99;   -99;  10.5; drag-lps8-03; 1; 8; 125000; 6580
2023-03-14 04:05:08; hka-aqm-am205;  21.86;  35.42;   465;   614;     6;     0;     3;     3;   -93;   -93;  11.0; drag-lps8-05; 3; 8; 125000; 6581
2023-03-14 04:20:14; hka-aqm-am205;  21.81;  35.49;   464;   607;     6;     0;     0;     0;   -93;   -93;  11.8; drag-lps8-05; 4; 8; 125000; 6582
2023-03-14 04:35:21; hka-aqm-am205;  21.76;  35.49;   464;   600;     6;     1;     1;     0;  -100;  -100;   8.8; drag-lps8-03; 5; 8; 125000; 6583
2023-03-14 04:50:29; hka-aqm-am205;  21.85;  35.52;   464;   595;     6;     0;     3;     3;  -102;  -102;   9.0; drag-lps8-03; 7; 8; 125000; 6584
2023-03-14 05:05:35; hka-aqm-am205;  21.82;  35.56;   452;   587;     6;     1;     1;     0;   -92;   -92;  10.8; drag-lps8-05; 0; 8; 125000; 6585
2023-03-14 05:20:42; hka-aqm-am205;  21.72;  35.66;   453;   577;     6;     0;     0;     0;  -101;  -101;   8.0; drag-lps8-03; 2; 8; 125000; 6586
2023-03-14 05:35:48; hka-aqm-am205;  21.89;  35.59;   452;   574;     6;     0;     3;     3;   -91;   -91;  10.2; drag-lps8-05; 6; 8; 125000; 6587
2023-03-14 05:50:54; hka-aqm-am205;  21.82;  35.66;   450;   564;     8;     2;     0;     0;  -101;  -101;   9.2; drag-lps8-03; 3; 8; 125000; 6588
2023-03-14 06:06:01; hka-aqm-am205;  21.73;  35.72;   440;   566;     6;     1;     0;     0;   -91;   -91;  11.5; drag-lps8-05; 1; 8; 125000; 6589
2023-03-14 06:21:09; hka-aqm-am205;  21.80;  35.86;   444;   569;     7;     1;     3;     3;   -97;   -97;  11.8; drag-lps8-03; 4; 8; 125000; 6590
2023-03-14 06:36:15; hka-aqm-am205;  21.83;  35.79;   438;   571;    18;     3;     0;     0;   -91;   -91;   8.0; drag-lps8-05; 5; 8; 125000; 6591
2023-03-14 06:51:21; hka-aqm-am205;  21.72;  35.86;   442;   579;   157;    35;     1;     0;   -91;   -91;  12.0; drag-lps8-05; 7; 8; 125000; 6592
2023-03-14 07:06:29; hka-aqm-am205;  21.73;  36.06;   443;   582;   247;    58;     3;     3;   -98;   -98;   8.5; drag-lps8-03; 0; 8; 125000; 6593
2023-03-14 07:11:46; hka-aqm-am205;  21.80;  36.02;   442;   578;   476;   130;     3;     3;   -89;   -89;   7.5; drag-lps8-05; 2; 8; 125000; 6594
2023-03-14 07:12:09; hka-aqm-am205;  21.84;  36.06;   440;   581;   536;   149;     1;     0;   -99;   -99;   8.8; drag-lps8-03; 6; 8; 125000; 6595
2023-03-14 07:13:06; hka-aqm-am205;  21.83;  35.99;   442;   556;   641;   186;     1;     0;   -91;   -91;  11.8; drag-lps8-05; 7; 8; 125000; 6596
2023-03-14 07:13:26; hka-aqm-am205;  21.86;  35.99;   440;   564;  1225;   392;     2;     0;   -98;   -98;   8.5; drag-lps8-03; 6; 8; 125000; 6597
2023-03-14 07:13:48; hka-aqm-am205;  21.83;  35.99;   439;   570;   692;   213;     2;     0;  -102;  -102;  10.2; drag-lps8-03; 4; 8; 125000; 6598
2023-03-14 07:14:07; hka-aqm-am205;  21.95;  35.99;   438;   574;   607;   182;     0;     0;   -90;   -90;   9.8; drag-lps8-05; 0; 8; 125000; 6599
2023-03-14 07:14:47; hka-aqm-am205;  21.90;  35.99;   438;   577;   686;   205;     2;     0;  -105;  -105;   7.0; drag-lps8-03; 2; 8; 125000; 6600
2023-03-14 07:15:07; hka-aqm-am205;  21.90;  36.06;   438;   580;   752;   223;     2;     0;  -103;  -103;  10.5; drag-lps8-03; 3; 8; 125000; 6601
2023-03-14 07:15:49; hka-aqm-am205;  21.84;  35.99;   438;   581;   722;   215;     1;     0;  -103;  -103;   9.0; drag-lps8-03; 1; 8; 125000; 6602
2023-03-14 07:16:48; hka-aqm-am205;  22.03;  35.96;   438;   581;   918;   281;     3;     1;  -100;  -100;   7.5; drag-lps8-03; 5; 8; 125000; 6603
2023-03-14 07:17:09; hka-aqm-am205;  21.93;  35.96;   438;   595;  1019;   315;     1;     0;   -90;   -90;  11.2; drag-lps8-05; 1; 8; 125000; 6604
2023-03-14 07:17:46; hka-aqm-am205;  21.86;  35.99;   442;   592;  1079;   336;     1;     0;  -103;  -103;   7.0; drag-lps8-03; 2; 8; 125000; 6605
2023-03-14 07:18:07; hka-aqm-am205;  21.90;  35.99;   440;   587;  1236;   387;     1;     0;  -102;  -102;   9.5; drag-lps8-03; 7; 8; 125000; 6606
2023-03-14 07:18:28; hka-aqm-am205;  21.95;  35.92;   439;   584;  1552;   495;     1;     0;   -90;   -90;  11.2; drag-lps8-05; 4; 8; 125000; 6607
2023-03-14 07:18:48; hka-aqm-am205;  21.92;  35.99;   439;   584;  2065;   671;     1;     0;   -91;   -91;  11.2; drag-lps8-05; 3; 8; 125000; 6608
2023-03-14 07:19:08; hka-aqm-am205;  21.94;  35.96;   439;   583;  2571;   848;     0;     0;   -90;   -90;   8.0; drag-lps8-05; 5; 8; 125000; 6609
2023-03-14 07:20:06; hka-aqm-am205;  21.98;  35.92;   446;   582;  3177;  1056;     2;     0;  -101;  -101;   8.2; drag-lps8-03; 6; 8; 125000; 6610
2023-03-14 07:20:27; hka-aqm-am205;  21.99;  35.92;   444;   583;  2428;   799;     1;     0;   -91;   -91;  11.0; drag-lps8-05; 0; 8; 125000; 6611
2023-03-14 07:20:48; hka-aqm-am205;  22.02;  35.92;   443;   582;  1054;   327;     2;     0;   -90;   -90;   8.2; drag-lps8-05; 5; 8; 125000; 6612
2023-03-14 07:21:07; hka-aqm-am205;  21.96;  35.86;   442;   582;   956;   288;     2;     0;  -102;  -102;   9.0; drag-lps8-03; 3; 8; 125000; 6613
2023-03-14 07:21:47; hka-aqm-am205;  22.00;  35.86;   446;   611;  1193;   360;     1;     0;  -105;  -105;  10.2; drag-lps8-03; 7; 8; 125000; 6614
2023-03-14 07:22:08; hka-aqm-am205;  22.05;  35.86;   444;   600;  1372;   419;     1;     0;   -90;   -90;   7.8; drag-lps8-05; 2; 8; 125000; 6615
2023-03-14 07:22:29; hka-aqm-am205;  22.02;  35.86;   443;   594;  1313;   400;     1;     0;  -103;  -103;   9.2; drag-lps8-03; 1; 8; 125000; 6616
2023-03-14 07:24:07; hka-aqm-am205;  22.19;  35.79;   449;   582;   823;   237;     1;     0;   -90;   -90;  11.5; drag-lps8-05; 6; 8; 125000; 6617
2023-03-14 07:24:28; hka-aqm-am205;  22.12;  35.72;   446;   583;   762;   215;     1;     0;  -108;  -108;  10.0; drag-lps8-03; 0; 8; 125000; 6618
2023-03-14 07:24:48; hka-aqm-am205;  22.20;  35.76;   444;   593;   677;   189;     1;     0;  -100;  -100;  10.0; drag-lps8-03; 4; 8; 125000; 6619
2023-03-14 07:25:47; hka-aqm-am205;  22.23;  35.76;   441;   592;   798;   231;     1;     0;  -103;  -103;  10.5; drag-lps8-03; 0; 8; 125000; 6620
2023-03-14 07:26:07; hka-aqm-am205;  22.19;  35.66;   441;   589;   703;   199;     1;     0;  -100;  -100;  10.8; drag-lps8-03; 3; 8; 125000; 6621
2023-03-14 07:26:46; hka-aqm-am205;  22.27;  35.72;   445;   587;   593;   163;     1;     1;   -99;   -99;  10.8; drag-lps8-03; 4; 8; 125000; 6622
2023-03-14 07:27:06; hka-aqm-am205;  22.30;  35.66;   443;   585;   486;   127;     1;     0;   -90;   -90;  10.8; drag-lps8-05; 7; 8; 125000; 6623
2023-03-14 07:27:26; hka-aqm-am205;  22.26;  35.66;   443;   584;   427;   108;     1;     0;   -97;   -97;   7.2; drag-lps8-03; 2; 8; 125000; 6624
2023-03-14 07:29:47; hka-aqm-am205;  22.24;  35.62;   441;   580;   357;    95;     3;     0;   -99;   -99;  10.0; drag-lps8-03; 1; 8; 125000; 6625
2023-03-14 07:30:28; hka-aqm-am205;  22.14;  35.62;   446;   580;   239;    58;     1;     0;   -99;   -99;   9.8; drag-lps8-03; 6; 8; 125000; 6626
2023-03-14 07:45:34; hka-aqm-am205;  22.04;  35.66;   438;   588;   204;    53;     2;     0;   -93;   -93;   8.2; drag-lps8-03; 5; 8; 125000; 6627
2023-03-14 08:00:54; hka-aqm-am205;  21.88;  35.82;   442;   585;   230;    60;     1;     0;   -91;   -91;   8.5; drag-lps8-05; 5; 8; 125000; 6629
2023-03-14 08:16:00; hka-aqm-am205;  21.92;  35.92;   437;   585;   312;    83;     0;     0;   -91;   -91;  10.8; drag-lps8-05; 7; 8; 125000; 6630
2023-03-14 08:31:09; hka-aqm-am205;  21.88;  35.92;   450;   585;   474;   125;     3;     0;  -100;  -100;   8.5; drag-lps8-03; 3; 8; 125000; 6631
2023-03-14 08:32:09; hka-aqm-am205;  21.96;  35.92;   443;   584;   568;   151;     3;     0;   -90;   -90;   9.0; drag-lps8-05; 0; 8; 125000; 6632
2023-03-14 08:39:07; hka-aqm-am205;  21.99;  35.86;   442;   579;   809;   213;     2;     1;  -100;  -100;   7.5; drag-lps8-03; 2; 8; 125000; 6633
2023-03-14 08:40:07; hka-aqm-am205;  21.97;  35.92;   442;   580;   892;   236;     1;     0;  -101;  -101;   9.0; drag-lps8-03; 1; 8; 125000; 6634
2023-03-14 08:40:28; hka-aqm-am205;  21.97;  35.92;   440;   585;   987;   263;     1;     0;  -100;  -100;  10.5; drag-lps8-03; 4; 8; 125000; 6635
2023-03-14 08:40:48; hka-aqm-am205;  21.92;  35.92;   439;   584;  1094;   293;     1;     0;   -93;   -93;  11.2; drag-lps8-05; 3; 8; 125000; 6636
2023-03-14 08:41:07; hka-aqm-am205;  21.93;  35.86;   438;   583;  1175;   315;     0;     0;  -100;  -100;   7.5; drag-lps8-03; 2; 8; 125000; 6637
2023-03-14 08:41:28; hka-aqm-am205;  21.97;  35.86;   439;   610;  1226;   328;     0;     0;   -91;   -91;   9.2; drag-lps8-05; 0; 8; 125000; 6638
2023-03-14 08:42:08; hka-aqm-am205;  21.95;  35.86;   439;   599;  1320;   351;     0;     0;   -99;   -99;  11.2; drag-lps8-03; 6; 8; 125000; 6639
2023-03-14 08:43:08; hka-aqm-am205;  21.99;  35.86;   439;   589;  1467;   394;     2;     0;   -93;   -93;  10.0; drag-lps8-03; 4; 8; 125000; 6640
2023-03-14 08:44:48; hka-aqm-am205;  21.94;  35.82;   444;   585;  1390;   371;     1;     0;   -91;   -91;  11.0; drag-lps8-05; 7; 8; 125000; 6641
2023-03-14 08:45:09; hka-aqm-am205;  22.00;  35.82;   443;   585;  1338;   356;     3;     0;   -97;   -97;   8.0; drag-lps8-03; 5; 8; 125000; 6642
2023-03-14 08:47:28; hka-aqm-am205;  22.04;  35.86;   444;   584;  1131;   304;     3;     0;   -92;   -92;   9.2; drag-lps8-03; 1; 8; 125000; 6643
2023-03-14 08:48:48; hka-aqm-am205;  22.02;  35.72;   442;   581;  1321;   363;     2;     0;  -100;  -100;   7.8; drag-lps8-03; 5; 8; 125000; 6644
2023-03-14 08:56:47; hka-aqm-am205;  22.18;  35.69;   442;   583;   684;   183;     2;     1;   -91;   -91;  10.5; drag-lps8-05; 1; 8; 125000; 6645
2023-03-14 09:11:54; hka-aqm-am205;  22.12;  35.69;   445;   580;   568;   145;     0;     1;   -97;   -97;  10.5; drag-lps8-03; 4; 8; 125000; 6646
2023-03-14 09:27:00; hka-aqm-am205;  22.08;  35.76;   451;   586;   629;   162;     2;     0;   -93;   -93;  10.8; drag-lps8-05; 7; 8; 125000; 6647
2023-03-14 09:42:07; hka-aqm-am205;  22.12;  35.79;   454;   563;   692;   179;     3;     3;   -91;   -91;  10.2; drag-lps8-05; 3; 8; 125000; 6648
2023-03-14 09:44:28; hka-aqm-am205;  22.13;  35.79;   458;   587;   728;   189;     3;     3;   -99;   -99;   7.8; drag-lps8-03; 2; 8; 125000; 6649
2023-03-14 09:46:28; hka-aqm-am205;  22.21;  35.79;   456;   596;   943;   248;     1;     3;   -89;   -89;   9.5; drag-lps8-05; 0; 8; 125000; 6650
2023-03-14 09:47:07; hka-aqm-am205;  22.10;  35.76;   456;   593;  1065;   284;     0;     3;   -96;   -96;   9.2; drag-lps8-03; 6; 8; 125000; 6651
2023-03-14 09:48:29; hka-aqm-am205;  22.09;  35.76;   459;   642;  1157;   314;     2;     3;   -97;   -97;  11.0; drag-lps8-03; 4; 8; 125000; 6652
2023-03-14 09:48:49; hka-aqm-am205;  22.19;  35.79;   459;   625;  1099;   289;     2;     0;   -97;   -97;  11.5; drag-lps8-03; 1; 8; 125000; 6653
2023-03-14 09:52:07; hka-aqm-am205;  22.21;  35.76;   462;   617;   903;   237;     3;     2;   -91;   -91;  11.5; drag-lps8-05; 3; 8; 125000; 6654
2023-03-14 09:52:49; hka-aqm-am205;  22.04;  35.79;   462;   604;   795;   209;     3;     0;   -91;   -91;  11.5; drag-lps8-05; 7; 8; 125000; 6655
2023-03-14 09:53:08; hka-aqm-am205;  22.16;  35.79;   462;   598;   744;   195;     1;     0;   -91;   -91;   8.0; drag-lps8-05; 5; 8; 125000; 6656
2023-03-14 10:08:14; hka-aqm-am205;  22.16;  35.79;   484;   618;   759;   197;     1;     6;   -91;   -91;   9.2; drag-lps8-05; 6; 8; 125000; 6657
2023-03-14 10:09:28; hka-aqm-am205;  22.28;  35.82;   487;   607;   881;   231;     3;     6;   -97;   -97;   7.8; drag-lps8-03; 2; 8; 125000; 6658
2023-03-14 10:19:26; hka-aqm-am205;  22.21;  35.79;   486;   599;  1231;   332;     2;     5;   -97;   -97;   9.2; drag-lps8-03; 0; 8; 125000; 6659
2023-03-14 10:24:49; hka-aqm-am205;  22.34;  35.79;   493;   605;  1007;   266;     2;     4;   -96;   -96;  10.8; drag-lps8-03; 6; 8; 125000; 6660
2023-03-14 10:39:55; hka-aqm-am205;  22.41;  35.72;   507;   612;   619;   159;     2;     1;   -90;   -90;   8.0; drag-lps8-05; 2; 8; 125000; 6661
2023-03-14 10:55:01; hka-aqm-am205;  22.54;  35.79;   522;   590;   992;   255;     1;     2;   -96;   -96;  10.8; drag-lps8-03; 4; 8; 125000; 6662
2023-03-14 10:58:08; hka-aqm-am205;  22.45;  35.72;   537;   620;   855;   222;     3;     4;   -93;   -93;  11.0; drag-lps8-05; 7; 8; 125000; 6663
2023-03-14 11:13:14; hka-aqm-am205;  22.48;  35.72;   547;   633;   740;   193;     2;     5;   -99;   -99;   9.8; drag-lps8-03; 0; 8; 125000; 6664
2023-03-14 11:23:47; hka-aqm-am205;  22.57;  35.72;   561;   656;   827;   218;     3;    10;   -90;   -90;   9.2; drag-lps8-05; 1; 8; 125000; 6665
2023-03-14 11:38:53; hka-aqm-am205;  22.61;  35.72;   577;   645;   869;   225;     2;     9;   -94;   -94;  10.5; drag-lps8-05; 3; 8; 125000; 6666
2023-03-14 11:43:27; hka-aqm-am205;  22.64;  35.86;   590;   655;   612;   157;     3;    14;   -97;   -97;   7.2; drag-lps8-03; 5; 8; 125000; 6667
2023-03-14 11:58:33; hka-aqm-am205;  22.61;  36.02;   625;   674;   639;   163;     1;     7;   -95;   -95;  10.0; drag-lps8-03; 4; 8; 125000; 6668
2023-03-14 12:03:27; hka-aqm-am205;  22.64;  36.12;   629;   681;   538;   136;     3;    12;  -101;  -101;   7.5; drag-lps8-03; 2; 8; 125000; 6669
2023-03-14 12:11:46; hka-aqm-am205;  22.58;  36.19;   641;   685;   353;    87;     2;    11;  -101;  -101;   9.2; drag-lps8-03; 0; 8; 125000; 6670
2023-03-14 12:12:26; hka-aqm-am205;  22.61;  36.19;   643;   684;   409;   100;     2;     7;   -90;   -90;  10.8; drag-lps8-05; 1; 8; 125000; 6671
2023-03-14 12:18:49; hka-aqm-am205;  22.57;  36.22;   640;   684;   701;   175;     2;    10;  -102;  -102;   7.5; drag-lps8-03; 5; 8; 125000; 6672
2023-03-14 12:20:48; hka-aqm-am205;  22.59;  36.19;   644;   690;   792;   200;     1;    10;   -94;   -94;  10.5; drag-lps8-05; 6; 8; 125000; 6673
2023-03-14 12:22:07; hka-aqm-am205;  22.54;  36.29;   645;   672;   937;   239;     1;    10;   -95;   -95;  10.2; drag-lps8-05; 3; 8; 125000; 6674
2023-03-14 12:22:28; hka-aqm-am205;  22.58;  36.25;   645;   676;   990;   252;     1;     7;   -87;   -87;  10.5; drag-lps8-05; 7; 8; 125000; 6675
2023-03-14 12:26:28; hka-aqm-am205;  22.54;  36.25;   652;   691;  1079;   284;     3;     9;   -91;   -91;  10.8; drag-lps8-05; 1; 8; 125000; 6676
2023-03-14 12:28:48; hka-aqm-am205;  22.57;  36.29;   654;   691;  1016;   263;     2;     7;  -102;  -102;  10.5; drag-lps8-03; 7; 8; 125000; 6677
2023-03-14 12:29:28; hka-aqm-am205;  22.59;  36.29;   650;   692;   941;   240;     2;     6;   -93;   -93;  10.2; drag-lps8-05; 6; 8; 125000; 6678
2023-03-14 12:30:27; hka-aqm-am205;  22.59;  36.29;   658;   690;   861;   218;     2;     5;  -103;  -103;   6.8; drag-lps8-03; 2; 8; 125000; 6679
2023-03-14 12:31:48; hka-aqm-am205;  22.56;  36.25;   655;   688;   714;   181;     2;     5;  -102;  -102;   9.8; drag-lps8-03; 3; 8; 125000; 6680
2023-03-14 12:46:55; hka-aqm-am205;  22.58;  36.42;   673;   703;   323;    81;     2;     3;   -88;   -88;  11.5; drag-lps8-05; 4; 8; 125000; 6681
2023-03-14 13:02:01; hka-aqm-am205;  22.48;  36.65;   691;   702;   421;   108;     0;     7;   -91;   -91;  10.8; drag-lps8-05; 0; 8; 125000; 6682
2023-03-14 13:17:07; hka-aqm-am205;  22.44;  36.79;   713;   702;   701;   183;     4;    17;   -91;   -91;   7.5; drag-lps8-05; 5; 8; 125000; 6683
2023-03-14 13:26:27; hka-aqm-am205;  22.39;  36.85;   714;   720;   993;   266;     4;    17;   -91;   -91;  10.5; drag-lps8-05; 0; 8; 125000; 6684
2023-03-14 13:30:27; hka-aqm-am205;  22.45;  36.85;   717;   707;  1167;   312;     1;    11;  -100;  -100;   7.8; drag-lps8-03; 2; 8; 125000; 6685
2023-03-14 13:31:27; hka-aqm-am205;  22.39;  36.89;   714;   719;  1190;   313;     1;    14;   -91;   -91;  11.2; drag-lps8-05; 6; 8; 125000; 6686
2023-03-14 13:31:47; hka-aqm-am205;  22.44;  36.85;   714;   721;  1265;   340;     1;    11;   -99;   -99;   9.2; drag-lps8-03; 4; 8; 125000; 6687
2023-03-14 13:32:47; hka-aqm-am205;  22.43;  36.85;   718;   716;  1394;   379;     1;    13;   -89;   -89;  10.0; drag-lps8-05; 1; 8; 125000; 6688
2023-03-14 13:34:47; hka-aqm-am205;  22.44;  36.85;   713;   731;  1368;   357;     1;    14;   -91;   -91;  11.2; drag-lps8-05; 3; 8; 125000; 6689
2023-03-14 13:35:08; hka-aqm-am205;  22.46;  36.82;   713;   722;  1274;   323;     0;    14;  -101;  -101;  10.0; drag-lps8-03; 7; 8; 125000; 6690
2023-03-14 13:37:08; hka-aqm-am205;  22.44;  36.85;   718;   709;  1498;   395;     3;    13;  -101;  -101;   7.2; drag-lps8-03; 5; 8; 125000; 6691
2023-03-14 13:37:48; hka-aqm-am205;  22.50;  36.82;   716;   712;  1442;   371;     2;    11;  -105;  -105;   7.8; drag-lps8-03; 2; 8; 125000; 6692
2023-03-14 13:39:26; hka-aqm-am205;  22.56;  36.75;   722;   708;  1477;   388;     1;    12;   -94;   -94;   9.0; drag-lps8-05; 7; 8; 125000; 6693
2023-03-14 13:40:48; hka-aqm-am205;  22.50;  36.72;   721;   716;  1307;   324;     1;    12;  -101;  -101;  10.5; drag-lps8-03; 3; 8; 125000; 6694
2023-03-14 13:41:47; hka-aqm-am205;  22.56;  36.79;   724;   725;  1401;   358;     2;    11;  -100;  -100;   7.5; drag-lps8-03; 5; 8; 125000; 6695
2023-03-14 13:42:08; hka-aqm-am205;  22.56;  36.72;   722;   722;  1329;   333;     3;    11;  -101;  -101;   9.5; drag-lps8-03; 6; 8; 125000; 6696
2023-03-14 13:42:48; hka-aqm-am205;  22.58;  36.65;   720;   719;  1308;   326;     3;    11;   -93;   -93;  10.0; drag-lps8-05; 4; 8; 125000; 6697
2023-03-14 13:53:47; hka-aqm-am205;  22.64;  36.52;   726;   734;  1267;   317;     3;    12;  -102;  -102;   9.2; drag-lps8-03; 1; 8; 125000; 6698
2023-03-14 13:56:07; hka-aqm-am205;  22.71;  36.45;   724;   727;  1176;   292;     2;    15;  -103;  -103;  10.8; drag-lps8-03; 0; 8; 125000; 6699
2023-03-14 13:58:47; hka-aqm-am205;  22.66;  36.55;   731;   721;  1261;   328;     2;    12;   -93;   -93;  10.5; drag-lps8-05; 7; 8; 125000; 6700
2023-03-14 13:59:07; hka-aqm-am205;  22.72;  36.45;   730;   726;  1184;   302;     1;    11;  -105;  -105;   8.2; drag-lps8-03; 0; 8; 125000; 6701
2023-03-14 14:14:14; hka-aqm-am205;  22.76;  36.52;   744;   775;   852;   220;     1;    14;  -103;  -103;   9.2; drag-lps8-03; 3; 8; 125000; 6702
2023-03-14 14:29:20; hka-aqm-am205;  22.74;  36.52;   751;   751;   498;   132;     0;    10;   -90;   -90;  12.0; drag-lps8-05; 1; 8; 125000; 6703
2023-03-14 14:44:29; hka-aqm-am205;  22.61;  36.72;   766;   808;   471;   125;     3;    16;   -91;   -91;   8.2; drag-lps8-05; 2; 8; 125000; 6704
2023-03-14 14:59:35; hka-aqm-am205;  22.61;  36.85;   766;   835;   835;   219;     1;    10;  -102;  -102;  10.0; drag-lps8-03; 6; 8; 125000; 6705
2023-03-14 15:00:06; hka-aqm-am205;  22.62;  36.85;   771;   836;   928;   250;     3;    16;   -91;   -91;   9.8; drag-lps8-05; 4; 8; 125000; 6706
2023-03-14 15:02:07; hka-aqm-am205;  22.60;  36.85;   774;   865;  1097;   299;     2;    13;   -91;   -91;   7.5; drag-lps8-05; 5; 8; 125000; 6707
2023-03-14 15:02:27; hka-aqm-am205;  22.62;  36.85;   772;   857;  1163;   322;     2;    10;   -86;   -86;   9.2; drag-lps8-05; 6; 8; 125000; 6708
2023-03-14 15:03:08; hka-aqm-am205;  22.58;  36.82;   774;   852;   918;   239;     2;    15;   -90;   -90;   9.0; drag-lps8-05; 0; 8; 125000; 6709
2023-03-14 15:08:47; hka-aqm-am205;  22.54;  36.82;   773;   854;   941;   249;     1;    15;   -91;   -91;  11.2; drag-lps8-05; 3; 8; 125000; 6710
2023-03-14 15:09:07; hka-aqm-am205;  22.57;  36.85;   773;   854;   856;   220;     1;     8;   -90;   -90;  11.2; drag-lps8-05; 4; 8; 125000; 6711
2023-03-14 15:12:08; hka-aqm-am205;  22.61;  36.85;   777;   865;  1034;   289;     2;    10;   -90;   -90;  11.5; drag-lps8-05; 1; 8; 125000; 6712
2023-03-14 15:13:46; hka-aqm-am205;  22.66;  36.82;   778;   866;   934;   256;     1;     8;   -90;   -90;   7.8; drag-lps8-05; 2; 8; 125000; 6713
2023-03-14 15:15:26; hka-aqm-am205;  22.58;  36.82;   779;   874;   779;   206;     3;     8;   -99;   -99;   8.5; drag-lps8-03; 7; 8; 125000; 6714
2023-03-14 15:18:27; hka-aqm-am205;  22.67;  36.79;   777;   852;   967;   276;     1;    10;  -101;  -101;   7.8; drag-lps8-03; 5; 8; 125000; 6715
2023-03-14 15:21:47; hka-aqm-am205;  22.68;  36.82;   786;   885;   794;   215;     2;    14;  -103;  -103;  10.8; drag-lps8-03; 1; 8; 125000; 6716
2023-03-14 15:22:07; hka-aqm-am205;  22.68;  36.79;   787;   887;   871;   243;     2;    14;   -87;   -87;  10.5; drag-lps8-05; 7; 8; 125000; 6717
2023-03-14 15:22:47; hka-aqm-am205;  22.68;  36.85;   787;   902;   665;   170;     1;    17;  -101;  -101;  10.2; drag-lps8-03; 3; 8; 125000; 6718
2023-03-14 15:23:08; hka-aqm-am205;  22.61;  36.82;   787;   900;   869;   241;     1;    17;  -105;  -105;   9.2; drag-lps8-03; 0; 8; 125000; 6719
2023-03-14 15:24:08; hka-aqm-am205;  22.66;  36.79;   788;   896;   693;   176;     2;    17;   -90;   -90;  10.2; drag-lps8-05; 6; 8; 125000; 6720
2023-03-14 15:25:27; hka-aqm-am205;  22.60;  36.79;   791;   897;   929;   254;     3;    16;  -103;  -103;   7.2; drag-lps8-03; 2; 8; 125000; 6721
2023-03-14 15:27:48; hka-aqm-am205;  22.70;  36.85;   794;   902;   758;   195;     2;    18;  -102;  -102;   6.8; drag-lps8-03; 5; 8; 125000; 6722
2023-03-14 15:28:27; hka-aqm-am205;  22.66;  36.79;   795;   907;   665;   167;     1;    13;  -101;  -101;   9.2; drag-lps8-03; 4; 8; 125000; 6723
2023-03-14 15:42:28; hka-aqm-am205;  22.66;  36.85;   823;   947;   685;   167;     2;    10;   -90;   -90;  10.0; drag-lps8-05; 3; 8; 125000; 6725
2023-03-14 15:43:07; hka-aqm-am205;  22.63;  36.85;   822;   949;   820;   214;     1;    10;   -89;   -89;  11.2; drag-lps8-05; 1; 8; 125000; 6726
2023-03-14 15:48:47; hka-aqm-am205;  22.66;  36.79;   830;   960;   642;   146;     1;    12;  -101;  -101;  10.0; drag-lps8-03; 4; 8; 125000; 6728
2023-03-14 16:03:54; hka-aqm-am205;  22.62;  36.62;   848;   988;   488;   119;     1;     7;  -105;  -105;  10.5; drag-lps8-03; 0; 8; 125000; 6729
2023-03-14 16:19:00; hka-aqm-am205;  22.54;  36.52;   832;   951;   585;   140;     1;     6;   -94;   -94;  11.2; drag-lps8-05; 7; 8; 125000; 6730
2023-03-14 16:34:08; hka-aqm-am205;  22.47;  36.65;   824;   909;   427;   110;     3;    18;   -89;   -89;  11.0; drag-lps8-05; 6; 8; 125000; 6731
2023-03-14 16:49:15; hka-aqm-am205;  22.45;  36.72;   811;   924;   152;    39;     0;    11;  -103;  -103;   7.8; drag-lps8-03; 2; 8; 125000; 6732
2023-03-14 17:04:21; hka-aqm-am205;  22.06;  36.82;   816;   876;   168;    45;     1;     9;  -100;  -100;   9.0; drag-lps8-03; 0; 8; 125000; 6733
2023-03-14 17:19:28; hka-aqm-am205;  22.04;  36.95;   788;   870;   131;    33;     3;    20;  -102;  -102;   9.0; drag-lps8-03; 1; 8; 125000; 6734
2023-03-14 17:34:35; hka-aqm-am205;  21.93;  36.98;   765;   862;   122;    30;     2;     8;  -102;  -102;   7.2; drag-lps8-03; 5; 8; 125000; 6735
2023-03-14 17:49:41; hka-aqm-am205;  21.92;  36.92;   754;   849;    59;    14;     2;     3;   -90;   -90;  11.5; drag-lps8-05; 7; 8; 125000; 6736
2023-03-14 18:04:47; hka-aqm-am205;  21.95;  36.85;   732;   862;    47;    12;     3;    22;  -101;  -101;   9.0; drag-lps8-03; 6; 8; 125000; 6737
2023-03-14 18:19:54; hka-aqm-am205;  21.64;  36.92;   725;   817;    27;     6;     1;     1;  -102;  -102;  10.2; drag-lps8-03; 3; 8; 125000; 6738
2023-03-14 18:35:00; hka-aqm-am205;  21.65;  36.92;   710;   772;     8;     1;     0;     0;   -89;   -89;  10.0; drag-lps8-05; 4; 8; 125000; 6739
2023-03-14 18:50:07; hka-aqm-am205;  21.58;  36.85;   680;   801;     6;     1;     3;    22;   -90;   -90;  11.0; drag-lps8-05; 0; 8; 125000; 6740
2023-03-14 19:05:13; hka-aqm-am205;  21.50;  36.98;   665;   746;     6;     1;     1;     0;  -102;  -102;  10.2; drag-lps8-03; 7; 8; 125000; 6741
2023-03-14 19:20:20; hka-aqm-am205;  21.49;  36.85;   651;   735;     6;     0;     1;     0;   -88;   -88;   8.0; drag-lps8-05; 5; 8; 125000; 6742
2023-03-14 19:35:28; hka-aqm-am205;  21.41;  36.79;   640;   722;     6;     0;     3;    22;  -102;  -102;   8.2; drag-lps8-03; 3; 8; 125000; 6743
2023-03-14 19:50:34; hka-aqm-am205;  21.34;  36.85;   630;   645;     6;     0;     1;     0;  -101;  -101;  10.5; drag-lps8-03; 4; 8; 125000; 6744
2023-03-14 20:05:40; hka-aqm-am205;  21.51;  36.65;   617;   679;     6;     0;     1;     0;  -103;  -103;   8.5; drag-lps8-03; 1; 8; 125000; 6745
2023-03-14 20:20:47; hka-aqm-am205;  21.46;  36.52;   610;   662;     6;     0;     3;    22;   -89;   -89;   7.2; drag-lps8-05; 2; 8; 125000; 6746
2023-03-14 20:35:53; hka-aqm-am205;  21.59;  36.59;   596;   647;     6;     1;     1;     0;   -89;   -89;  11.8; drag-lps8-05; 6; 8; 125000; 6747
2023-03-14 20:50:59; hka-aqm-am205;  21.71;  36.09;   587;   629;     6;     0;     1;     0;   -90;   -90;  11.2; drag-lps8-05; 7; 8; 125000; 6748
2023-03-14 21:06:08; hka-aqm-am205;  21.67;  36.06;   589;   633;     6;     0;     3;    22;  -102;  -102;  11.0; drag-lps8-03; 0; 8; 125000; 6749
2023-03-14 21:21:14; hka-aqm-am205;  21.68;  36.06;   577;   620;     6;     0;     1;     0;  -101;  -101;   9.5; drag-lps8-03; 1; 8; 125000; 6750
2023-03-14 21:36:21; hka-aqm-am205;  21.72;  35.86;   568;   611;     6;     1;     3;    22;   -88;   -88;   7.8; drag-lps8-05; 2; 8; 125000; 6751
2023-03-14 21:51:28; hka-aqm-am205;  21.61;  35.86;   557;   587;     6;     0;     0;     0;   -89;   -89;  10.5; drag-lps8-05; 3; 8; 125000; 6752
2023-03-14 22:06:34; hka-aqm-am205;  21.70;  35.76;   554;   600;     8;     2;     1;     0;  -101;  -101;  10.2; drag-lps8-03; 6; 8; 125000; 6753
2023-03-14 22:21:40; hka-aqm-am205;  21.62;  35.52;   548;   583;     6;     0;     3;    22;  -100;  -100;   8.2; drag-lps8-03; 5; 8; 125000; 6754
2023-03-14 22:36:48; hka-aqm-am205;  21.53;  35.52;   527;   563;     6;     0;     3;    22;  -100;  -100;  10.8; drag-lps8-03; 4; 8; 125000; 6755
2023-03-14 22:51:54; hka-aqm-am205;  21.61;  35.26;   513;   553;     6;     0;     1;     0;   -89;   -89;  10.0; drag-lps8-05; 1; 8; 125000; 6756
2023-03-14 23:07:00; hka-aqm-am205;  21.50;  35.19;   510;   540;     8;     2;     0;     0;  -102;  -102;   7.8; drag-lps8-03; 2; 8; 125000; 6757
2023-03-14 23:22:07; hka-aqm-am205;  21.42;  35.06;   503;   559;     6;     1;     3;    22;  -102;  -102;  10.8; drag-lps8-03; 0; 8; 125000; 6758
2023-03-14 23:37:14; hka-aqm-am205;  21.52;  35.06;   498;   561;     8;     2;     3;    22;  -100;  -100;   8.0; drag-lps8-03; 5; 8; 125000; 6759
2023-03-14 23:52:20; hka-aqm-am205;  21.49;  34.79;   489;   595;     6;     0;     0;     0;  -100;  -100;  11.0; drag-lps8-03; 4; 8; 125000; 6760
