# Logfile LoRaWAN TTN/TTS V3 logger version hka-log V 1.1
date_time;device_id;tmp;hum;CO2;VOC;vis;IR;WIFI;BLE;rssi;channel_rssi;snr;gateway;channel_index;spreading_factor;bandwidth;f_cnt
2023-07-17 00:09:20; hka-aqm-am109;  27.90;  43.64;   401;  1035;     4;     0;     1;     0;  -114;  -114;  -0.5; drag-lps8-03; 2; 8; 125000; 1090
2023-07-17 00:24:26; hka-aqm-am109;  27.89;  43.55;   398;  1175;     4;     0;     3;     0;  -115;  -115;  -0.2; drag-lps8-03; 7; 8; 125000; 1091
2023-07-17 00:39:34; hka-aqm-am109;  27.86;  43.42;   405;  1087;     4;     0;     6;     7;   -88;   -88;   9.8; drag-lps8-05; 3; 8; 125000; 1092
2023-07-17 00:54:40; hka-aqm-am109;  27.86;  43.32;   399;  1066;     4;     0;     1;     0;   -90;   -90;  10.5; drag-lps8-05; 6; 8; 125000; 1093
2023-07-17 01:09:46; hka-aqm-am109;  27.86;  43.16;   407;  1029;     4;     0;     1;     0;  -116;  -116;  -2.8; drag-lps8-03; 5; 8; 125000; 1094
2023-07-17 01:24:53; hka-aqm-am109;  27.84;  43.09;   398;   976;     4;     0;     6;     7;  -115;  -115; nan; drag-lps8-03; 0; 8; 125000; 1095
2023-07-17 01:39:59; hka-aqm-am109;  27.83;  42.99;   399;   932;     5;     1;     3;     0;   -89;   -89;  11.8; drag-lps8-05; 1; 8; 125000; 1096
2023-07-17 01:55:05; hka-aqm-am109;  27.84;  42.86;   398;   908;     4;     0;     2;     0;   -95;   -95;   8.0; drag-lps8-05; 2; 8; 125000; 1097
2023-07-17 02:10:14; hka-aqm-am109;  27.83;  42.77;   405;   909;     4;     0;     6;     7;  -114;  -114;  -0.5; drag-lps8-03; 7; 8; 125000; 1098
2023-07-17 02:25:20; hka-aqm-am109;  27.81;  42.70;   407;   825;     4;     1;     2;     0;  -118;  -118;  -3.0; drag-lps8-03; 3; 8; 125000; 1099
2023-07-17 02:40:26; hka-aqm-am109;  27.81;  42.60;   405;   838;     4;     0;     4;     0;  -114;  -114;  -0.8; drag-lps8-03; 1; 8; 125000; 1100
2023-07-17 02:55:33; hka-aqm-am109;  27.81;  42.54;   403;   782;     6;     2;     6;     7;   -90;   -90;   8.8; drag-lps8-05; 5; 8; 125000; 1101
2023-07-17 03:10:39; hka-aqm-am109;  27.79;  42.47;   399;   812;     4;     0;     1;     0;  -114;  -114;  -0.5; drag-lps8-03; 4; 8; 125000; 1102
2023-07-17 03:25:45; hka-aqm-am109;  27.78;  42.44;   405;   776;     6;     2;     1;     0;   -89;   -89;  10.2; drag-lps8-05; 6; 8; 125000; 1103
2023-07-17 03:40:53; hka-aqm-am109;  27.77;  42.38;   401;   767;     4;     0;     6;     7;  -117;  -117;   0.5; drag-lps8-03; 0; 8; 125000; 1104
2023-07-17 03:55:59; hka-aqm-am109;  27.77;  42.24;   407;   722;     4;     1;     4;     0;   -91;   -91;  11.8; drag-lps8-05; 6; 8; 125000; 1105
2023-07-17 04:11:06; hka-aqm-am109;  27.78;  42.21;   399;   737;     4;     0;     3;     0;  -115;  -115;  -1.0; drag-lps8-03; 1; 8; 125000; 1106
2023-07-17 04:26:12; hka-aqm-am109;  27.78;  42.15;   399;   720;     6;     2;     6;     7;  -118;  -118;  -3.5; drag-lps8-03; 3; 8; 125000; 1107
2023-07-17 04:41:18; hka-aqm-am109;  27.76;  42.11;   399;   713;     6;     2;     3;     0;   -95;   -95;  11.5; drag-lps8-05; 7; 8; 125000; 1108
2023-07-17 04:56:25; hka-aqm-am109;  27.76;  42.05;   406;   678;     4;     0;     2;     0;  -118;  -118;  -1.5; drag-lps8-03; 0; 8; 125000; 1109
2023-07-17 05:11:43; hka-aqm-am109;  27.78;  42.02;   409;   682;     7;     1;     2;     0;  -117;  -117;  -2.0; drag-lps8-03; 2; 8; 125000; 1111
2023-07-17 05:26:50; hka-aqm-am109;  27.76;  41.92;   400;   646;    14;     3;     1;     0;   -90;   -90;   8.2; drag-lps8-05; 5; 8; 125000; 1112
2023-07-17 05:40:32; hka-aqm-am109;  27.77;  41.89;   399;   641;   123;    23;     6;     7;  -124;  -124;  -8.5; drag-lps8-03; 4; 8; 125000; 1113
2023-07-17 05:55:39; hka-aqm-am109;  27.80;  42.67;   406;   622;   164;    27;     2;     0;   -85;   -85;   9.8; drag-lps8-05; 3; 8; 125000; 1114
2023-07-17 06:07:12; hka-aqm-am109;  27.86;  42.51;   401;   599;   100;    25;     5;     0;  -124;  -124;  -8.8; drag-lps8-03; 6; 8; 125000; 1115
2023-07-17 06:22:18; hka-aqm-am109;  27.76;  42.51;   405;   603;   122;    28;     1;     0;   -89;   -89;  12.2; drag-lps8-05; 0; 8; 125000; 1116
2023-07-17 06:37:24; hka-aqm-am109;  27.29;  42.11;   399;   694;   153;    36;     2;     0;   -84;   -84;   8.0; drag-lps8-05; 5; 8; 125000; 1117
2023-07-17 06:52:33; hka-aqm-am109;  26.73;  42.51;   403;   607;   340;    76;     5;     0;  -127;  -127;  -9.8; drag-lps8-03; 2; 8; 125000; 1118
2023-07-17 07:02:11; hka-aqm-am109;  26.44;  43.35;   407;   606;   464;   115;     5;     0;   -89;   -89;  12.0; drag-lps8-05; 1; 8; 125000; 1119
2023-07-17 07:02:33; hka-aqm-am109;  26.40;  43.35;   406;   613;   378;    87;     2;     0;   -87;   -87;  10.2; drag-lps8-05; 7; 8; 125000; 1120
2023-07-17 07:04:12; hka-aqm-am109;  26.36;  43.35;   409;   634;   545;   138;     3;     0;  -127;  -127; -10.2; drag-lps8-03; 2; 8; 125000; 1121
2023-07-17 07:19:18; hka-aqm-am109;  25.97;  44.07;   404;   657;   568;   135;     5;     0;   -89;   -89;  10.5; drag-lps8-05; 1; 8; 125000; 1122
2023-07-17 07:23:52; hka-aqm-am109;  25.87;  44.26;   406;   648;   447;    96;     4;     0;  -124;  -124;  -9.0; drag-lps8-03; 3; 8; 125000; 1123
2023-07-17 07:24:32; hka-aqm-am109;  25.84;  44.23;   405;   649;   525;   121;     4;     0;  -127;  -127;  -7.8; drag-lps8-03; 7; 8; 125000; 1124
2023-07-17 07:27:12; hka-aqm-am109;  25.79;  44.26;   405;   642;   401;    80;     4;     0;  -125;  -125;  -9.8; drag-lps8-03; 6; 8; 125000; 1125
2023-07-17 07:28:32; hka-aqm-am109;  25.74;  44.33;   412;   644;   533;   125;     3;     0;  -121;  -121;  -7.0; drag-lps8-03; 5; 8; 125000; 1126
2023-07-17 07:29:12; hka-aqm-am109;  25.74;  44.33;   408;   645;   512;   117;     4;     0;  -127;  -127;  -7.8; drag-lps8-03; 0; 8; 125000; 1127
2023-07-17 07:31:12; hka-aqm-am109;  25.70;  44.46;   411;   637;   387;    76;     4;     0;  -127;  -127;  -7.8; drag-lps8-03; 4; 8; 125000; 1128
2023-07-17 07:32:12; hka-aqm-am109;  25.66;  44.52;   410;   635;   507;   115;     5;     0;   -87;   -87;   8.2; drag-lps8-05; 5; 8; 125000; 1129
2023-07-17 07:32:32; hka-aqm-am109;  25.67;  44.55;   408;   637;   419;    85;     3;     0;  -130;  -130; -12.0; drag-lps8-03; 4; 8; 125000; 1130
2023-07-17 07:33:11; hka-aqm-am109;  25.67;  44.52;   411;   632;   537;   125;     4;     0;  -122;  -122;  -3.8; drag-lps8-03; 7; 8; 125000; 1131
2023-07-17 07:35:33; hka-aqm-am109;  25.62;  44.71;   405;   630;   489;   111;     4;     0;   -87;   -87;  11.8; drag-lps8-05; 6; 8; 125000; 1132
2023-07-17 07:35:52; hka-aqm-am109;  25.60;  44.71;   405;   635;   385;    77;     3;     0;  -122;  -122;  -5.5; drag-lps8-03; 3; 8; 125000; 1133
2023-07-17 07:37:33; hka-aqm-am109;  25.58;  44.81;   407;   629;   599;   146;     3;     0;   -87;   -87;  10.2; drag-lps8-05; 0; 8; 125000; 1134
2023-07-17 07:39:11; hka-aqm-am109;  25.55;  44.91;   411;   627;   559;   131;     5;     0;  -123;  -123;  -8.0; drag-lps8-03; 2; 8; 125000; 1135
2023-07-17 07:39:33; hka-aqm-am109;  25.54;  44.91;   409;   625;   410;    84;     4;     0;   -82;   -82;  10.2; drag-lps8-05; 1; 8; 125000; 1136
2023-07-17 07:41:32; hka-aqm-am109;  25.50;  44.97;   407;   612;   592;   144;     5;     1;  -126;  -126;  -8.2; drag-lps8-03; 4; 8; 125000; 1137
2023-07-17 07:43:51; hka-aqm-am109;  25.48;  44.97;   408;   545;   408;    84;     4;     0;   -89;   -89;  11.2; drag-lps8-05; 3; 8; 125000; 1138
2023-07-17 07:46:12; hka-aqm-am109;  25.43;  44.97;   409;   614;   658;   164;     3;     0;  -120;  -120;  -5.5; drag-lps8-03; 6; 8; 125000; 1139
2023-07-17 07:47:11; hka-aqm-am109;  25.42;  44.97;   415;   630;   508;   113;     4;     0;   -91;   -91;  12.5; drag-lps8-05; 0; 8; 125000; 1140
2023-07-17 07:49:11; hka-aqm-am109;  25.38;  45.04;   409;   668;   627;   156;     3;     0;   -93;   -93;   8.2; drag-lps8-05; 2; 8; 125000; 1141
2023-07-17 07:50:51; hka-aqm-am109;  25.37;  45.10;   407;   660;   540;   123;     4;     0;  -122;  -122;  -3.5; drag-lps8-03; 7; 8; 125000; 1142
2023-07-17 07:51:32; hka-aqm-am109;  25.35;  45.14;   410;   661;   464;   100;     4;     0;   -89;   -89;   8.2; drag-lps8-05; 5; 8; 125000; 1143
2023-07-17 07:52:12; hka-aqm-am109;  25.34;  45.17;   407;   695;   592;   144;     2;     0;  -124;  -124;  -6.5; drag-lps8-03; 1; 8; 125000; 1144
2023-07-17 07:52:33; hka-aqm-am109;  25.34;  45.20;   405;   678;   665;   169;     1;     0;  -121;  -121;  -6.0; drag-lps8-03; 6; 8; 125000; 1145
2023-07-17 07:55:52; hka-aqm-am109;  25.30;  45.36;   405;   657;   556;   131;     5;     0;  -124;  -124;  -5.8; drag-lps8-03; 0; 8; 125000; 1146
2023-07-17 07:56:52; hka-aqm-am109;  25.28;  45.39;   405;   659;   676;   174;     3;     0;  -121;  -121;  -3.0; drag-lps8-03; 4; 8; 125000; 1147
2023-07-17 07:58:12; hka-aqm-am109;  25.28;  45.46;   413;   655;   525;   121;     4;     0;   -89;   -89;  10.8; drag-lps8-05; 7; 8; 125000; 1148
2023-07-17 07:59:32; hka-aqm-am109;  25.25;  45.49;   407;   658;   624;   155;     3;     0;  -116;  -116;  -2.0; drag-lps8-03; 3; 8; 125000; 1149
2023-07-17 08:01:52; hka-aqm-am109;  25.22;  45.62;   408;   652;   507;   114;     4;     0;  -124;  -124;  -4.5; drag-lps8-03; 5; 8; 125000; 1150
2023-07-17 08:02:52; hka-aqm-am109;  25.22;  45.62;   406;   641;   603;   149;     4;     0;  -124;  -124;  -6.5; drag-lps8-03; 2; 8; 125000; 1151
2023-07-17 08:03:13; hka-aqm-am109;  25.22;  45.62;   405;   643;   668;   174;     4;     0;   -87;   -87;  10.2; drag-lps8-05; 1; 8; 125000; 1152
2023-07-17 08:04:12; hka-aqm-am109;  25.20;  45.62;   405;   645;   507;   113;     4;     0;  -124;  -124;  -8.5; drag-lps8-03; 5; 8; 125000; 1153
2023-07-17 08:06:12; hka-aqm-am109;  25.20;  45.59;   406;   639;   653;   166;     3;     1;   -89;   -89;  11.2; drag-lps8-05; 1; 8; 125000; 1154
2023-07-17 08:06:32; hka-aqm-am109;  25.20;  45.56;   405;   640;   567;   134;     3;     1;  -127;  -127; -10.8; drag-lps8-03; 4; 8; 125000; 1155
2023-07-17 08:07:13; hka-aqm-am109;  25.19;  45.59;   409;   633;   700;   180;     4;     1;  -125;  -125; -10.0; drag-lps8-03; 6; 8; 125000; 1156
2023-07-17 08:08:31; hka-aqm-am109;  25.18;  45.59;   407;   634;   523;   117;     4;     1;   -87;   -87;  11.8; drag-lps8-05; 3; 8; 125000; 1157
2023-07-17 08:11:52; hka-aqm-am109;  25.13;  45.68;   408;   636;   639;   160;     5;     1;   -89;   -89;  10.5; drag-lps8-05; 7; 8; 125000; 1158
2023-07-17 08:12:12; hka-aqm-am109;  25.12;  45.75;   407;   629;   579;   140;     3;     1;   -88;   -88;   7.5; drag-lps8-05; 2; 8; 125000; 1159
2023-07-17 08:12:33; hka-aqm-am109;  25.14;  45.75;   406;   625;   510;   116;     3;     1;  -124;  -124;  -6.5; drag-lps8-03; 0; 8; 125000; 1160
2023-07-17 08:14:31; hka-aqm-am109;  25.10;  45.81;   407;   630;   636;   159;     2;     1;   -87;   -87;   8.2; drag-lps8-05; 5; 8; 125000; 1161
2023-07-17 08:14:52; hka-aqm-am109;  25.10;  45.85;   406;   629;   583;   141;     2;     1;   -88;   -88;  11.0; drag-lps8-05; 1; 8; 125000; 1162
2023-07-17 08:16:13; hka-aqm-am109;  25.06;  45.88;   406;   624;   512;   115;     6;     1;   -85;   -85;  11.0; drag-lps8-05; 4; 8; 125000; 1163
2023-07-17 08:16:32; hka-aqm-am109;  25.08;  45.88;   405;   629;   674;   172;     5;     0;  -126;  -126;  -8.0; drag-lps8-03; 0; 8; 125000; 1164
2023-07-17 08:17:32; hka-aqm-am109;  25.07;  45.91;   405;   633;   606;   150;     5;     0;   -87;   -87;  10.2; drag-lps8-05; 6; 8; 125000; 1165
2023-07-17 08:17:52; hka-aqm-am109;  25.07;  45.94;   405;   632;   525;   118;     3;     0;  -126;  -126;  -7.0; drag-lps8-03; 7; 8; 125000; 1166
2023-07-17 08:18:12; hka-aqm-am109;  25.06;  45.94;   405;   634;   580;   140;     3;     0;  -122;  -122;  -7.0; drag-lps8-03; 2; 8; 125000; 1167
2023-07-17 08:18:32; hka-aqm-am109;  25.05;  45.94;   405;   635;   526;   121;     3;     0;  -123;  -123;  -6.0; drag-lps8-03; 3; 8; 125000; 1168
2023-07-17 08:19:12; hka-aqm-am109;  25.06;  46.01;   405;   632;   484;   107;     2;     1;  -121;  -121;  -6.0; drag-lps8-03; 6; 8; 125000; 1169
2023-07-17 08:20:31; hka-aqm-am109;  25.05;  46.01;   412;   625;   626;   161;     4;     1;  -130;  -130;  -9.5; drag-lps8-03; 0; 8; 125000; 1170
2023-07-17 08:22:53; hka-aqm-am109;  25.04;  45.98;   406;   625;   492;   107;     4;     1;  -124;  -124;  -6.2; drag-lps8-03; 4; 8; 125000; 1171
2023-07-17 08:23:33; hka-aqm-am109;  25.02;  45.98;   406;   621;   603;   147;     4;     1;   -89;   -89;  11.5; drag-lps8-05; 1; 8; 125000; 1172
2023-07-17 08:23:52; hka-aqm-am109;  25.02;  45.98;   406;   627;   474;   102;     4;     0;  -121;  -121;  -5.8; drag-lps8-03; 5; 8; 125000; 1173
2023-07-17 08:24:13; hka-aqm-am109;  25.02;  45.98;   406;   625;   574;   138;     3;     0;   -89;   -89;  11.8; drag-lps8-05; 7; 8; 125000; 1174
2023-07-17 08:24:32; hka-aqm-am109;  25.02;  45.98;   405;   627;   633;   160;     3;     0;   -87;   -87;  11.2; drag-lps8-05; 3; 8; 125000; 1175
2023-07-17 08:28:12; hka-aqm-am109;  24.99;  45.98;   413;   621;   451;    96;     4;     0;  -123;  -123;  -5.8; drag-lps8-03; 2; 8; 125000; 1176
2023-07-17 08:28:52; hka-aqm-am109;  24.98;  45.98;   414;   619;   607;   152;     4;     0;   -87;   -87;  12.5; drag-lps8-05; 6; 8; 125000; 1177
2023-07-17 08:32:33; hka-aqm-am109;  24.97;  46.10;   407;   614;   450;    92;     4;     1;   -87;   -87;  11.2; drag-lps8-05; 3; 8; 125000; 1178
2023-07-17 08:32:52; hka-aqm-am109;  24.96;  46.14;   407;   618;   542;   125;     4;     1;  -125;  -125;  -6.2; drag-lps8-03; 0; 8; 125000; 1179
2023-07-17 08:34:13; hka-aqm-am109;  24.95;  46.14;   406;   618;   539;   126;     3;     1;   -84;   -84;  12.0; drag-lps8-05; 1; 8; 125000; 1180
2023-07-17 08:35:33; hka-aqm-am109;  24.94;  46.17;   405;   605;   465;    99;     5;     1;  -128;  -128;  -8.5; drag-lps8-03; 7; 8; 125000; 1181
2023-07-17 08:35:53; hka-aqm-am109;  24.93;  46.20;   405;   598;   577;   139;     4;     0;   -85;   -85;   9.0; drag-lps8-05; 5; 8; 125000; 1182
2023-07-17 08:50:59; hka-aqm-am109;  24.87;  46.33;   406;   644;   559;   136;     2;     0;   -89;   -89;   9.0; drag-lps8-05; 2; 8; 125000; 1183
2023-07-17 09:06:05; hka-aqm-am109;  24.85;  46.56;   406;   566;   565;   140;     1;     1;  -121;  -121;  -7.8; drag-lps8-03; 4; 8; 125000; 1184
2023-07-17 09:21:13; hka-aqm-am109;  24.83;  46.59;   412;   633;   657;   170;     6;     4;  -123;  -123; -10.0; drag-lps8-03; 3; 8; 125000; 1185
2023-07-17 09:23:31; hka-aqm-am109;  24.82;  46.59;   411;   625;   601;   150;     6;     4;   -82;   -82;  10.8; drag-lps8-05; 0; 8; 125000; 1186
2023-07-17 09:24:11; hka-aqm-am109;  24.82;  46.59;   414;   617;   673;   176;     3;     1;   -87;   -87;  11.5; drag-lps8-05; 1; 8; 125000; 1187
2023-07-17 09:27:51; hka-aqm-am109;  24.81;  46.46;   412;   616;   730;   192;     4;     0;  -123;  -123;  -8.2; drag-lps8-03; 5; 8; 125000; 1188
2023-07-17 09:42:57; hka-aqm-am109;  24.77;  46.46;   416;   634;   670;   177;     2;     0;  -122;  -122;  -7.5; drag-lps8-03; 7; 8; 125000; 1189
2023-07-17 09:58:03; hka-aqm-am109;  24.75;  46.65;   415;   739;   756;   206;     3;     0;   -83;   -83;   9.2; drag-lps8-05; 4; 8; 125000; 1190
2023-07-17 10:05:51; hka-aqm-am109;  24.72;  46.59;   407;   711;   850;   230;     6;     9;  -117;  -117;  -2.8; drag-lps8-03; 6; 8; 125000; 1191
2023-07-17 10:07:32; hka-aqm-am109;  24.72;  46.62;   407;   703;   779;   204;     5;     1;   -87;   -87;   8.8; drag-lps8-05; 2; 8; 125000; 1192
2023-07-17 10:09:32; hka-aqm-am109;  24.70;  46.65;   410;   700;   776;   205;     4;     1;   -89;   -89;  10.8; drag-lps8-05; 7; 8; 125000; 1193
2023-07-17 10:10:31; hka-aqm-am109;  24.70;  46.65;   412;   694;   804;   215;     4;     2;  -126;  -126;  -7.5; drag-lps8-03; 0; 8; 125000; 1194
2023-07-17 10:11:12; hka-aqm-am109;  24.70;  46.68;   408;   701;   908;   257;     4;     2;   -85;   -85;  10.8; drag-lps8-05; 1; 8; 125000; 1195
2023-07-17 10:11:33; hka-aqm-am109;  24.69;  46.68;   408;   696;   794;   213;     4;     1;  -122;  -122;  -8.5; drag-lps8-03; 6; 8; 125000; 1196
2023-07-17 10:11:52; hka-aqm-am109;  24.68;  46.72;   408;   701;   723;   187;     3;     1;   -85;   -85;   8.8; drag-lps8-05; 5; 8; 125000; 1197
2023-07-17 10:13:32; hka-aqm-am109;  24.70;  46.68;   405;   667;   825;   226;     5;     1;  -120;  -120;  -6.5; drag-lps8-03; 4; 8; 125000; 1198
2023-07-17 10:14:13; hka-aqm-am109;  24.69;  46.72;   406;   614;   718;   186;     5;     1;   -87;   -87;  11.5; drag-lps8-05; 3; 8; 125000; 1199
2023-07-17 10:15:52; hka-aqm-am109;  24.68;  46.65;   405;   645;   727;   193;     4;     1;   -87;   -87;   8.8; drag-lps8-05; 2; 8; 125000; 1200
2023-07-17 10:17:32; hka-aqm-am109;  24.69;  46.62;   409;   708;   629;   163;     3;     1;  -123;  -123;  -7.8; drag-lps8-03; 0; 8; 125000; 1201
2023-07-17 10:21:32; hka-aqm-am109;  24.66;  46.59;   411;   718;   646;   169;     4;     2;   -85;   -85;   8.8; drag-lps8-05; 5; 8; 125000; 1202
2023-07-17 10:22:11; hka-aqm-am109;  24.67;  46.62;   414;   710;   582;   145;     4;     0;   -87;   -87;  11.2; drag-lps8-05; 1; 8; 125000; 1203
2023-07-17 10:26:53; hka-aqm-am109;  24.64;  46.75;   406;   683;   615;   159;     4;     0;  -123;  -123;  -9.0; drag-lps8-03; 2; 8; 125000; 1204
2023-07-17 10:27:13; hka-aqm-am109;  24.65;  46.75;   405;   678;   545;   132;     2;     0;   -89;   -89;  11.5; drag-lps8-05; 7; 8; 125000; 1205
2023-07-17 10:28:32; hka-aqm-am109;  24.63;  46.75;   408;   684;   671;   187;     4;     0;   -87;   -87;  11.5; drag-lps8-05; 3; 8; 125000; 1206
2023-07-17 10:28:53; hka-aqm-am109;  24.62;  46.78;   408;   678;   510;   123;     3;     0;   -85;   -85;  10.2; drag-lps8-05; 6; 8; 125000; 1207
2023-07-17 10:32:11; hka-aqm-am109;  24.61;  46.75;   410;   675;   488;   115;     5;     0;  -123;  -123;  -9.0; drag-lps8-03; 4; 8; 125000; 1208
2023-07-17 10:33:12; hka-aqm-am109;  24.59;  46.75;   407;   679;   584;   157;     1;     0;   -89;   -89;  11.5; drag-lps8-05; 7; 8; 125000; 1209
2023-07-17 10:42:33; hka-aqm-am109;  24.55;  46.72;   412;   696;   512;   131;     5;     2;   -87;   -87;  10.2; drag-lps8-05; 0; 8; 125000; 1210
2023-07-17 10:49:52; hka-aqm-am109;  24.51;  46.88;   408;   674;   580;   157;     5;     2;   -87;   -87;  12.0; drag-lps8-05; 3; 8; 125000; 1211
2023-07-17 10:51:52; hka-aqm-am109;  24.49;  46.85;   410;   664;   471;   112;     4;     3;  -120;  -120;  -6.5; drag-lps8-03; 4; 8; 125000; 1212
2023-07-17 10:52:13; hka-aqm-am109;  24.50;  46.85;   409;   657;   598;   165;     3;     1;   -85;   -85;   8.5; drag-lps8-05; 5; 8; 125000; 1213
2023-07-17 11:01:33; hka-aqm-am109;  24.44;  46.94;   412;   633;   524;   130;     5;     2;   -84;   -84;   9.5; drag-lps8-05; 6; 8; 125000; 1214
2023-07-17 11:02:11; hka-aqm-am109;  24.45;  46.91;   414;   630;   647;   181;     5;     1;  -119;  -119;  -4.8; drag-lps8-03; 1; 8; 125000; 1215
2023-07-17 11:05:11; hka-aqm-am109;  24.44;  47.04;   411;   638;   673;   188;     4;     3;  -124;  -124;  -9.5; drag-lps8-03; 2; 8; 125000; 1216
2023-07-17 11:05:32; hka-aqm-am109;  24.43;  47.04;   410;   621;   568;   141;     2;     1;  -123;  -123;  -7.8; drag-lps8-03; 7; 8; 125000; 1217
2023-07-17 11:05:53; hka-aqm-am109;  24.43;  47.04;   409;   626;   688;   194;     2;     1;  -117;  -117;  -4.0; drag-lps8-03; 6; 8; 125000; 1218
2023-07-17 11:20:59; hka-aqm-am109;  24.36;  46.97;   413;   624;   580;   159;     2;     1;   -84;   -84;   9.2; drag-lps8-05; 4; 8; 125000; 1219
2023-07-17 11:24:52; hka-aqm-am109;  24.33;  47.17;   407;   632;   464;   113;     5;     1;   -85;   -85;  11.8; drag-lps8-05; 3; 8; 125000; 1220
2023-07-17 11:25:31; hka-aqm-am109;  24.32;  47.17;   410;   682;   604;   169;     4;     0;   -87;   -87;   8.2; drag-lps8-05; 2; 8; 125000; 1221
2023-07-17 11:27:11; hka-aqm-am109;  24.32;  47.20;   412;   651;   448;   108;     4;     2;   -87;   -87;  11.5; drag-lps8-05; 0; 8; 125000; 1222
2023-07-17 11:27:52; hka-aqm-am109;  24.31;  47.17;   409;   655;   373;    81;     4;     1;  -121;  -121;  -7.0; drag-lps8-03; 1; 8; 125000; 1223
2023-07-17 11:28:31; hka-aqm-am109;  24.31;  47.17;   411;   649;   488;   123;     2;     2;   -85;   -85;   8.5; drag-lps8-05; 5; 8; 125000; 1224
2023-07-17 11:28:52; hka-aqm-am109;  24.30;  47.20;   410;   650;   611;   175;     4;     1;  -118;  -118;  -3.8; drag-lps8-03; 4; 8; 125000; 1225
2023-07-17 11:30:51; hka-aqm-am109;  24.29;  47.17;   412;   630;   424;    98;     4;     0;  -122;  -122;  -6.5; drag-lps8-03; 3; 8; 125000; 1226
2023-07-17 11:31:12; hka-aqm-am109;  24.29;  47.17;   409;   636;   548;   145;     3;     0;   -87;   -87;   8.2; drag-lps8-05; 2; 8; 125000; 1227
2023-07-17 11:31:53; hka-aqm-am109;  24.28;  47.13;   412;   621;   622;   180;     3;     1;  -120;  -120;  -5.0; drag-lps8-03; 5; 8; 125000; 1228
2023-07-17 11:32:53; hka-aqm-am109;  24.29;  47.13;   410;   602;   539;   144;     3;     0;  -121;  -121;  -5.8; drag-lps8-03; 0; 8; 125000; 1229
2023-07-17 11:34:32; hka-aqm-am109;  24.26;  47.10;   412;   625;   637;   183;     5;     0;  -121;  -121;  -6.2; drag-lps8-03; 7; 8; 125000; 1230
2023-07-17 11:36:32; hka-aqm-am109;  24.26;  47.07;   406;   638;   472;   109;     4;     0;   -84;   -84;  11.0; drag-lps8-05; 1; 8; 125000; 1231
2023-07-17 11:37:12; hka-aqm-am109;  24.26;  47.07;   406;   627;   547;   137;     4;     0;   -87;   -87;  11.0; drag-lps8-05; 6; 8; 125000; 1232
2023-07-17 11:37:51; hka-aqm-am109;  24.26;  47.10;   409;   614;   682;   196;     4;     0;  -122;  -122;  -6.8; drag-lps8-03; 1; 8; 125000; 1233
2023-07-17 11:39:12; hka-aqm-am109;  24.24;  47.10;   407;   576;   522;   127;     4;     1;   -83;   -83;   8.8; drag-lps8-05; 5; 8; 125000; 1234
2023-07-17 11:39:32; hka-aqm-am109;  24.24;  47.13;   407;   573;   677;   195;     2;     0;  -122;  -122;  -4.8; drag-lps8-03; 0; 8; 125000; 1235
2023-07-17 11:39:53; hka-aqm-am109;  24.24;  47.17;   407;   568;   465;   111;     1;     0;   -85;   -85;  12.0; drag-lps8-05; 4; 8; 125000; 1236
2023-07-17 11:40:53; hka-aqm-am109;  24.24;  47.17;   406;   630;   637;   184;     5;     0;  -119;  -119;  -5.2; drag-lps8-03; 6; 8; 125000; 1237
2023-07-17 11:45:51; hka-aqm-am109;  24.22;  47.26;   412;   611;   665;   193;     3;     0;  -121;  -121;  -6.8; drag-lps8-03; 2; 8; 125000; 1239
2023-07-17 11:46:53; hka-aqm-am109;  24.20;  47.30;   408;   609;   494;   120;     4;     0;  -120;  -120;  -6.2; drag-lps8-03; 7; 8; 125000; 1240
2023-07-17 11:47:13; hka-aqm-am109;  24.20;  47.23;   408;   602;   677;   193;     4;     0;   -87;   -87;  11.0; drag-lps8-05; 1; 8; 125000; 1241
2023-07-17 11:48:12; hka-aqm-am109;  24.21;  47.30;   409;   600;   737;   213;     4;     0;  -118;  -118;  -3.5; drag-lps8-03; 5; 8; 125000; 1242
2023-07-17 11:54:11; hka-aqm-am109;  24.18;  47.17;   413;   648;   675;   190;     5;     1;   -90;   -90;  11.5; drag-lps8-05; 0; 8; 125000; 1243
2023-07-17 11:54:33; hka-aqm-am109;  24.17;  47.13;   411;   630;   733;   213;     3;     0;  -121;  -121;  -6.2; drag-lps8-03; 3; 8; 125000; 1244
2023-07-17 11:56:12; hka-aqm-am109;  24.16;  47.17;   409;   638;   759;   223;     5;     1;   -85;   -85;  10.5; drag-lps8-05; 4; 8; 125000; 1245
2023-07-17 11:56:51; hka-aqm-am109;  24.16;  47.17;   412;   624;   658;   179;     3;     0;  -121;  -121;  -6.2; drag-lps8-03; 2; 8; 125000; 1246
2023-07-17 11:57:11; hka-aqm-am109;  24.17;  47.17;   410;   620;   518;   128;     4;     0;  -120;  -120;  -6.2; drag-lps8-03; 6; 8; 125000; 1247
2023-07-17 11:58:12; hka-aqm-am109;  24.15;  47.23;   417;   613;   682;   196;     4;     0;  -121;  -121;  -6.2; drag-lps8-03; 7; 8; 125000; 1248
2023-07-17 11:58:52; hka-aqm-am109;  24.16;  47.23;   418;   613;   529;   138;     3;     1;   -85;   -85;  11.8; drag-lps8-05; 1; 8; 125000; 1249
2023-07-17 11:59:31; hka-aqm-am109;  24.14;  47.23;   417;   607;   645;   185;     4;     1;   -83;   -83;   9.8; drag-lps8-05; 4; 8; 125000; 1250
2023-07-17 12:00:31; hka-aqm-am109;  24.15;  47.30;   414;   610;   494;   121;     3;     1;  -120;  -120;  -6.5; drag-lps8-03; 3; 8; 125000; 1251
2023-07-17 12:01:32; hka-aqm-am109;  24.14;  47.33;   414;   608;   709;   206;     3;     1;   -84;   -84;   8.0; drag-lps8-05; 5; 8; 125000; 1252
2023-07-17 12:16:38; hka-aqm-am109;  24.08;  47.42;   411;   575;   626;   181;     1;     0;   -87;   -87;  11.0; drag-lps8-05; 0; 8; 125000; 1253
2023-07-17 12:20:32; hka-aqm-am109;  24.07;  47.46;   410;   642;   409;    93;     6;     1;   -87;   -87;   8.0; drag-lps8-05; 2; 8; 125000; 1254
2023-07-17 12:20:51; hka-aqm-am109;  24.07;  47.46;   409;   629;   469;   115;     4;     0;   -84;   -84;  11.8; drag-lps8-05; 7; 8; 125000; 1255
2023-07-17 12:21:32; hka-aqm-am109;  24.05;  47.46;   412;   641;   638;   188;     4;     0;  -118;  -118;  -4.2; drag-lps8-03; 6; 8; 125000; 1256
2023-07-17 12:25:11; hka-aqm-am109;  24.04;  47.36;   409;   600;   419;    97;     5;     0;   -85;   -85;  10.0; drag-lps8-05; 0; 8; 125000; 1257
2023-07-17 12:27:32; hka-aqm-am109;  24.02;  47.42;   408;   586;   615;   180;     5;     0;  -115;  -115;  -0.8; drag-lps8-03; 7; 8; 125000; 1258
2023-07-17 12:27:52; hka-aqm-am109;  24.02;  47.42;   408;   589;   544;   151;     5;     0;  -116;  -116;  -3.0; drag-lps8-03; 1; 8; 125000; 1259
2023-07-17 12:28:12; hka-aqm-am109;  24.03;  47.46;   408;   591;   624;   184;     5;     0;  -117;  -117;  -4.0; drag-lps8-03; 2; 8; 125000; 1260
2023-07-17 12:28:52; hka-aqm-am109;  24.01;  47.49;   408;   588;   391;    86;     5;     0;   -85;   -85;  12.0; drag-lps8-05; 4; 8; 125000; 1261
2023-07-17 12:29:11; hka-aqm-am109;  24.01;  47.49;   408;   590;   512;   137;     4;     1;  -122;  -122;  -6.8; drag-lps8-03; 3; 8; 125000; 1262
2023-07-17 12:29:51; hka-aqm-am109;  24.02;  47.49;   412;   590;   630;   184;     5;     4;   -84;   -84;   9.5; drag-lps8-05; 6; 8; 125000; 1263
2023-07-17 12:30:30; hka-aqm-am109;  24.02;  47.49;   414;   585;   399;    90;     4;     2;  -115;  -115;  -3.2; drag-lps8-03; 5; 8; 125000; 1264
2023-07-17 12:31:33; hka-aqm-am109;  24.02;  47.55;   409;   582;   427;   102;     4;     3;   -85;   -85;  10.5; drag-lps8-05; 0; 8; 125000; 1265
2023-07-17 12:31:51; hka-aqm-am109;  24.02;  47.55;   408;   586;   484;   133;     3;     2;   -84;   -84;  10.5; drag-lps8-05; 6; 8; 125000; 1266
2023-07-17 12:32:11; hka-aqm-am109;  24.00;  47.55;   407;   586;   597;   176;     4;     2;   -84;   -84;   8.8; drag-lps8-05; 5; 8; 125000; 1267
2023-07-17 12:35:30; hka-aqm-am109;  23.99;  47.62;   412;   593;   512;   135;     5;     3;  -118;  -118;  -5.2; drag-lps8-03; 1; 8; 125000; 1268
2023-07-17 12:35:51; hka-aqm-am109;  23.98;  47.62;   410;   591;   592;   175;     5;     2;   -85;   -85;   8.2; drag-lps8-05; 2; 8; 125000; 1269
2023-07-17 12:36:52; hka-aqm-am109;  23.98;  47.58;   408;   668;   446;   110;     5;     2;  -119;  -119;  -5.2; drag-lps8-03; 4; 8; 125000; 1270
2023-07-17 12:38:10; hka-aqm-am109;  24.00;  47.55;   414;   624;   583;   172;     4;     1;  -124;  -124;  -7.0; drag-lps8-03; 7; 8; 125000; 1271
2023-07-17 12:49:11; hka-aqm-am109;  23.93;  47.65;   416;   606;   482;   130;     5;     4;  -120;  -120;  -6.0; drag-lps8-03; 3; 8; 125000; 1272
2023-07-17 12:50:11; hka-aqm-am109;  23.92;  47.68;   415;   626;   375;    86;     3;     1;  -120;  -120;  -6.5; drag-lps8-03; 2; 8; 125000; 1273
2023-07-17 12:50:52; hka-aqm-am109;  23.92;  47.68;   410;   602;   501;   139;     3;     2;   -84;   -84;  10.0; drag-lps8-05; 1; 8; 125000; 1274
2023-07-17 12:51:31; hka-aqm-am109;  23.93;  47.74;   413;   599;   617;   181;     5;     2;   -85;   -85;   8.8; drag-lps8-05; 5; 8; 125000; 1275
2023-07-17 12:58:32; hka-aqm-am109;  23.89;  47.65;   408;   614;   438;   103;     5;     2;   -85;   -85;  11.8; drag-lps8-05; 4; 8; 125000; 1276
2023-07-17 12:59:32; hka-aqm-am109;  23.89;  47.62;   416;   612;   605;   179;     4;     0;   -89;   -89;  12.0; drag-lps8-05; 7; 8; 125000; 1277
2023-07-17 13:12:30; hka-aqm-am109;  23.84;  47.84;   413;   617;   548;   155;     5;     4;  -122;  -122;  -4.5; drag-lps8-03; 0; 8; 125000; 1278
2023-07-17 13:13:10; hka-aqm-am109;  23.85;  47.84;   410;   618;   404;    94;     2;     4;  -122;  -122;  -6.8; drag-lps8-03; 3; 8; 125000; 1279
2023-07-17 13:13:30; hka-aqm-am109;  23.85;  47.84;   409;   617;   645;   193;     2;     3;   -85;   -85;  10.8; drag-lps8-05; 6; 8; 125000; 1280
2023-07-17 13:14:11; hka-aqm-am109;  23.84;  47.87;   407;   618;   462;   115;     3;     4;  -122;  -122;  -7.5; drag-lps8-03; 7; 8; 125000; 1281
2023-07-17 13:14:51; hka-aqm-am109;  23.84;  47.87;   407;   615;   627;   186;     5;     4;   -84;   -84;   8.0; drag-lps8-05; 5; 8; 125000; 1282
2023-07-17 13:20:32; hka-aqm-am109;  23.82;  47.84;   407;   609;   543;   156;     4;     5;  -124;  -124;  -7.5; drag-lps8-03; 0; 8; 125000; 1283
2023-07-17 13:20:51; hka-aqm-am109;  23.82;  47.84;   407;   613;   366;    83;     4;     4;   -87;   -87;  10.5; drag-lps8-05; 1; 8; 125000; 1284
2023-07-17 13:26:52; hka-aqm-am109;  23.79;  47.74;   409;   629;   472;   127;     5;     4;   -87;   -87;  12.0; drag-lps8-05; 3; 8; 125000; 1285
2023-07-17 13:27:32; hka-aqm-am109;  23.78;  47.74;   408;   617;   399;    95;     4;     4;  -120;  -120;  -6.2; drag-lps8-03; 4; 8; 125000; 1286
2023-07-17 13:28:31; hka-aqm-am109;  23.78;  47.78;   409;   616;   553;   159;     4;     5;  -124;  -124;  -8.8; drag-lps8-03; 2; 8; 125000; 1287
2023-07-17 13:28:51; hka-aqm-am109;  23.78;  47.74;   408;   616;   446;   111;     3;     5;   -85;   -85;  11.0; drag-lps8-05; 6; 8; 125000; 1288
2023-07-17 13:30:12; hka-aqm-am109;  23.77;  47.74;   408;   612;   566;   169;     4;     5;   -87;   -87;  11.0; drag-lps8-05; 1; 8; 125000; 1289
2023-07-17 13:30:32; hka-aqm-am109;  23.77;  47.71;   408;   613;   482;   130;     2;     5;   -89;   -89;  11.0; drag-lps8-05; 3; 8; 125000; 1290
2023-07-17 13:30:52; hka-aqm-am109;  23.77;  47.71;   408;   609;   627;   188;     2;     5;  -121;  -121;  -8.0; drag-lps8-03; 6; 8; 125000; 1291
2023-07-17 13:31:31; hka-aqm-am109;  23.78;  47.68;   408;   608;   431;   103;     5;     5;  -118;  -118;  -3.5; drag-lps8-03; 4; 8; 125000; 1292
2023-07-17 13:31:51; hka-aqm-am109;  23.77;  47.68;   408;   611;   629;   185;     5;     4;   -85;   -85;   9.5; drag-lps8-05; 7; 8; 125000; 1293
2023-07-17 13:33:10; hka-aqm-am109;  23.77;  47.74;   416;   608;   417;    97;     6;     5;  -122;  -122;  -5.2; drag-lps8-03; 0; 8; 125000; 1294
2023-07-17 13:33:51; hka-aqm-am109;  23.75;  47.81;   417;   613;   566;   158;     4;     2;  -122;  -122;  -7.2; drag-lps8-03; 2; 8; 125000; 1295
2023-07-17 13:34:12; hka-aqm-am109;  23.74;  47.81;   414;   611;   695;   207;     4;     1;   -84;   -84;   8.2; drag-lps8-05; 5; 8; 125000; 1296
2023-07-17 13:34:32; hka-aqm-am109;  23.76;  47.84;   412;   608;   590;   159;     3;     2;  -120;  -120;  -5.8; drag-lps8-03; 4; 8; 125000; 1297
2023-07-17 13:34:51; hka-aqm-am109;  23.78;  47.81;   410;   609;   655;   191;     4;     2;  -118;  -118;  -5.5; drag-lps8-03; 3; 8; 125000; 1298
2023-07-17 13:35:11; hka-aqm-am109;  23.77;  47.81;   409;   611;   710;   211;     4;     3;   -85;   -85;   9.0; drag-lps8-05; 5; 8; 125000; 1299
2023-07-17 13:35:31; hka-aqm-am109;  23.76;  47.84;   408;   662;   526;   129;     3;     3;  -122;  -122;  -7.0; drag-lps8-03; 2; 8; 125000; 1300
2023-07-17 13:35:52; hka-aqm-am109;  23.74;  47.84;   408;   637;   705;   209;     4;     2;  -122;  -122;  -8.0; drag-lps8-03; 6; 8; 125000; 1301
2023-07-17 13:43:52; hka-aqm-am109;  23.74;  48.00;   413;   618;   488;   119;     4;     9;   -84;   -84;  11.0; drag-lps8-05; 0; 8; 125000; 1302
2023-07-17 13:48:31; hka-aqm-am109;  23.72;  48.00;   413;   613;   394;    93;     5;     9;  -124;  -124;  -9.5; drag-lps8-03; 7; 8; 125000; 1303
2023-07-17 13:51:31; hka-aqm-am109;  23.73;  48.00;   408;   603;   455;   117;     4;     7;   -87;   -87;  10.8; drag-lps8-05; 1; 8; 125000; 1304
2023-07-17 13:51:52; hka-aqm-am109;  23.72;  48.00;   409;   612;   549;   160;     2;     6;  -120;  -120;  -6.5; drag-lps8-03; 3; 8; 125000; 1305
2023-07-17 13:52:12; hka-aqm-am109;  23.71;  48.00;   408;   622;   678;   212;     1;     5;  -121;  -121;  -8.0; drag-lps8-03; 1; 8; 125000; 1306
2023-07-17 13:52:31; hka-aqm-am109;  23.70;  48.03;   408;   652;   453;   111;     3;     6;   -85;   -85;  11.5; drag-lps8-05; 6; 8; 125000; 1307
2023-07-17 13:53:30; hka-aqm-am109;  23.70;  48.07;   417;   645;   396;    93;     4;     6;  -124;  -124;  -6.8; drag-lps8-03; 7; 8; 125000; 1308
2023-07-17 13:54:11; hka-aqm-am109;  23.72;  48.10;   412;   637;   506;   139;     1;     6;  -123;  -123;  -8.0; drag-lps8-03; 0; 8; 125000; 1309
2023-07-17 13:54:50; hka-aqm-am109;  23.72;  48.13;   414;   631;   432;   106;     1;     7;   -84;   -84;   9.5; drag-lps8-05; 4; 8; 125000; 1310
2023-07-17 13:56:30; hka-aqm-am109;  23.70;  48.19;   413;   624;   487;   125;     3;     6;   -87;   -87;   8.2; drag-lps8-05; 2; 8; 125000; 1312
2023-07-17 13:56:52; hka-aqm-am109;  23.70;  48.23;   412;   621;   673;   206;     3;     6;   -84;   -84;  10.0; drag-lps8-05; 6; 8; 125000; 1313
2023-07-17 14:03:13; hka-aqm-am109;  23.69;  48.29;   409;   646;   388;    90;     4;     8;   -87;   -87;  11.5; drag-lps8-05; 1; 8; 125000; 1314
2023-07-17 14:03:32; hka-aqm-am109;  23.68;  48.26;   408;   632;   547;   153;     4;     6;  -123;  -123;  -8.2; drag-lps8-03; 4; 8; 125000; 1315
2023-07-17 14:03:51; hka-aqm-am109;  23.69;  48.26;   408;   587;   453;   113;     3;     6;  -127;  -127;  -9.8; drag-lps8-03; 0; 8; 125000; 1316
2023-07-17 14:04:50; hka-aqm-am109;  23.67;  48.29;   416;   596;   656;   201;     6;     6;   -85;   -85;  11.5; drag-lps8-05; 3; 8; 125000; 1317
2023-07-17 14:05:11; hka-aqm-am109;  23.68;  48.26;   413;   624;   433;   107;     3;     5;   -83;   -83;   7.8; drag-lps8-05; 5; 8; 125000; 1318
2023-07-17 14:05:52; hka-aqm-am109;  23.67;  48.26;   415;   621;   648;   195;     4;     4;  -126;  -126;  -9.5; drag-lps8-03; 7; 8; 125000; 1319
2023-07-17 14:06:30; hka-aqm-am109;  23.66;  48.26;   416;   668;   518;   143;     3;     9;  -125;  -125; -10.2; drag-lps8-03; 2; 8; 125000; 1320
2023-07-17 14:06:51; hka-aqm-am109;  23.66;  48.26;   413;   678;   651;   197;     3;     9;  -126;  -126; -10.5; drag-lps8-03; 0; 8; 125000; 1321
2023-07-17 14:07:30; hka-aqm-am109;  23.68;  48.23;   415;   665;   538;   147;     2;     5;  -120;  -120;  -5.8; drag-lps8-03; 4; 8; 125000; 1322
2023-07-17 14:07:52; hka-aqm-am109;  23.67;  48.23;   412;   654;   658;   200;     2;     5;   -85;   -85;  10.8; drag-lps8-05; 1; 8; 125000; 1323
2023-07-17 14:12:52; hka-aqm-am109;  23.66;  48.29;   412;   623;   726;   220;     4;     7;   -87;   -87;  10.0; drag-lps8-05; 7; 8; 125000; 1324
2023-07-17 14:13:11; hka-aqm-am109;  23.66;  48.26;   410;   625;   519;   129;     4;     7;  -122;  -122;  -7.8; drag-lps8-03; 3; 8; 125000; 1325
2023-07-17 14:13:51; hka-aqm-am109;  23.66;  48.32;   413;   627;   663;   195;     4;     7;   -84;   -84;   8.0; drag-lps8-05; 2; 8; 125000; 1326
2023-07-17 14:14:11; hka-aqm-am109;  23.66;  48.29;   411;   629;   716;   218;     3;     5;  -122;  -122;  -7.5; drag-lps8-03; 6; 8; 125000; 1327
2023-07-17 14:15:51; hka-aqm-am109;  23.66;  48.32;   408;   621;   672;   205;     4;     7;   -85;   -85;   8.0; drag-lps8-05; 5; 8; 125000; 1328
2023-07-17 14:18:31; hka-aqm-am109;  23.69;  48.39;   414;   667;   426;   100;     4;     8;   -87;   -87;   8.8; drag-lps8-05; 2; 8; 125000; 1329
2023-07-17 14:21:12; hka-aqm-am109;  23.69;  48.45;   410;   641;   647;   198;     3;     8;   -85;   -85;   9.5; drag-lps8-05; 3; 8; 125000; 1330
2023-07-17 14:22:52; hka-aqm-am109;  23.68;  48.48;   408;   637;   404;    95;     2;     7;   -90;   -90;  12.0; drag-lps8-05; 7; 8; 125000; 1332
2023-07-17 14:23:52; hka-aqm-am109;  23.68;  48.45;   409;   637;   632;   194;     3;     7;  -127;  -127;  -9.0; drag-lps8-03; 4; 8; 125000; 1333
2023-07-17 14:24:11; hka-aqm-am109;  23.67;  48.48;   408;   661;   514;   140;     3;     7;   -89;   -89;   8.0; drag-lps8-05; 5; 8; 125000; 1334
2023-07-17 14:24:53; hka-aqm-am109;  23.68;  48.45;   408;   644;   383;    91;     2;     7;   -90;   -90;  11.2; drag-lps8-05; 0; 8; 125000; 1335
2023-07-17 14:30:10; hka-aqm-am109;  23.70;  48.42;   410;   660;   588;   181;     5;     9;  -125;  -125;  -7.8; drag-lps8-03; 1; 8; 125000; 1336
2023-07-17 14:43:31; hka-aqm-am109;  23.75;  48.77;   411;   683;   434;   122;     4;    14;  -118;  -118;  -3.5; drag-lps8-03; 3; 8; 125000; 1337
2023-07-17 14:44:32; hka-aqm-am109;  23.76;  48.83;   413;   691;   571;   173;     3;    11;  -115;  -115;   1.5; drag-lps8-03; 0; 8; 125000; 1338
2023-07-17 14:45:11; hka-aqm-am109;  23.76;  48.80;   410;   699;   376;   104;     3;    13;  -122;  -122;  -4.0; drag-lps8-03; 1; 8; 125000; 1339
2023-07-17 14:46:10; hka-aqm-am109;  23.76;  48.83;   412;   680;   562;   165;     3;    13;  -114;  -114;   0.8; drag-lps8-03; 5; 8; 125000; 1340
2023-07-17 15:01:17; hka-aqm-am109;  23.87;  48.67;   411;   695;   591;   176;     3;     7;  -126;  -126;  -8.2; drag-lps8-03; 7; 8; 125000; 1341
2023-07-17 15:16:23; hka-aqm-am109;  23.92;  48.23;   408;   717;   535;   161;     4;     9;   -89;   -89;  12.0; drag-lps8-05; 4; 8; 125000; 1342
2023-07-17 15:31:29; hka-aqm-am109;  23.94;  47.62;   414;   627;   527;   163;     2;     5;  -124;  -124;  -8.5; drag-lps8-03; 6; 8; 125000; 1343
2023-07-17 15:46:36; hka-aqm-am109;  23.95;  47.62;   412;   674;   551;   170;     2;     6;   -90;   -90;   7.2; drag-lps8-05; 2; 8; 125000; 1344
2023-07-17 16:01:42; hka-aqm-am109;  23.88;  47.71;   412;   684;   538;   166;     3;     8;   -84;   -84;  11.0; drag-lps8-05; 4; 8; 125000; 1345
2023-07-17 16:16:48; hka-aqm-am109;  23.87;  47.46;   408;   734;   522;   163;     5;     8;   -89;   -89;  11.2; drag-lps8-05; 3; 8; 125000; 1346
2023-07-17 16:31:54; hka-aqm-am109;  23.88;  46.78;   419;   658;   566;   175;     3;     3;   -93;   -93;  12.2; drag-lps8-05; 0; 8; 125000; 1347
2023-07-17 16:33:31; hka-aqm-am109;  23.88;  46.78;   414;   649;   506;   151;     6;    14;   -89;   -89;  10.2; drag-lps8-05; 7; 8; 125000; 1348
2023-07-17 16:48:38; hka-aqm-am109;  23.88;  45.20;   419;   595;   480;   145;     4;     6;  -123;  -123;  -5.8; drag-lps8-03; 1; 8; 125000; 1349
2023-07-17 17:03:44; hka-aqm-am109;  23.92;  44.94;   408;   599;   500;   152;     1;     5;  -128;  -128;  -9.0; drag-lps8-03; 5; 8; 125000; 1350
2023-07-17 17:10:31; hka-aqm-am109;  24.00;  44.94;   410;   617;   464;   139;     5;    11;  -122;  -122;  -6.8; drag-lps8-03; 6; 8; 125000; 1351
2023-07-17 17:25:37; hka-aqm-am109;  24.24;  44.84;   417;   651;   451;   137;     2;    11;   -90;   -90;   7.8; drag-lps8-05; 2; 8; 125000; 1352
2023-07-17 17:40:12; hka-aqm-am109;  24.55;  44.29;   405;   717;   339;    85;     6;    13;  -122;  -122;  -3.5; drag-lps8-03; 7; 8; 125000; 1353
2023-07-17 17:40:33; hka-aqm-am109;  24.54;  44.13;   405;   698;   434;   126;     3;     3;  -118;  -118;  -3.5; drag-lps8-03; 2; 8; 125000; 1354
2023-07-17 17:55:39; hka-aqm-am109;  24.84;  43.71;   405;   679;   407;   116;     3;     7;  -121;  -121;  -5.0; drag-lps8-03; 4; 8; 125000; 1355
2023-07-17 17:59:30; hka-aqm-am109;  24.90;  43.38;   414;   647;   325;    80;     5;     8;  -119;  -119;  -5.2; drag-lps8-03; 6; 8; 125000; 1356
2023-07-17 17:59:52; hka-aqm-am109;  24.93;  43.45;   411;   672;   405;   116;     3;     5;  -118;  -118;  -3.0; drag-lps8-03; 1; 8; 125000; 1357
2023-07-17 18:00:30; hka-aqm-am109;  24.94;  43.48;   413;   662;   272;    55;     3;     5;  -122;  -122;  -4.5; drag-lps8-03; 5; 8; 125000; 1358
2023-07-17 18:02:12; hka-aqm-am109;  24.96;  43.38;   405;   736;   383;   103;     4;     5;  -120;  -120;  -3.5; drag-lps8-03; 0; 8; 125000; 1359
2023-07-17 18:04:11; hka-aqm-am109;  24.98;  43.42;   409;   709;   328;    80;     3;     8;  -125;  -125; -10.0; drag-lps8-03; 3; 8; 125000; 1360
2023-07-17 18:04:52; hka-aqm-am109;  25.00;  43.35;   407;   712;   419;   122;     3;     9;  -122;  -122;  -4.8; drag-lps8-03; 2; 8; 125000; 1361
2023-07-17 18:19:58; hka-aqm-am109;  25.26;  42.83;   410;   732;   391;   112;     3;     2;  -125;  -125;  -6.2; drag-lps8-03; 7; 8; 125000; 1362
2023-07-17 18:35:04; hka-aqm-am109;  25.45;  42.57;   409;   690;   367;   103;     2;     1;   -87;   -87;  10.2; drag-lps8-05; 6; 8; 125000; 1363
2023-07-17 18:50:11; hka-aqm-am109;  25.62;  42.38;   404;   785;   345;    97;     6;    11;   -89;   -89;  11.0; drag-lps8-05; 0; 8; 125000; 1364
2023-07-17 19:05:17; hka-aqm-am109;  25.74;  41.98;   403;   685;   314;    85;     4;     1;   -87;   -87;   8.2; drag-lps8-05; 5; 8; 125000; 1365
2023-07-17 19:20:24; hka-aqm-am109;  25.87;  41.26;   417;   727;   298;    83;     1;     0;   -85;   -85;  10.5; drag-lps8-05; 3; 8; 125000; 1366
2023-07-17 19:35:33; hka-aqm-am109;  26.01;  40.38;   402;   635;   268;    73;     6;    11;   -87;   -87;  11.8; drag-lps8-05; 4; 8; 125000; 1367
2023-07-17 19:50:39; hka-aqm-am109;  26.11;  39.56;   406;   567;   239;    65;     3;     0;  -119;  -119;  -4.0; drag-lps8-03; 1; 8; 125000; 1368
2023-07-17 20:05:45; hka-aqm-am109;  26.20;  39.23;   402;   547;   203;    55;     4;     0;   -87;   -87;   8.8; drag-lps8-05; 5; 8; 125000; 1369
2023-07-17 20:20:52; hka-aqm-am109;  26.29;  39.23;   404;   620;   171;    49;     6;    11;   -88;   -88;  10.5; drag-lps8-05; 1; 8; 125000; 1370
2023-07-17 20:35:58; hka-aqm-am109;  26.32;  39.03;   409;   642;   124;    34;     3;     0;   -87;   -87;  11.0; drag-lps8-05; 6; 8; 125000; 1371
2023-07-17 20:51:04; hka-aqm-am109;  26.36;  38.57;   402;   628;    75;    19;     4;     0;  -120;  -120;  -3.5; drag-lps8-03; 7; 8; 125000; 1372
2023-07-17 21:06:12; hka-aqm-am109;  26.40;  37.98;   402;   691;    36;     8;     6;    11;  -125;  -125;  -8.2; drag-lps8-03; 3; 8; 125000; 1373
2023-07-17 21:21:18; hka-aqm-am109;  26.44;  37.84;   403;   626;    16;     5;     3;     0;  -123;  -123;  -5.0; drag-lps8-03; 4; 8; 125000; 1374
2023-07-17 21:36:25; hka-aqm-am109;  26.43;  37.71;   402;   641;     6;     1;     3;     0;   -90;   -90;  11.8; drag-lps8-05; 0; 8; 125000; 1375
2023-07-17 21:51:31; hka-aqm-am109;  26.45;  37.58;   402;   649;     4;     1;     6;    11;  -118;  -118;  -4.0; drag-lps8-03; 2; 8; 125000; 1376
2023-07-17 22:06:37; hka-aqm-am109;  26.46;  37.58;   403;   646;     4;     1;     2;     0;   -89;   -89;  10.0; drag-lps8-05; 1; 8; 125000; 1377
2023-07-17 22:21:44; hka-aqm-am109;  26.48;  37.61;   414;   654;     4;     0;     6;    11;  -125;  -125;  -6.0; drag-lps8-03; 4; 8; 125000; 1378
2023-07-17 22:36:52; hka-aqm-am109;  26.48;  37.71;   402;   651;     4;     0;     6;    11;   -87;   -87;  11.0; drag-lps8-05; 3; 8; 125000; 1379
2023-07-17 22:51:58; hka-aqm-am109;  26.48;  37.78;   404;   655;     4;     0;     4;     0;  -121;  -121;  -4.2; drag-lps8-03; 0; 8; 125000; 1380
2023-07-17 23:07:05; hka-aqm-am109;  26.50;  37.84;   403;   691;     4;     0;     3;     0;   -89;   -89;  11.2; drag-lps8-05; 6; 8; 125000; 1381
2023-07-17 23:22:12; hka-aqm-am109;  26.51;  37.91;   406;   678;     4;     0;     2;     0;   -90;   -90;   9.2; drag-lps8-05; 2; 8; 125000; 1382
2023-07-17 23:37:19; hka-aqm-am109;  26.51;  38.04;   411;   685;     4;     1;     4;     0;   -90;   -90;  11.5; drag-lps8-05; 7; 8; 125000; 1383
2023-07-17 23:52:25; hka-aqm-am109;  26.53;  38.11;   414;   612;     6;     2;     6;    11;   -87;   -87;   8.0; drag-lps8-05; 5; 8; 125000; 1384
