# Logfile LoRaWAN TTN/TTS V3 logger version hka-log V 1.1
date_time;device_id;tmp;hum;CO2;VOC;vis;IR;WIFI;BLE;rssi;channel_rssi;snr;gateway;channel_index;spreading_factor;bandwidth;f_cnt
2023-06-21 00:07:54; hka-aqm-am116;  27.92;  45.30;   546;  1213;     5;     2;     5;     3;  -112;  -112;   2.2; drag-lps8-03; 2; 7; 125000; 2537
2023-06-21 00:23:00; hka-aqm-am116;  28.03;  45.14;   542;  1235;     5;     0;     2;     2;  -112;  -112;   4.8; drag-lps8-03; 7; 7; 125000; 2538
2023-06-21 00:38:13; hka-aqm-am116;  28.10;  45.07;   538;  1187;     5;     0;     5;     3;   -97;   -97;   5.8; drag-lps8-05; 5; 7; 125000; 2540
2023-06-21 00:53:20; hka-aqm-am116;  28.18;  45.04;   532;  1173;     5;     1;     4;     0;   -99;   -99;   8.8; drag-lps8-05; 4; 7; 125000; 2541
2023-06-21 01:08:26; hka-aqm-am116;  28.27;  45.10;   529;  1112;     7;     2;     3;     2;   -99;   -99;   8.8; drag-lps8-05; 3; 7; 125000; 2542
2023-06-21 01:23:34; hka-aqm-am116;  28.32;  45.10;   528;  1137;     5;     0;     5;     3;  -112;  -112;   2.5; drag-lps8-03; 6; 7; 125000; 2543
2023-06-21 01:38:40; hka-aqm-am116;  28.38;  45.10;   515;  1155;     5;     2;     2;     0;  -110;  -110;   2.2; drag-lps8-03; 2; 7; 125000; 2544
2023-06-21 01:53:47; hka-aqm-am116;  28.42;  45.10;   518;  1107;     5;     2;     2;     1;   -99;   -99;   8.2; drag-lps8-05; 0; 7; 125000; 2545
2023-06-21 02:08:54; hka-aqm-am116;  28.51;  44.91;   511;  1091;     5;     1;     5;     3;   -99;   -99;   6.5; drag-lps8-05; 5; 7; 125000; 2546
2023-06-21 02:24:00; hka-aqm-am116;  28.56;  44.78;   505;  1097;     5;     1;     4;     0;  -100;  -100;   9.5; drag-lps8-05; 3; 7; 125000; 2547
2023-06-21 02:39:06; hka-aqm-am116;  28.60;  44.68;   501;  1095;     5;     2;     2;     0;   -99;   -99;   8.5; drag-lps8-05; 6; 7; 125000; 2548
2023-06-21 02:54:14; hka-aqm-am116;  28.69;  44.49;   501;  1095;     8;     3;     5;     3;   -97;   -97;   8.0; drag-lps8-05; 1; 7; 125000; 2549
2023-06-21 03:09:20; hka-aqm-am116;  28.71;  44.49;   500;  1061;     5;     1;     4;     1;  -119;  -119;  -1.0; drag-lps8-03; 0; 7; 125000; 2550
2023-06-21 03:24:26; hka-aqm-am116;  28.75;  44.39;   509;  1077;     7;     2;     1;     1;  -116;  -116;  -1.2; drag-lps8-03; 2; 7; 125000; 2551
2023-06-21 03:39:33; hka-aqm-am116;  28.81;  44.26;   496;  1049;     5;     0;     5;     3;  -100;  -100;   9.0; drag-lps8-05; 7; 7; 125000; 2552
2023-06-21 03:54:39; hka-aqm-am116;  28.84;  44.23;   496;  1095;     5;     0;     2;     0;   -97;   -97;   8.5; drag-lps8-05; 4; 7; 125000; 2553
2023-06-21 04:09:46; hka-aqm-am116;  28.86;  44.23;   494;  1049;     5;     0;     4;     0;  -118;  -118;  -3.8; drag-lps8-03; 1; 7; 125000; 2554
2023-06-21 04:24:53; hka-aqm-am116;  28.91;  44.13;   490;  1078;     8;     3;     5;     3;   -99;   -99;   8.0; drag-lps8-05; 3; 7; 125000; 2555
2023-06-21 04:39:59; hka-aqm-am116;  28.95;  44.07;   489;  1021;     5;     1;     1;     1;  -121;  -121;  -3.2; drag-lps8-03; 7; 7; 125000; 2556
2023-06-21 04:55:05; hka-aqm-am116;  28.95;  44.10;   488;  1033;     8;     3;     1;     0;   -97;   -97;   9.5; drag-lps8-05; 0; 7; 125000; 2557
2023-06-21 05:10:14; hka-aqm-am116;  28.98;  44.13;   487;  1033;     5;     0;     5;     3;  -123;  -123;  -4.8; drag-lps8-03; 5; 7; 125000; 2558
2023-06-21 05:25:20; hka-aqm-am116;  29.05;  44.13;   487;  1077;     8;     2;     1;     0;   -99;   -99;   8.5; drag-lps8-05; 4; 7; 125000; 2559
2023-06-21 05:40:33; hka-aqm-am116;  29.08;  44.13;   480;   981;     7;     1;     5;     3;  -116;  -116;  -2.5; drag-lps8-03; 2; 7; 125000; 2561
2023-06-21 05:55:39; hka-aqm-am116;  29.00;  44.33;   476;   897;    10;     3;     4;     0;  -121;  -121;  -2.8; drag-lps8-03; 0; 7; 125000; 2562
2023-06-21 06:10:54; hka-aqm-am116;  28.51;  45.04;   472;   937;     9;     1;     5;     3;   -99;   -99;   8.8; drag-lps8-05; 3; 7; 125000; 2564
2023-06-21 06:26:00; hka-aqm-am116;  28.00;  46.20;   472;   921;    15;     3;     2;     0;  -122;  -122;  -3.0; drag-lps8-03; 4; 7; 125000; 2565
2023-06-21 06:31:32; hka-aqm-am116;  28.11;  45.75;   469;   947;   292;    39;     5;     3;  -117;  -117;  -0.8; drag-lps8-03; 5; 7; 125000; 2566
2023-06-21 06:32:32; hka-aqm-am116;  28.05;  46.14;   473;   944;    24;     5;     3;     0;  -112;  -112;   2.5; drag-lps8-03; 1; 7; 125000; 2567
2023-06-21 06:47:38; hka-aqm-am116;  27.59;  46.59;   471;   901;    29;     6;     2;     0;   -97;   -97;   9.0; drag-lps8-05; 7; 7; 125000; 2568
2023-06-21 07:02:45; hka-aqm-am116;  26.50;  46.97;   476;   862;    46;     9;     3;     0;   -97;   -97;   8.8; drag-lps8-05; 6; 7; 125000; 2569
2023-06-21 07:17:54; hka-aqm-am116;  25.65;  47.20;   468;   830;    75;    17;     4;     1;  -100;  -100;   8.2; drag-lps8-05; 0; 7; 125000; 2570
2023-06-21 07:33:00; hka-aqm-am116;  25.02;  48.19;   465;   797;   127;    30;     4;     0;  -100;  -100;   9.5; drag-lps8-05; 6; 7; 125000; 2571
2023-06-21 07:48:06; hka-aqm-am116;  24.70;  49.03;   468;   811;   122;    28;     2;     1;   -97;   -97;   8.0; drag-lps8-05; 1; 7; 125000; 2572
2023-06-21 08:03:13; hka-aqm-am116;  24.40;  49.31;   468;   802;   116;    26;     4;     1;  -109;  -109;   4.2; drag-lps8-03; 4; 7; 125000; 2573
2023-06-21 08:18:19; hka-aqm-am116;  24.18;  49.79;   465;   773;   134;    31;     2;     0;   -97;   -97;   6.8; drag-lps8-05; 5; 7; 125000; 2574
2023-06-21 08:33:25; hka-aqm-am116;  23.81;  51.06;   467;   873;   106;    27;     4;     0;   -97;   -97;   7.5; drag-lps8-05; 3; 7; 125000; 2575
2023-06-21 08:48:34; hka-aqm-am116;  23.63;  50.84;   469;   765;   119;    28;     5;     1;  -110;  -110;   3.8; drag-lps8-03; 7; 7; 125000; 2576
2023-06-21 09:03:40; hka-aqm-am116;  23.38;  51.00;   472;   807;   198;    52;     3;     0;  -108;  -108;   4.0; drag-lps8-03; 2; 7; 125000; 2577
2023-06-21 09:18:46; hka-aqm-am116;  23.22;  51.16;   470;   805;   175;    43;     2;     2;  -119;  -119;  -5.0; drag-lps8-03; 3; 7; 125000; 2578
2023-06-21 09:33:53; hka-aqm-am116;  23.08;  51.79;   466;   790;   199;    52;     5;     3;  -118;  -118;  -4.0; drag-lps8-03; 1; 7; 125000; 2579
2023-06-21 09:48:59; hka-aqm-am116;  23.06;  51.70;   476;   780;   237;    60;     4;     2;  -107;  -107;   5.8; drag-lps8-03; 7; 7; 125000; 2580
2023-06-21 10:04:06; hka-aqm-am116;  23.00;  52.11;   512;   793;   150;    37;     4;     5;  -101;  -101;   6.0; drag-lps8-05; 2; 7; 125000; 2581
2023-06-21 10:19:12; hka-aqm-am116;  22.83;  53.03;   570;   851;   127;    29;     6;     8;  -115;  -115;  -0.8; drag-lps8-03; 5; 7; 125000; 2582
2023-06-21 10:34:19; hka-aqm-am116;  22.78;  52.77;   613;   860;   190;    44;     3;     3;  -106;  -106;   7.0; drag-lps8-03; 4; 7; 125000; 2583
2023-06-21 10:49:32; hka-aqm-am116;  23.11;  54.51;   641;   909;   215;    50;     6;     8;  -105;  -105;   7.0; drag-lps8-03; 6; 7; 125000; 2585
2023-06-21 11:04:39; hka-aqm-am116;  24.05;  55.70;   635;   857;   152;    36;     2;     1;  -102;  -102;   6.8; drag-lps8-05; 3; 7; 125000; 2586
2023-06-21 11:19:45; hka-aqm-am116;  24.76;  55.73;   605;   823;   118;    29;     6;     3;  -111;  -111;   2.8; drag-lps8-03; 1; 7; 125000; 2587
2023-06-21 11:34:53; hka-aqm-am116;  25.28;  55.26;   600;   853;   133;    31;     6;    12;  -106;  -106;   6.2; drag-lps8-03; 6; 7; 125000; 2588
2023-06-21 11:50:06; hka-aqm-am116;  25.76;  55.60;   571;  1023;   152;    36;     2;     6;  -108;  -108;   4.5; drag-lps8-03; 2; 7; 125000; 2590
2023-06-21 12:05:13; hka-aqm-am116;  26.11;  55.60;   566;  1114;   209;    49;     6;    12;   -99;   -99;   8.0; drag-lps8-05; 4; 7; 125000; 2591
2023-06-21 12:20:26; hka-aqm-am116;  26.45;  55.38;   532;   907;   238;    56;     5;     5;  -113;  -113;   2.8; drag-lps8-03; 0; 7; 125000; 2593
2023-06-21 12:35:33; hka-aqm-am116;  26.78;  54.98;   503;   803;   333;    78;     6;    12;   -96;   -96;   7.0; drag-lps8-05; 2; 7; 125000; 2594
2023-06-21 12:40:52; hka-aqm-am116;  26.89;  54.76;   490;   849;   462;   114;     6;    12;  -102;  -102;   8.0; drag-lps8-05; 3; 7; 125000; 2595
2023-06-21 12:55:58; hka-aqm-am116;  27.22;  54.63;   459;   728;   300;    70;     4;     5;  -111;  -111;   4.8; drag-lps8-03; 7; 7; 125000; 2596
2023-06-21 13:11:04; hka-aqm-am116;  27.60;  53.59;   456;   804;   344;    79;     2;     7;  -107;  -107;   7.5; drag-lps8-05; 0; 7; 125000; 2597
2023-06-21 13:16:51; hka-aqm-am116;  27.74;  53.06;   452;   814;   384;    93;     5;     9;  -113;  -113;  -0.2; drag-lps8-03; 1; 7; 125000; 2598
2023-06-21 13:19:33; hka-aqm-am116;  27.80;  52.99;   451;   800;   396;    95;     4;     7;  -114;  -114;   2.0; drag-lps8-03; 5; 7; 125000; 2599
2023-06-21 13:20:53; hka-aqm-am116;  27.83;  52.99;   447;   802;   285;    61;     4;     9;  -113;  -113;   3.0; drag-lps8-03; 4; 7; 125000; 2600
2023-06-21 13:21:13; hka-aqm-am116;  27.82;  52.93;   447;   800;   336;    76;     4;    10;  -103;  -103;   6.2; drag-lps8-05; 6; 7; 125000; 2601
2023-06-21 13:27:53; hka-aqm-am116;  28.03;  52.39;   453;   842;   229;    45;     5;    12;  -105;  -105;   5.8; drag-lps8-05; 2; 7; 125000; 2602
2023-06-21 13:29:52; hka-aqm-am116;  28.06;  52.80;   454;   822;   341;    77;     5;    13;  -108;  -108;   5.0; drag-lps8-05; 3; 7; 125000; 2603
2023-06-21 13:38:52; hka-aqm-am116;  27.85;  52.20;   524;   823;   296;    61;     4;    12;  -103;  -103;   6.8; drag-lps8-05; 5; 7; 125000; 2604
2023-06-21 13:40:31; hka-aqm-am116;  27.71;  51.76;   530;   843;   347;    75;     3;     5;  -115;  -115;  -0.2; drag-lps8-03; 4; 7; 125000; 2605
2023-06-21 13:40:51; hka-aqm-am116;  27.68;  51.57;   530;   839;   292;    61;     3;     5;  -109;  -109;   5.0; drag-lps8-05; 0; 7; 125000; 2606
2023-06-21 13:41:11; hka-aqm-am116;  27.65;  51.51;   531;   830;   432;    97;     3;     5;  -107;  -107;   2.8; drag-lps8-05; 6; 7; 125000; 2607
2023-06-21 13:56:17; hka-aqm-am116;  27.02;  50.52;   682;   918;   527;   119;     4;     0;  -115;  -115;  -0.2; drag-lps8-03; 7; 7; 125000; 2608
2023-06-21 14:11:23; hka-aqm-am116;  26.69;  49.66;   857;  1031;   638;   141;     1;     3;  -114;  -114;  -0.8; drag-lps8-03; 1; 7; 125000; 2609
2023-06-21 14:26:29; hka-aqm-am116;  26.64;  49.44;  1030;  1176;   660;   145;     2;     2;  -118;  -118;  -4.0; drag-lps8-03; 2; 7; 125000; 2610
2023-06-21 14:41:36; hka-aqm-am116;  26.57;  48.80;  1176;  1206;   810;   178;     2;     2;  -115;  -115;   0.5; drag-lps8-03; 4; 7; 125000; 2611
2023-06-21 14:54:12; hka-aqm-am116;  26.65;  48.71;  1315;  1307;  1572;   345;     5;     7;  -119;  -119;  -4.8; drag-lps8-03; 6; 7; 125000; 2613
2023-06-21 14:54:52; hka-aqm-am116;  26.99;  48.03;  1329;  1350;  1793;   422;     4;     1;  -105;  -105;   7.0; drag-lps8-05; 7; 7; 125000; 2615
2023-06-21 14:55:31; hka-aqm-am116;  27.02;  47.87;  1343;  1327;  1951;   449;     2;     1;  -114;  -114;   2.2; drag-lps8-03; 5; 7; 125000; 2616
2023-06-21 14:55:51; hka-aqm-am116;  27.04;  47.94;  1348;  1316;  1773;   416;     2;     1;  -100;  -100;   9.0; drag-lps8-05; 3; 7; 125000; 2617
2023-06-21 14:56:32; hka-aqm-am116;  27.08;  48.39;  1278;  1231;  1745;   413;     4;     1;  -107;  -107;   4.8; drag-lps8-05; 2; 7; 125000; 2618
2023-06-21 14:56:52; hka-aqm-am116;  27.07;  48.42;  1221;  1186;  1743;   411;     2;     1;  -115;  -115;   0.8; drag-lps8-03; 7; 7; 125000; 2619
2023-06-21 14:57:31; hka-aqm-am116;  27.02;  48.74;  1167;  1132;  1622;   381;     2;     1;  -114;  -114;   2.8; drag-lps8-03; 4; 7; 125000; 2620
2023-06-21 14:57:51; hka-aqm-am116;  27.02;  48.74;  1110;  1084;  1656;   390;     2;     1;  -101;  -101;   8.0; drag-lps8-05; 3; 7; 125000; 2621
2023-06-21 14:58:12; hka-aqm-am116;  27.04;  48.77;  1069;  1049;  1469;   350;     3;     1;  -103;  -103;   6.2; drag-lps8-05; 5; 7; 125000; 2622
2023-06-21 14:58:51; hka-aqm-am116;  27.02;  48.90;  1038;  1007;  1385;   331;     3;     2;  -111;  -111;   4.8; drag-lps8-03; 0; 7; 125000; 2623
2023-06-21 14:59:12; hka-aqm-am116;  26.99;  48.93;   994;   972;  1563;   369;     2;     2;  -110;  -110;   1.0; drag-lps8-03; 6; 7; 125000; 2624
2023-06-21 14:59:32; hka-aqm-am116;  26.99;  49.09;   956;   925;  1581;   371;     2;     2;  -106;  -106;   5.0; drag-lps8-05; 1; 7; 125000; 2625
2023-06-21 14:59:53; hka-aqm-am116;  26.99;  49.09;   925;   877;  1648;   387;     2;     3;  -113;  -113;   3.2; drag-lps8-03; 5; 7; 125000; 2626
2023-06-21 15:00:52; hka-aqm-am116;  26.95;  49.28;   876;   820;  1586;   375;     5;     4;  -116;  -116;  -3.5; drag-lps8-05; 1; 7; 125000; 2627
2023-06-21 15:01:13; hka-aqm-am116;  26.96;  49.54;   836;   767;  1552;   369;     2;     4;  -117;  -117;  -3.0; drag-lps8-03; 3; 7; 125000; 2628
2023-06-21 15:01:32; hka-aqm-am116;  26.94;  49.57;   785;   729;  1589;   376;     2;     4;  -111;  -111;   3.0; drag-lps8-03; 7; 7; 125000; 2629
2023-06-21 15:01:52; hka-aqm-am116;  26.93;  49.60;   745;   684;  1575;   372;     2;     4;  -114;  -114;   0.8; drag-lps8-03; 4; 7; 125000; 2630
2023-06-21 15:02:13; hka-aqm-am116;  26.90;  49.60;   715;   614;  1479;   355;     3;     4;  -110;  -110;   0.8; drag-lps8-03; 6; 7; 125000; 2631
2023-06-21 15:03:12; hka-aqm-am116;  26.88;  49.92;   666;   584;  1439;   340;     3;     5;  -118;  -118;  -4.0; drag-lps8-05; 2; 7; 125000; 2632
2023-06-21 15:03:32; hka-aqm-am116;  26.86;  50.01;   655;   548;  1599;   381;     1;     4;  -113;  -113;   3.8; drag-lps8-03; 0; 7; 125000; 2633
2023-06-21 15:05:52; hka-aqm-am116;  26.80;  50.21;   612;   518;  1661;   391;     3;     4;  -105;  -105;   7.5; drag-lps8-05; 4; 7; 125000; 2634
2023-06-21 15:06:32; hka-aqm-am116;  26.78;  50.43;   613;   539;  1415;   314;     4;     2;  -102;  -102;   8.0; drag-lps8-05; 6; 7; 125000; 2636
2023-06-21 15:08:53; hka-aqm-am116;  26.69;  50.46;   619;   584;  1205;   270;     6;     3;  -120;  -120;  -4.0; drag-lps8-03; 5; 7; 125000; 2638
2023-06-21 15:09:13; hka-aqm-am116;  26.69;  50.49;   622;   560;  1086;   251;     6;     3;  -121;  -121;  -2.8; drag-lps8-03; 7; 7; 125000; 2639
2023-06-21 15:09:32; hka-aqm-am116;  26.66;  50.49;   626;   539;  1143;   261;     4;     3;  -119;  -119;  -4.0; drag-lps8-03; 2; 7; 125000; 2640
2023-06-21 15:09:52; hka-aqm-am116;  26.65;  50.46;   631;   560;  1060;   244;     4;     3;   -95;   -95;   9.0; drag-lps8-05; 3; 7; 125000; 2641
2023-06-21 15:10:12; hka-aqm-am116;  26.63;  50.40;   638;   585;  1119;   254;     5;     3;  -120;  -120;  -2.5; drag-lps8-03; 4; 7; 125000; 2642
2023-06-21 15:10:51; hka-aqm-am116;  26.64;  50.43;   650;   562;  1178;   267;     5;     3;  -123;  -123;  -4.2; drag-lps8-03; 7; 7; 125000; 2643
2023-06-21 15:11:12; hka-aqm-am116;  26.59;  50.49;   661;   574;  1020;   235;     3;     3;   -95;   -95;   7.5; drag-lps8-05; 5; 7; 125000; 2644
2023-06-21 15:11:32; hka-aqm-am116;  26.60;  50.43;   670;   630;   893;   209;     3;     2;  -116;  -116;  -2.0; drag-lps8-03; 1; 7; 125000; 2645
2023-06-21 15:11:53; hka-aqm-am116;  26.57;  50.36;   675;   642;  1019;   236;     3;     2;   -95;   -95;   8.0; drag-lps8-05; 6; 7; 125000; 2646
2023-06-21 15:12:33; hka-aqm-am116;  26.56;  50.30;   683;   614;  1213;   277;     5;     3;   -94;   -94;   7.8; drag-lps8-05; 3; 7; 125000; 2647
2023-06-21 15:12:51; hka-aqm-am116;  26.56;  50.24;   686;   622;  1274;   288;     5;     3;   -97;   -97;   9.0; drag-lps8-05; 0; 7; 125000; 2648
2023-06-21 15:13:53; hka-aqm-am116;  26.51;  50.27;   703;   650;  1355;   298;     3;     3;   -95;   -95;   6.8; drag-lps8-05; 2; 7; 125000; 2649
2023-06-21 15:14:11; hka-aqm-am116;  26.50;  50.27;   710;   671;  1265;   281;     2;     3;  -109;  -109;   2.2; drag-lps8-03; 6; 7; 125000; 2650
2023-06-21 15:14:31; hka-aqm-am116;  26.49;  50.24;   716;   654;  1211;   270;     2;     3;  -112;  -112;   1.8; drag-lps8-03; 3; 7; 125000; 2651
2023-06-21 15:15:13; hka-aqm-am116;  26.47;  50.17;   730;   682;  1331;   296;     3;     4;  -108;  -108;   3.8; drag-lps8-03; 2; 7; 125000; 2652
2023-06-21 15:15:52; hka-aqm-am116;  26.46;  50.17;   739;   666;  1354;   299;     3;     4;  -100;  -100;   9.2; drag-lps8-05; 7; 7; 125000; 2653
2023-06-21 15:16:32; hka-aqm-am116;  26.45;  50.14;   747;   678;  1492;   336;     3;     4;   -96;   -96;   8.5; drag-lps8-05; 4; 7; 125000; 2654
2023-06-21 15:17:10; hka-aqm-am116;  26.43;  50.14;   754;   704;  1438;   323;     3;     4;  -111;  -111;   5.8; drag-lps8-03; 0; 7; 125000; 2655
2023-06-21 15:17:30; hka-aqm-am116;  26.41;  50.14;   755;   713;  1350;   308;     3;     4;  -109;  -109;   5.0; drag-lps8-03; 5; 7; 125000; 2656
2023-06-21 15:20:10; hka-aqm-am116;  26.33;  50.17;   795;   757;  1370;   308;     5;     8;   -99;   -99;   8.8; drag-lps8-05; 1; 7; 125000; 2657
2023-06-21 15:21:33; hka-aqm-am116;  26.26;  50.08;   811;   786;  2003;   432;     5;     7;  -112;  -112;   2.8; drag-lps8-03; 4; 7; 125000; 2659
2023-06-21 15:24:10; hka-aqm-am116;  26.19;  49.85;   828;   875;  2081;   449;     5;     7;  -109;  -109;   5.2; drag-lps8-03; 5; 7; 125000; 2661
2023-06-21 15:24:30; hka-aqm-am116;  26.18;  49.89;   830;   870;  1934;   418;     4;     4;  -114;  -114; nan; drag-lps8-05; 0; 7; 125000; 2662
2023-06-21 15:24:51; hka-aqm-am116;  26.15;  49.82;   831;   907;  2373;   509;     4;     4;  -108;  -108;   4.2; drag-lps8-03; 6; 7; 125000; 2663
2023-06-21 15:25:13; hka-aqm-am116;  26.15;  49.92;   832;   884;  2429;   524;     4;     4;  -107;  -107;   4.5; drag-lps8-03; 2; 7; 125000; 2664
2023-06-21 15:26:31; hka-aqm-am116;  26.12;  49.92;   839;   855;  2257;   488;     4;     3;  -106;  -106;   5.0; drag-lps8-03; 1; 7; 125000; 2665
2023-06-21 15:28:11; hka-aqm-am116;  26.06;  50.01;   854;   915;  2176;   469;     2;     3;  -112;  -112;   1.5; drag-lps8-03; 3; 7; 125000; 2666
2023-06-21 15:28:31; hka-aqm-am116;  26.05;  50.01;   857;   914;  2089;   452;     2;     3;   -99;   -99;   9.2; drag-lps8-05; 4; 7; 125000; 2667
2023-06-21 15:28:52; hka-aqm-am116;  26.05;  50.05;   859;   896;  2189;   473;     2;     6;   -98;   -98;   6.2; drag-lps8-05; 5; 7; 125000; 2668
2023-06-21 15:31:10; hka-aqm-am116;  25.98;  50.17;   880;   914;  2190;   472;     4;     6;  -105;  -105;   5.2; drag-lps8-03; 1; 7; 125000; 2669
2023-06-21 15:31:52; hka-aqm-am116;  25.95;  50.24;   883;   920;  2243;   484;     4;     2;  -109;  -109;   7.2; drag-lps8-03; 0; 7; 125000; 2670
2023-06-21 15:34:32; hka-aqm-am116;  25.87;  50.33;   911;   956;  2213;   482;     4;     3;  -108;  -108;   4.0; drag-lps8-03; 6; 7; 125000; 2671
2023-06-21 15:35:52; hka-aqm-am116;  25.84;  50.36;   926;  1083;  2098;   458;     4;     3;  -108;  -108;   4.2; drag-lps8-05; 7; 7; 125000; 2672
2023-06-21 15:36:31; hka-aqm-am116;  25.84;  50.33;   933;  1048;  1560;   352;     2;     3;  -108;  -108;   3.8; drag-lps8-03; 2; 7; 125000; 2673
2023-06-21 15:37:12; hka-aqm-am116;  25.82;  50.36;   939;  1024;  1455;   328;     3;     3;  -107;  -107;   5.2; drag-lps8-03; 1; 7; 125000; 2674
2023-06-21 15:37:51; hka-aqm-am116;  25.79;  50.40;   945;  1015;  1275;   288;     3;     3;  -109;  -109;   4.5; drag-lps8-03; 5; 7; 125000; 2675
2023-06-21 15:38:11; hka-aqm-am116;  25.80;  50.40;   948;  1019;  1443;   320;     3;     2;   -96;   -96;   9.8; drag-lps8-05; 6; 7; 125000; 2676
2023-06-21 15:40:10; hka-aqm-am116;  25.75;  50.40;   971;  1047;  1486;   324;     3;     2;   -96;   -96;   9.2; drag-lps8-05; 3; 7; 125000; 2677
2023-06-21 15:40:31; hka-aqm-am116;  25.74;  50.40;   977;  1062;  1802;   390;     4;     2;  -111;  -111;   4.2; drag-lps8-03; 7; 7; 125000; 2678
2023-06-21 15:41:30; hka-aqm-am116;  25.72;  50.43;   991;  1061;  1678;   368;     4;     3;   -97;   -97;   6.2; drag-lps8-05; 2; 7; 125000; 2679
2023-06-21 15:41:50; hka-aqm-am116;  25.71;  50.40;   992;  1123;  1904;   417;     2;     3;   -99;   -99;   8.5; drag-lps8-05; 4; 7; 125000; 2680
2023-06-21 15:42:12; hka-aqm-am116;  25.71;  50.36;   995;  1087;  1479;   329;     2;     3;  -109;  -109;   4.5; drag-lps8-03; 5; 7; 125000; 2682
2023-06-21 15:42:31; hka-aqm-am116;  25.71;  50.36;   998;  1106;  1637;   361;     2;     3;   -97;   -97;   8.8; drag-lps8-05; 4; 7; 125000; 2683
2023-06-21 15:43:11; hka-aqm-am116;  25.68;  50.40;  1007;  1092;  1455;   324;     3;     3;   -99;   -99;   5.8; drag-lps8-05; 2; 7; 125000; 2685
2023-06-21 15:43:50; hka-aqm-am116;  25.68;  50.43;  1021;  1088;  1745;   383;     4;     3;  -105;  -105;   6.5; drag-lps8-05; 1; 7; 125000; 2686
2023-06-21 15:44:10; hka-aqm-am116;  25.68;  50.43;  1028;  1095;  1231;   283;     3;     2;  -111;  -111;   5.5; drag-lps8-03; 0; 7; 125000; 2687
2023-06-21 15:44:30; hka-aqm-am116;  25.66;  50.49;  1035;  1042;  1170;   271;     3;     2;  -109;  -109;   4.8; drag-lps8-03; 7; 7; 125000; 2688
2023-06-21 15:44:50; hka-aqm-am116;  25.66;  50.56;  1042;  1063;   604;   153;     3;     2;   -97;   -97;   9.0; drag-lps8-05; 3; 7; 125000; 2689
2023-06-21 15:45:12; hka-aqm-am116;  25.64;  50.59;  1047;  1079;  1005;   237;     3;     2;  -110;  -110;   4.2; drag-lps8-03; 7; 7; 125000; 2690
2023-06-21 15:45:32; hka-aqm-am116;  25.64;  50.62;  1052;  1078;   933;   222;     4;     2;  -101;  -101;   7.8; drag-lps8-05; 1; 7; 125000; 2691
2023-06-21 15:46:11; hka-aqm-am116;  25.64;  50.75;  1073;  1107;  1008;   239;     5;     2;  -109;  -109;   4.2; drag-lps8-03; 5; 7; 125000; 2692
2023-06-21 15:46:52; hka-aqm-am116;  25.62;  50.68;  1086;  1128;  1077;   251;     3;     3;  -101;  -101;   8.2; drag-lps8-05; 0; 7; 125000; 2693
2023-06-21 15:47:32; hka-aqm-am116;  25.61;  50.62;  1097;  1161;  1174;   266;     3;     3;  -103;  -103;   7.2; drag-lps8-05; 6; 7; 125000; 2694
2023-06-21 15:48:11; hka-aqm-am116;  25.59;  50.62;  1106;  1147;  1044;   240;     3;     3;   -99;   -99;   9.0; drag-lps8-05; 3; 7; 125000; 2695
2023-06-21 15:49:32; hka-aqm-am116;  25.58;  50.62;  1123;  1184;  1006;   231;     3;     3;   -97;   -97;   9.5; drag-lps8-05; 4; 7; 125000; 2696
2023-06-21 15:49:51; hka-aqm-am116;  25.58;  50.59;  1126;  1210;  1132;   258;     3;     3;  -106;  -106;   5.0; drag-lps8-03; 2; 7; 125000; 2697
2023-06-21 15:50:33; hka-aqm-am116;  25.54;  50.56;  1132;  1198;   999;   232;     3;     3;  -103;  -103;   7.2; drag-lps8-05; 1; 7; 125000; 2698
2023-06-21 15:51:30; hka-aqm-am116;  25.54;  50.52;  1140;  1202;  1143;   268;     5;     4;   -98;   -98;   7.5; drag-lps8-05; 4; 7; 125000; 2699
2023-06-21 15:52:12; hka-aqm-am116;  25.52;  50.49;  1146;  1206;  1274;   292;     4;     3;  -109;  -109;   3.0; drag-lps8-03; 3; 7; 125000; 2700
2023-06-21 15:52:32; hka-aqm-am116;  25.52;  50.49;  1149;  1221;   835;   211;     3;     3;  -106;  -106;   6.0; drag-lps8-05; 0; 7; 125000; 2701
2023-06-21 15:52:51; hka-aqm-am116;  25.52;  50.43;  1151;  1236;   978;   231;     3;     4;  -105;  -105;   5.8; drag-lps8-05; 6; 7; 125000; 2702
2023-06-21 15:53:13; hka-aqm-am116;  25.53;  50.46;  1153;  1221;  1295;   300;     5;     4;  -109;  -109;   4.8; drag-lps8-03; 5; 7; 125000; 2703
2023-06-21 15:53:32; hka-aqm-am116;  25.51;  50.49;  1154;  1216;  2293;   500;     5;     4;  -106;  -106;   7.0; drag-lps8-03; 7; 7; 125000; 2704
2023-06-21 15:53:51; hka-aqm-am116;  25.51;  50.49;  1155;  1225;  2024;   445;     2;     3;  -108;  -108;   4.5; drag-lps8-03; 6; 7; 125000; 2706
2023-06-21 15:54:11; hka-aqm-am116;  25.49;  50.49;  1157;  1228;  2361;   517;     3;     2;  -102;  -102;   8.8; drag-lps8-05; 0; 7; 125000; 2707
2023-06-21 15:55:52; hka-aqm-am116;  25.46;  50.43;  1164;  1208;  2280;   498;     5;     2;  -107;  -107;   7.2; drag-lps8-05; 7; 7; 125000; 2709
2023-06-21 15:56:52; hka-aqm-am116;  25.47;  50.36;  1162;  1244;  2421;   537;     4;     1;  -108;  -108;   4.8; drag-lps8-03; 5; 7; 125000; 2710
2023-06-21 15:58:11; hka-aqm-am116;  25.45;  50.21;  1159;  1238;  2289;   504;     5;     1;  -112;  -112;   0.8; drag-lps8-03; 3; 7; 125000; 2711
2023-06-21 15:59:32; hka-aqm-am116;  25.41;  50.08;  1144;  1243;  2282;   505;     3;     0;  -103;  -103;   8.0; drag-lps8-05; 4; 7; 125000; 2712
2023-06-21 16:00:12; hka-aqm-am116;  25.38;  50.05;  1139;  1282;  2429;   542;     3;     0;  -105;  -105;   5.0; drag-lps8-03; 2; 7; 125000; 2713
2023-06-21 16:00:33; hka-aqm-am116;  25.39;  49.98;  1138;  1248;  2018;   436;     2;     0;  -109;  -109;   6.5; drag-lps8-03; 7; 7; 125000; 2714
2023-06-21 16:00:51; hka-aqm-am116;  25.38;  49.98;  1137;  1245;  2361;   524;     3;     0;   -98;   -98;   7.8; drag-lps8-05; 3; 7; 125000; 2715
2023-06-21 16:01:32; hka-aqm-am116;  25.38;  50.05;  1135;  1225;  2181;   480;     3;     0;  -107;  -107;   6.2; drag-lps8-03; 1; 7; 125000; 2716
2023-06-21 16:01:52; hka-aqm-am116;  25.35;  50.05;  1132;  1222;  2239;   495;     2;     0;  -107;  -107;   4.8; drag-lps8-03; 5; 7; 125000; 2717
2023-06-21 16:02:12; hka-aqm-am116;  25.37;  50.17;  1130;  1207;  1899;   410;     2;     0;  -107;  -107;   8.0; drag-lps8-05; 0; 7; 125000; 2718
2023-06-21 16:02:51; hka-aqm-am116;  25.34;  50.24;  1119;  1202;  1791;   382;     3;     0;  -107;  -107;   4.8; drag-lps8-03; 6; 7; 125000; 2719
2023-06-21 16:03:11; hka-aqm-am116;  25.33;  50.21;  1110;  1209;  1901;   410;     5;     0;  -102;  -102;   6.0; drag-lps8-05; 2; 7; 125000; 2720
2023-06-21 16:03:32; hka-aqm-am116;  25.33;  50.11;  1104;  1194;  1965;   424;     5;     1;  -102;  -102;   7.2; drag-lps8-05; 4; 7; 125000; 2721
2023-06-21 16:03:52; hka-aqm-am116;  25.31;  50.11;  1099;  1181;  2166;   474;     2;     1;  -106;  -106;   5.2; drag-lps8-03; 5; 7; 125000; 2722
2023-06-21 16:04:32; hka-aqm-am116;  25.30;  50.11;  1089;  1167;  1942;   418;     3;     2;  -106;  -106;   6.8; drag-lps8-05; 7; 7; 125000; 2723
2023-06-21 16:04:52; hka-aqm-am116;  25.31;  50.14;  1085;  1211;  1788;   379;     4;     2;  -103;  -103;   7.8; drag-lps8-05; 3; 7; 125000; 2724
2023-06-21 16:05:51; hka-aqm-am116;  25.28;  50.14;  1076;  1166;  2081;   451;     4;     1;  -106;  -106;   5.5; drag-lps8-03; 2; 7; 125000; 2725
2023-06-21 16:06:50; hka-aqm-am116;  25.27;  50.17;  1075;  1169;  1932;   414;     4;     1;  -108;  -108;   5.2; drag-lps8-03; 6; 7; 125000; 2726
2023-06-21 16:07:10; hka-aqm-am116;  25.28;  50.17;  1063;  1155;  2117;   460;     3;     1;  -105;  -105;   6.2; drag-lps8-03; 1; 7; 125000; 2727
2023-06-21 16:07:31; hka-aqm-am116;  25.23;  50.24;  1048;  1173;  1777;   376;     3;     1;  -107;  -107;   5.8; drag-lps8-03; 4; 7; 125000; 2728
2023-06-21 16:08:30; hka-aqm-am116;  25.25;  50.14;  1034;  1148;  1842;   391;     5;     1;  -105;  -105;   7.5; drag-lps8-05; 0; 7; 125000; 2729
2023-06-21 16:09:32; hka-aqm-am116;  25.23;  50.24;  1020;  1129;  1878;   396;     5;     1;  -101;  -101;   7.5; drag-lps8-05; 4; 7; 125000; 2730
2023-06-21 16:09:52; hka-aqm-am116;  25.21;  50.24;  1014;  1114;  2168;   467;     3;     1;  -105;  -105;   8.2; drag-lps8-05; 0; 7; 125000; 2731
2023-06-21 16:13:50; hka-aqm-am116;  25.15;  50.36;   949;  1099;  2339;   505;     4;     2;  -105;  -105;   6.8; drag-lps8-05; 5; 7; 125000; 2732
2023-06-21 16:14:31; hka-aqm-am116;  25.13;  50.36;   934;  1090;  2217;   475;     3;     1;  -103;  -103;   7.0; drag-lps8-05; 3; 7; 125000; 2733
2023-06-21 16:21:11; hka-aqm-am116;  25.06;  50.40;   876;   996;  2074;   441;     4;     1;  -106;  -106;   5.2; drag-lps8-03; 6; 7; 125000; 2734
2023-06-21 16:22:51; hka-aqm-am116;  25.04;  50.46;   856;   960;  1620;   361;     3;     2;  -108;  -108;   5.5; drag-lps8-03; 7; 7; 125000; 2735
2023-06-21 16:23:12; hka-aqm-am116;  25.02;  50.56;   851;   978;  1493;   335;     5;     2;  -114;  -114;  -0.2; drag-lps8-05; 1; 7; 125000; 2736
2023-06-21 16:23:52; hka-aqm-am116;  25.03;  50.68;   844;   988;  1347;   308;     5;     3;  -109;  -109;   1.0; drag-lps8-05; 2; 7; 125000; 2737
2023-06-21 16:24:11; hka-aqm-am116;  25.02;  50.87;   842;  1031;  2172;   465;     4;     1;  -107;  -107;   4.5; drag-lps8-03; 6; 7; 125000; 2738
2023-06-21 16:24:32; hka-aqm-am116;  25.04;  50.94;   840;  1027;  1088;   235;     3;     1;   -99;   -99;   9.2; drag-lps8-05; 3; 7; 125000; 2739
2023-06-21 16:25:10; hka-aqm-am116;  25.02;  50.84;   844;  1007;  1029;   227;     3;     2;  -105;  -105;   5.5; drag-lps8-05; 5; 7; 125000; 2740
2023-06-21 16:25:31; hka-aqm-am116;  25.00;  50.90;   843;  1007;  1298;   291;     3;     2;  -104;  -104;   5.5; drag-lps8-03; 2; 7; 125000; 2741
2023-06-21 16:25:51; hka-aqm-am116;  25.00;  50.97;   844;   994;  1239;   288;     3;     2;  -109;  -109;   5.5; drag-lps8-03; 0; 7; 125000; 2742
2023-06-21 16:26:52; hka-aqm-am116;  25.00;  51.16;   847;  1000;  1101;   258;     5;     2;  -107;  -107;   5.2; drag-lps8-03; 7; 7; 125000; 2743
2023-06-21 16:27:12; hka-aqm-am116;  25.01;  51.25;   847;   982;   720;   169;     5;     2;  -107;  -107;   3.2; drag-lps8-05; 1; 7; 125000; 2744
2023-06-21 16:27:32; hka-aqm-am116;  25.00;  51.29;   847;   965;   665;   166;     4;     2;  -111;  -111;   5.8; drag-lps8-03; 4; 7; 125000; 2745
2023-06-21 16:27:51; hka-aqm-am116;  25.01;  51.32;   846;   960;  1263;   297;     4;     2;  -116;  -116;  -1.8; drag-lps8-05; 1; 7; 125000; 2746
2023-06-21 16:30:12; hka-aqm-am116;  25.02;  51.60;   844;   956;  1068;   253;     4;     2;  -113;  -113;  -0.2; drag-lps8-03; 3; 7; 125000; 2747
2023-06-21 16:31:13; hka-aqm-am116;  25.02;  51.70;   853;   967;   964;   234;     4;     2;  -103;  -103;   8.0; drag-lps8-05; 0; 7; 125000; 2748
2023-06-21 16:31:50; hka-aqm-am116;  25.02;  51.73;   859;   971;  1439;   322;     5;     2;   -99;   -99;   6.8; drag-lps8-05; 5; 7; 125000; 2749
2023-06-21 16:32:10; hka-aqm-am116;  25.03;  51.76;   859;  1031;  1251;   284;     5;     2;  -100;  -100;   8.5; drag-lps8-05; 7; 7; 125000; 2750
2023-06-21 16:32:31; hka-aqm-am116;  25.04;  51.89;   858;  1032;  1349;   300;     4;     2;  -103;  -103;   6.0; drag-lps8-05; 2; 7; 125000; 2751
2023-06-21 16:32:51; hka-aqm-am116;  25.04;  51.95;   857;  1045;  1173;   268;     4;     2;  -106;  -106;   8.2; drag-lps8-03; 4; 7; 125000; 2752
2023-06-21 16:33:12; hka-aqm-am116;  25.04;  51.98;   856;  1026;  1238;   280;     3;     2;   -99;   -99;   7.8; drag-lps8-05; 6; 7; 125000; 2753
2023-06-21 16:34:12; hka-aqm-am116;  25.05;  52.08;   848;  1022;  1296;   292;     4;     1;  -109;  -109;   2.8; drag-lps8-03; 3; 7; 125000; 2754
2023-06-21 16:34:31; hka-aqm-am116;  25.06;  52.08;   842;   987;  1596;   356;     4;     1;  -100;  -100;   7.8; drag-lps8-05; 1; 7; 125000; 2755
2023-06-21 16:34:51; hka-aqm-am116;  25.06;  52.08;   839;   994;  1425;   317;     3;     1;   -99;   -99;   7.2; drag-lps8-05; 5; 7; 125000; 2756
2023-06-21 16:35:11; hka-aqm-am116;  25.06;  52.01;   839;  1020;  1282;   290;     3;     0;  -108;  -108;   3.5; drag-lps8-03; 6; 7; 125000; 2757
2023-06-21 16:35:32; hka-aqm-am116;  25.06;  52.01;   840;  1080;  2022;   437;     3;     0;  -108;  -108;   7.2; drag-lps8-03; 0; 7; 125000; 2758
2023-06-21 16:36:31; hka-aqm-am116;  25.10;  52.14;   843;  1056;  2037;   442;     4;     0;  -113;  -113;   0.2; drag-lps8-05; 2; 7; 125000; 2759
2023-06-21 16:37:32; hka-aqm-am116;  25.10;  52.14;   845;  1073;  1550;   342;     5;     0;  -101;  -101;   7.5; drag-lps8-05; 7; 7; 125000; 2760
2023-06-21 16:37:52; hka-aqm-am116;  25.10;  52.08;   846;  1078;  1666;   364;     3;     0;   -97;   -97;   7.8; drag-lps8-05; 4; 7; 125000; 2761
2023-06-21 16:38:12; hka-aqm-am116;  25.09;  52.11;   847;  1013;  1541;   339;     3;     0;  -105;  -105;   8.0; drag-lps8-05; 0; 7; 125000; 2762
2023-06-21 16:38:31; hka-aqm-am116;  25.10;  52.08;   847;  1025;   927;   224;     3;     0;   -98;   -98;   6.8; drag-lps8-05; 6; 7; 125000; 2763
2023-06-21 16:39:10; hka-aqm-am116;  25.11;  52.05;   851;  1042;  1252;   285;     4;     1;  -102;  -102;   8.2; drag-lps8-05; 7; 7; 125000; 2764
2023-06-21 16:39:31; hka-aqm-am116;  25.11;  52.05;   853;  1063;   784;   190;     4;     1;  -104;  -104;   5.8; drag-lps8-03; 2; 7; 125000; 2765
2023-06-21 16:39:51; hka-aqm-am116;  25.12;  52.08;   854;  1095;  1017;   237;     4;     1;  -102;  -102;   7.5; drag-lps8-05; 3; 7; 125000; 2766
2023-06-21 16:40:32; hka-aqm-am116;  25.12;  52.08;   861;  1091;  1748;   376;     3;     1;   -99;   -99;   6.8; drag-lps8-05; 5; 7; 125000; 2767
2023-06-21 16:41:12; hka-aqm-am116;  25.14;  52.05;   862;  1085;  1171;   252;     5;     1;  -106;  -106;   6.5; drag-lps8-03; 1; 7; 125000; 2768
2023-06-21 16:42:13; hka-aqm-am116;  25.16;  51.95;   870;  1119;   515;   127;     5;     1;  -113;  -113;   4.2; drag-lps8-03; 4; 7; 125000; 2769
2023-06-21 16:42:51; hka-aqm-am116;  25.17;  51.98;   874;  1148;   977;   224;     3;     1;  -106;  -106;   7.5; drag-lps8-05; 7; 7; 125000; 2770
2023-06-21 16:43:31; hka-aqm-am116;  25.19;  52.01;   878;  1124;   865;   193;     2;     1;  -109;  -109;   6.2; drag-lps8-03; 0; 7; 125000; 2771
2023-06-21 16:43:51; hka-aqm-am116;  25.19;  51.95;   876;  1053;   802;   174;     2;     1;  -109;  -109;   3.5; drag-lps8-03; 6; 7; 125000; 2772
2023-06-21 16:44:52; hka-aqm-am116;  25.20;  52.01;   875;  1065;   706;   149;     5;     0;  -107;  -107;   5.5; drag-lps8-03; 2; 7; 125000; 2773
2023-06-21 16:45:12; hka-aqm-am116;  25.21;  51.95;   868;  1062;   803;   169;     2;     0;  -109;  -109;   4.2; drag-lps8-03; 4; 7; 125000; 2774
2023-06-21 16:46:12; hka-aqm-am116;  25.20;  52.01;   857;  1020;   661;   154;     2;     0;  -109;  -109;   5.0; drag-lps8-03; 5; 7; 125000; 2775
2023-06-21 16:46:52; hka-aqm-am116;  25.23;  51.95;   821;   959;  1193;   275;     2;     1;   -99;   -99;   8.5; drag-lps8-05; 3; 7; 125000; 2776
2023-06-21 16:47:51; hka-aqm-am116;  25.24;  51.82;   803;   920;   710;   178;     3;     1;  -111;  -111;   4.2; drag-lps8-05; 1; 7; 125000; 2777
2023-06-21 16:48:31; hka-aqm-am116;  25.25;  51.82;   800;   927;   687;   172;     3;     0;  -112;  -112;   4.0; drag-lps8-05; 7; 7; 125000; 2778
2023-06-21 16:48:51; hka-aqm-am116;  25.25;  51.82;   800;   908;   843;   208;     3;     0;   -99;   -99;   7.8; drag-lps8-05; 3; 7; 125000; 2779
2023-06-21 16:49:12; hka-aqm-am116;  25.27;  51.79;   800;   907;   736;   185;     4;     1;  -101;  -101;   8.0; drag-lps8-05; 4; 7; 125000; 2780
2023-06-21 16:49:51; hka-aqm-am116;  25.27;  51.70;   800;   903;   597;   140;     4;     1;  -102;  -102;   8.0; drag-lps8-05; 6; 7; 125000; 2781
2023-06-21 16:50:30; hka-aqm-am116;  25.27;  51.73;   804;   924;   926;   200;     4;     1;  -109;  -109;   3.0; drag-lps8-05; 1; 7; 125000; 2782
2023-06-21 16:51:11; hka-aqm-am116;  25.29;  51.79;   802;   931;   756;   169;     4;     2;  -109;  -109;   5.5; drag-lps8-03; 0; 7; 125000; 2783
2023-06-21 16:51:32; hka-aqm-am116;  25.28;  51.82;   800;   934;  1195;   269;     3;     2;   -99;   -99;   6.8; drag-lps8-05; 5; 7; 125000; 2784
2023-06-21 16:51:51; hka-aqm-am116;  25.29;  51.79;   799;   981;  1804;   400;     3;     2;  -112;  -112;   2.0; drag-lps8-05; 2; 7; 125000; 2785
2023-06-21 16:52:32; hka-aqm-am116;  25.28;  51.76;   802;   954;  2287;   492;     4;     2;  -105;  -105;   7.8; drag-lps8-05; 4; 7; 125000; 2786
2023-06-21 16:55:12; hka-aqm-am116;  25.32;  51.82;   775;   910;  1868;   411;     5;     5;  -101;  -101;   8.5; drag-lps8-05; 6; 7; 125000; 2787
2023-06-21 16:55:31; hka-aqm-am116;  25.33;  51.82;   776;   906;  1960;   432;     2;     5;   -99;   -99;   6.8; drag-lps8-05; 2; 7; 125000; 2788
2023-06-21 16:56:12; hka-aqm-am116;  25.33;  51.98;   781;   901;  2078;   449;     2;     5;  -114;  -114;   2.2; drag-lps8-03; 0; 7; 125000; 2789
2023-06-21 16:56:52; hka-aqm-am116;  25.35;  52.01;   787;   961;  1388;   313;     2;     5;  -102;  -102;   8.5; drag-lps8-05; 7; 7; 125000; 2790
2023-06-21 16:57:32; hka-aqm-am116;  25.35;  52.05;   795;   928;  1457;   311;     2;     5;  -107;  -107;   5.8; drag-lps8-05; 1; 7; 125000; 2791
2023-06-21 16:57:51; hka-aqm-am116;  25.36;  52.14;   801;   914;  1032;   222;     2;     5;  -100;  -100;   7.0; drag-lps8-05; 5; 7; 125000; 2792
2023-06-21 16:58:12; hka-aqm-am116;  25.38;  52.14;   806;   918;  1157;   257;     2;     5;  -114;  -114;  -0.8; drag-lps8-05; 2; 7; 125000; 2794
2023-06-21 16:58:31; hka-aqm-am116;  25.38;  52.08;   809;   928;  1256;   278;     3;     5;  -112;  -112;   3.8; drag-lps8-03; 7; 7; 125000; 2795
2023-06-21 16:59:31; hka-aqm-am116;  25.40;  52.08;   816;   956;  1435;   316;     4;     5;   -97;   -97;   9.2; drag-lps8-05; 4; 7; 125000; 2796
2023-06-21 16:59:51; hka-aqm-am116;  25.39;  52.01;   816;   943;   978;   218;     2;     5;   -96;   -96;   9.0; drag-lps8-05; 0; 7; 125000; 2797
2023-06-21 17:00:32; hka-aqm-am116;  25.40;  52.05;   816;   933;  1614;   352;     2;     3;   -95;   -95;   8.8; drag-lps8-05; 3; 7; 125000; 2798
2023-06-21 17:00:51; hka-aqm-am116;  25.41;  52.01;   815;   923;  1666;   364;     2;     3;  -109;  -109;   4.0; drag-lps8-03; 6; 7; 125000; 2799
2023-06-21 17:01:52; hka-aqm-am116;  25.42;  51.92;   821;   906;  1838;   406;     4;     3;  -111;  -111;   4.8; drag-lps8-03; 5; 7; 125000; 2800
2023-06-21 17:02:30; hka-aqm-am116;  25.41;  51.86;   821;   916;  1675;   369;     3;     3;  -105;  -105;   6.0; drag-lps8-03; 1; 7; 125000; 2801
2023-06-21 17:03:12; hka-aqm-am116;  25.40;  51.86;   820;   912;  1566;   345;     3;     3;   -99;   -99;   8.2; drag-lps8-05; 7; 7; 125000; 2802
2023-06-21 17:03:32; hka-aqm-am116;  25.42;  51.82;   815;   933;  1275;   281;     3;     3;   -95;   -95;   7.5; drag-lps8-05; 5; 7; 125000; 2803
2023-06-21 17:04:11; hka-aqm-am116;  25.42;  51.73;   811;   925;  1328;   294;     4;     3;   -97;   -97;   8.0; drag-lps8-05; 1; 7; 125000; 2804
2023-06-21 17:06:31; hka-aqm-am116;  25.45;  51.79;   818;  1026;  1149;   244;     4;     4;   -97;   -97;   7.8; drag-lps8-05; 6; 7; 125000; 2805
2023-06-21 17:07:13; hka-aqm-am116;  25.45;  51.73;   820;  1006;  1052;   225;     4;     3;   -99;   -99;   9.2; drag-lps8-05; 3; 7; 125000; 2806
2023-06-21 17:07:33; hka-aqm-am116;  25.47;  51.70;   816;   994;  1110;   236;     2;     3;  -109;  -109;   6.0; drag-lps8-03; 4; 7; 125000; 2807
2023-06-21 17:10:10; hka-aqm-am116;  25.48;  51.76;   809;   907;   973;   201;     4;     4;  -100;  -100;   8.0; drag-lps8-05; 0; 7; 125000; 2808
2023-06-21 17:10:50; hka-aqm-am116;  25.51;  51.70;   783;   870;   959;   198;     4;     3;  -105;  -105;   6.0; drag-lps8-03; 2; 7; 125000; 2809
2023-06-21 17:11:13; hka-aqm-am116;  25.48;  51.63;   771;   851;  1237;   252;     2;     3;  -108;  -108;   5.2; drag-lps8-03; 4; 7; 125000; 2810
2023-06-21 17:12:11; hka-aqm-am116;  25.50;  51.44;   756;   819;  1374;   284;     5;     3;  -102;  -102;   8.2; drag-lps8-05; 0; 7; 125000; 2811
2023-06-21 17:12:52; hka-aqm-am116;  25.51;  51.38;   755;   830;  1498;   312;     4;     3;   -96;   -96;   8.2; drag-lps8-05; 3; 7; 125000; 2812
2023-06-21 17:13:12; hka-aqm-am116;  25.50;  51.38;   757;   826;  1427;   296;     3;     3;  -105;  -105;   5.5; drag-lps8-03; 2; 7; 125000; 2813
2023-06-21 17:15:32; hka-aqm-am116;  25.48;  51.22;   766;   890;  1592;   333;     4;     3;  -108;  -108;   4.2; drag-lps8-03; 6; 7; 125000; 2814
2023-06-21 17:15:51; hka-aqm-am116;  25.50;  51.25;   768;   921;  1493;   317;     3;     2;  -107;  -107;   5.8; drag-lps8-03; 1; 7; 125000; 2815
2023-06-21 17:16:12; hka-aqm-am116;  25.49;  51.22;   772;   888;  1738;   368;     4;     2;   -94;   -94;   6.8; drag-lps8-05; 5; 7; 125000; 2816
2023-06-21 17:17:31; hka-aqm-am116;  25.49;  51.19;   781;   865;  1604;   339;     4;     3;  -109;  -109;   6.0; drag-lps8-03; 7; 7; 125000; 2817
2023-06-21 17:17:53; hka-aqm-am116;  25.49;  51.22;   778;   831;  1521;   318;     3;     3;   -97;   -97;   8.0; drag-lps8-05; 0; 7; 125000; 2818
2023-06-21 17:18:11; hka-aqm-am116;  25.50;  51.13;   774;   828;  1308;   267;     3;     3;  -107;  -107;   5.8; drag-lps8-03; 1; 7; 125000; 2819
2023-06-21 17:19:12; hka-aqm-am116;  25.51;  51.10;   767;   792;  1452;   304;     3;     3;  -112;  -112;  -1.0; drag-lps8-03; 3; 7; 125000; 2820
2023-06-21 17:20:12; hka-aqm-am116;  25.50;  51.13;   765;   801;  1580;   339;     3;     2;  -111;  -111;   4.5; drag-lps8-03; 5; 7; 125000; 2821
2023-06-21 17:20:51; hka-aqm-am116;  25.49;  51.03;   765;   802;  1403;   296;     3;     2;  -106;  -106;   5.2; drag-lps8-03; 2; 7; 125000; 2822
2023-06-21 17:21:32; hka-aqm-am116;  25.51;  51.06;   766;   819;  1319;   274;     4;     1;  -109;  -109;   5.8; drag-lps8-03; 7; 7; 125000; 2823
2023-06-21 17:21:51; hka-aqm-am116;  25.51;  51.03;   766;   883;  1125;   230;     4;     1;  -108;  -108;   4.2; drag-lps8-03; 6; 7; 125000; 2824
2023-06-21 17:22:52; hka-aqm-am116;  25.49;  50.87;   770;   824;  1161;   238;     4;     1;  -109;  -109;   4.2; drag-lps8-03; 4; 7; 125000; 2825
2023-06-21 17:23:12; hka-aqm-am116;  25.50;  50.87;   773;   838;  1229;   256;     3;     1;  -109;  -109;   4.5; drag-lps8-03; 5; 7; 125000; 2826
2023-06-21 17:23:52; hka-aqm-am116;  25.50;  50.87;   780;   842;  1356;   287;     4;     1;   -98;   -98;   7.0; drag-lps8-05; 2; 7; 125000; 2827
2023-06-21 17:25:12; hka-aqm-am116;  25.48;  50.94;   772;   817;  1233;   256;     4;     3;  -109;  -109;   4.8; drag-lps8-03; 4; 7; 125000; 2828
2023-06-21 17:25:31; hka-aqm-am116;  25.49;  50.90;   764;   806;   949;   194;     3;     2;  -108;  -108;   6.2; drag-lps8-03; 7; 7; 125000; 2829
2023-06-21 17:26:12; hka-aqm-am116;  25.48;  50.87;   751;   779;   812;   172;     2;     4;   -97;   -97;   8.5; drag-lps8-05; 3; 7; 125000; 2830
2023-06-21 17:26:50; hka-aqm-am116;  25.50;  50.87;   751;   767;   757;   161;     4;     4;   -97;   -97;   8.2; drag-lps8-05; 0; 7; 125000; 2831
2023-06-21 17:27:10; hka-aqm-am116;  25.50;  50.84;   746;   782;  1112;   232;     3;     3;  -108;  -108;   4.8; drag-lps8-03; 1; 7; 125000; 2832
2023-06-21 17:27:32; hka-aqm-am116;  25.47;  50.94;   747;   769;   768;   171;     1;     3;   -96;   -96;   7.2; drag-lps8-05; 6; 7; 125000; 2833
2023-06-21 17:27:52; hka-aqm-am116;  25.48;  50.94;   750;   748;   896;   196;     3;     1;   -97;   -97;   8.0; drag-lps8-05; 1; 7; 125000; 2834
2023-06-21 17:28:32; hka-aqm-am116;  25.48;  51.00;   760;   769;   446;   105;     3;     1;   -96;   -96;   8.2; drag-lps8-05; 3; 7; 125000; 2835
2023-06-21 17:29:10; hka-aqm-am116;  25.48;  51.03;   766;   771;  1422;   303;     3;     1;   -91;   -91;   6.8; drag-lps8-05; 5; 7; 125000; 2836
2023-06-21 17:30:12; hka-aqm-am116;  25.48;  51.10;   767;   802;  1434;   307;     3;     2;   -93;   -93;  10.2; drag-lps8-05; 4; 7; 125000; 2837
2023-06-21 17:30:31; hka-aqm-am116;  25.47;  51.06;   769;   808;  1342;   286;     3;     1;   -96;   -96;   8.8; drag-lps8-05; 6; 7; 125000; 2839
2023-06-21 17:32:12; hka-aqm-am116;  25.45;  51.16;   783;   863;  1490;   325;     4;     1;  -112;  -112;   4.5; drag-lps8-03; 7; 7; 125000; 2841
2023-06-21 17:32:53; hka-aqm-am116;  25.46;  51.16;   798;   881;  1317;   286;     4;     1;   -93;   -93;   8.8; drag-lps8-05; 3; 7; 125000; 2842
2023-06-21 17:33:11; hka-aqm-am116;  25.47;  51.10;   807;   922;  1196;   257;     4;     1;   -95;   -95;   7.0; drag-lps8-05; 5; 7; 125000; 2843
2023-06-21 17:34:32; hka-aqm-am116;  25.44;  51.00;   832;   933;  1064;   229;     5;     2;   -97;   -97;   6.8; drag-lps8-05; 2; 7; 125000; 2844
2023-06-21 17:35:32; hka-aqm-am116;  25.46;  51.00;   829;   935;   946;   211;     5;     2;   -95;   -95;   9.8; drag-lps8-05; 6; 7; 125000; 2845
2023-06-21 17:35:53; hka-aqm-am116;  25.45;  50.97;   827;   937;   876;   196;     5;     3;   -96;   -96;   8.0; drag-lps8-05; 1; 7; 125000; 2846
2023-06-21 17:36:12; hka-aqm-am116;  25.46;  50.97;   826;   981;   934;   206;     2;     3;  -108;  -108;   5.2; drag-lps8-03; 7; 7; 125000; 2847
2023-06-21 17:36:31; hka-aqm-am116;  25.47;  50.94;   825;   980;   880;   199;     2;     3;  -114;  -114;   1.0; drag-lps8-03; 4; 7; 125000; 2848
2023-06-21 17:43:12; hka-aqm-am116;  25.46;  51.00;   782;   884;  1070;   236;     4;     4;   -95;   -95;   8.8; drag-lps8-05; 0; 7; 125000; 2849
2023-06-21 17:43:31; hka-aqm-am116;  25.47;  51.03;   776;   876;  1007;   222;     2;     4;  -109;  -109;   3.8; drag-lps8-03; 2; 7; 125000; 2850
2023-06-21 17:45:11; hka-aqm-am116;  25.45;  50.87;   769;   816;  1062;   233;     3;     3;  -112;  -112;   2.0; drag-lps8-03; 6; 7; 125000; 2851
2023-06-21 17:45:33; hka-aqm-am116;  25.45;  50.87;   766;   818;  1133;   247;     4;     3;   -94;   -94;   9.5; drag-lps8-05; 3; 7; 125000; 2852
2023-06-21 17:46:11; hka-aqm-am116;  25.46;  50.84;   760;   771;  1180;   260;     4;     3;  -112;  -112;   3.5; drag-lps8-03; 7; 7; 125000; 2853
2023-06-21 17:47:12; hka-aqm-am116;  25.46;  50.81;   767;   730;  1370;   300;     3;     3;  -112;  -112;   5.8; drag-lps8-03; 0; 7; 125000; 2854
2023-06-21 17:47:32; hka-aqm-am116;  25.44;  50.78;   764;   769;  1456;   318;     3;     3;   -97;   -97;   8.8; drag-lps8-05; 1; 7; 125000; 2855
2023-06-21 17:48:51; hka-aqm-am116;  25.42;  50.68;   770;   840;  1126;   247;     4;     3;  -114;  -114;   1.8; drag-lps8-03; 4; 7; 125000; 2856
2023-06-21 17:49:12; hka-aqm-am116;  25.45;  50.59;   771;   878;   923;   204;     4;     3;   -93;   -93;   7.0; drag-lps8-05; 5; 7; 125000; 2857
2023-06-21 17:49:32; hka-aqm-am116;  25.46;  50.59;   774;   874;   804;   179;     5;     2;  -107;  -107;   5.0; drag-lps8-03; 2; 7; 125000; 2858
2023-06-21 17:49:51; hka-aqm-am116;  25.45;  50.62;   776;   878;   861;   190;     5;     2;  -116;  -116;  -3.2; drag-lps8-03; 3; 7; 125000; 2859
2023-06-21 17:50:11; hka-aqm-am116;  25.44;  50.62;   775;   881;  1384;   305;     2;     2;  -111;  -111;   2.8; drag-lps8-03; 6; 7; 125000; 2860
2023-06-21 17:50:31; hka-aqm-am116;  25.45;  50.62;   775;   895;  1436;   316;     2;     2;  -110;  -110;   2.5; drag-lps8-03; 1; 7; 125000; 2862
2023-06-21 17:50:52; hka-aqm-am116;  25.44;  50.68;   774;   891;  1509;   334;     4;     2;  -124;  -124;  -5.2; drag-lps8-03; 5; 7; 125000; 2864
2023-06-21 17:51:51; hka-aqm-am116;  25.44;  50.71;   783;   894;  1663;   365;     4;     2;  -118;  -118;  -0.5; drag-lps8-03; 0; 7; 125000; 2865
2023-06-21 17:54:53; hka-aqm-am116;  25.43;  50.94;   777;   878;   996;   228;     4;     1;  -114;  -114;  -1.8; drag-lps8-03; 4; 7; 125000; 2866
2023-06-21 17:55:13; hka-aqm-am116;  25.43;  51.03;   774;   860;  1124;   247;     4;     1;  -119;  -119;  -1.8; drag-lps8-03; 5; 7; 125000; 2867
2023-06-21 17:55:32; hka-aqm-am116;  25.44;  51.06;   774;   846;   557;   128;     3;     2;  -103;  -103;   7.5; drag-lps8-05; 0; 7; 125000; 2868
2023-06-21 17:56:11; hka-aqm-am116;  25.44;  51.19;   778;   851;   601;   140;     2;     2;  -114;  -114;  -0.8; drag-lps8-03; 1; 7; 125000; 2869
2023-06-21 17:57:12; hka-aqm-am116;  25.42;  51.38;   778;   841;   521;   122;     4;     2;  -105;  -105;   8.5; drag-lps8-05; 7; 7; 125000; 2870
2023-06-21 17:57:52; hka-aqm-am116;  25.55;  51.32;   758;   831;   120;    39;     3;     2;   -92;   -92;   8.5; drag-lps8-05; 3; 7; 125000; 2871
2023-06-21 17:58:32; hka-aqm-am116;  25.31;  52.08;   805;   988;   839;   185;     3;     2;  -113;  -113;   1.0; drag-lps8-03; 2; 7; 125000; 2872
2023-06-21 17:59:51; hka-aqm-am116;  25.22;  52.33;   832;  1112;   916;   197;     4;     2;   -96;   -96;   8.0; drag-lps8-05; 6; 7; 125000; 2873
2023-06-21 18:01:10; hka-aqm-am116;  25.25;  52.20;   787;  1038;   863;   188;     4;     2;  -118;  -118;  -2.0; drag-lps8-03; 5; 7; 125000; 2874
2023-06-21 18:01:31; hka-aqm-am116;  25.24;  52.20;   787;  1029;   745;   164;     3;     2;   -96;   -96;   9.8; drag-lps8-05; 3; 7; 125000; 2875
2023-06-21 18:02:30; hka-aqm-am116;  25.23;  52.20;   792;  1057;   856;   184;     2;     2;   -94;   -94;   9.8; drag-lps8-05; 4; 7; 125000; 2876
2023-06-21 18:02:52; hka-aqm-am116;  25.24;  52.14;   774;  1023;   785;   168;     4;     2;  -102;  -102;   9.0; drag-lps8-05; 0; 7; 125000; 2877
2023-06-21 18:03:51; hka-aqm-am116;  25.23;  52.08;   731;   939;   669;   141;     4;     2;  -101;  -101;   8.8; drag-lps8-05; 1; 7; 125000; 2878
2023-06-21 18:04:52; hka-aqm-am116;  25.26;  51.95;   703;   949;   773;   167;     4;     1;  -101;  -101;   8.2; drag-lps8-05; 7; 7; 125000; 2879
2023-06-21 18:05:31; hka-aqm-am116;  25.26;  51.89;   703;  1046;   475;   110;     3;     1;  -112;  -112;   1.2; drag-lps8-03; 6; 7; 125000; 2880
2023-06-21 18:05:51; hka-aqm-am116;  25.28;  51.86;   699;  1152;  1325;   295;     5;     1;  -107;  -107;   4.8; drag-lps8-03; 2; 7; 125000; 2881
2023-06-21 18:06:51; hka-aqm-am116;  25.28;  51.92;   700;  1342;  1287;   285;     5;     2;  -112;  -112;   4.8; drag-lps8-03; 7; 7; 125000; 2882
2023-06-21 18:07:31; hka-aqm-am116;  25.28;  51.89;   688;  1368;  1186;   260;     5;     2;  -116;  -116;  -2.8; drag-lps8-03; 3; 7; 125000; 2883
2023-06-21 18:08:51; hka-aqm-am116;  25.29;  52.08;   656;  1171;  1221;   265;     6;     3;  -110;  -110;   4.8; drag-lps8-03; 0; 7; 125000; 2885
2023-06-21 18:09:52; hka-aqm-am116;  25.30;  52.05;   638;  1018;  1339;   296;     4;     3;   -99;   -99;   9.0; drag-lps8-05; 6; 7; 125000; 2887
2023-06-21 18:12:11; hka-aqm-am116;  25.30;  52.20;   625;   893;  1135;   244;     3;     2;   -91;   -91;   6.2; drag-lps8-05; 5; 7; 125000; 2888
2023-06-21 18:12:32; hka-aqm-am116;  25.31;  52.17;   622;   847;  1196;   260;     2;     1;  -111;  -111;   3.0; drag-lps8-03; 1; 7; 125000; 2889
2023-06-21 18:13:31; hka-aqm-am116;  25.33;  52.17;   624;   806;   975;   207;     2;     3;   -96;   -96;   9.5; drag-lps8-05; 7; 7; 125000; 2890
2023-06-21 18:14:30; hka-aqm-am116;  25.33;  52.01;   633;   863;   909;   192;     2;     4;   -97;   -97;   9.0; drag-lps8-05; 1; 7; 125000; 2891
2023-06-21 18:16:11; hka-aqm-am116;  25.33;  52.01;   644;   900;   981;   216;     3;     4;   -93;   -93;   7.0; drag-lps8-05; 5; 7; 125000; 2892
2023-06-21 18:17:50; hka-aqm-am116;  25.33;  52.11;   642;   800;   927;   202;     3;     4;  -112;  -112;   0.8; drag-lps8-03; 6; 7; 125000; 2893
2023-06-21 18:18:12; hka-aqm-am116;  25.31;  52.11;   633;   808;   807;   175;     2;     4;   -97;   -97;   6.5; drag-lps8-05; 2; 7; 125000; 2894
2023-06-21 18:19:12; hka-aqm-am116;  25.32;  52.01;   619;   750;   858;   186;     4;     4;   -99;   -99;   9.2; drag-lps8-05; 0; 7; 125000; 2895
2023-06-21 18:20:12; hka-aqm-am116;  25.31;  52.05;   617;   786;  1116;   243;     4;     3;  -116;  -116;  -1.0; drag-lps8-03; 4; 7; 125000; 2896
2023-06-21 18:20:32; hka-aqm-am116;  25.31;  51.95;   618;   810;  1048;   225;     2;     1;   -95;   -95;   7.8; drag-lps8-05; 3; 7; 125000; 2897
2023-06-21 18:22:13; hka-aqm-am116;  25.30;  51.73;   629;  1024;  1155;   249;     4;     2;  -115;  -115;  -0.8; drag-lps8-03; 4; 7; 125000; 2898
2023-06-21 18:22:31; hka-aqm-am116;  25.30;  51.67;   632;  1111;  1236;   269;     3;     1;  -115;  -115;  -1.8; drag-lps8-03; 6; 7; 125000; 2899
2023-06-21 18:23:10; hka-aqm-am116;  25.30;  51.67;   639;  1158;  1344;   296;     3;     2;  -113;  -113;   4.0; drag-lps8-03; 0; 7; 125000; 2900
2023-06-21 18:24:13; hka-aqm-am116;  25.31;  51.57;   647;  1321;  1240;   271;     2;     2;   -99;   -99;   8.8; drag-lps8-05; 7; 7; 125000; 2901
2023-06-21 18:24:52; hka-aqm-am116;  25.31;  51.63;   652;  1370;  1121;   239;     2;     1;   -96;   -96;   7.2; drag-lps8-05; 5; 7; 125000; 2902
2023-06-21 18:25:32; hka-aqm-am116;  25.30;  51.70;   658;  1365;  1235;   266;     2;     2;  -110;  -110;   3.2; drag-lps8-03; 1; 7; 125000; 2903
2023-06-21 18:25:53; hka-aqm-am116;  25.30;  51.67;   660;  1348;  1293;   282;     3;     2;   -94;   -94;   8.5; drag-lps8-05; 3; 7; 125000; 2904
2023-06-21 18:27:31; hka-aqm-am116;  25.34;  51.63;   660;  1306;  1378;   299;     4;     2;  -108;  -108;   2.5; drag-lps8-03; 2; 7; 125000; 2905
2023-06-21 18:29:13; hka-aqm-am116;  25.35;  51.63;   670;  1311;  1416;   306;     3;     2;   -96;   -96;   8.2; drag-lps8-05; 6; 7; 125000; 2906
2023-06-21 18:29:32; hka-aqm-am116;  25.37;  51.60;   667;  1332;  1346;   288;     3;     2;   -97;   -97;   8.2; drag-lps8-05; 7; 7; 125000; 2908
2023-06-21 18:39:12; hka-aqm-am116;  25.54;  51.13;   671;  1372;  1002;   204;     5;     4;  -115;  -115;  -0.2; drag-lps8-03; 4; 7; 125000; 2910
2023-06-21 18:39:51; hka-aqm-am116;  25.57;  51.06;   668;  1365;  1099;   228;     3;     5;  -115;  -115;   1.2; drag-lps8-03; 5; 7; 125000; 2911
2023-06-21 18:40:11; hka-aqm-am116;  25.59;  51.03;   667;  1375;  1161;   244;     3;     5;   -97;   -97;   7.5; drag-lps8-05; 1; 7; 125000; 2912
2023-06-21 18:40:32; hka-aqm-am116;  25.59;  51.03;   667;  1370;  1240;   264;     3;     4;  -120;  -120;  -5.5; drag-lps8-03; 3; 7; 125000; 2913
2023-06-21 18:43:12; hka-aqm-am116;  25.66;  50.97;   672;  1408;  1270;   271;     4;     4;  -112;  -112;   3.0; drag-lps8-03; 1; 7; 125000; 2914
2023-06-21 18:45:10; hka-aqm-am116;  25.69;  50.94;   674;  1368;  1068;   219;     5;     3;  -116;  -116;  -0.5; drag-lps8-03; 4; 7; 125000; 2915
2023-06-21 18:45:32; hka-aqm-am116;  25.70;  50.94;   674;  1361;  1151;   240;     2;     2;   -94;   -94;   6.5; drag-lps8-05; 5; 7; 125000; 2916
2023-06-21 18:46:12; hka-aqm-am116;  25.71;  50.90;   674;  1375;  1253;   265;     4;     3;   -95;   -95;   9.0; drag-lps8-05; 3; 7; 125000; 2917
2023-06-21 18:46:52; hka-aqm-am116;  25.72;  50.87;   678;  1363;  1329;   284;     4;     3;  -107;  -107;   2.8; drag-lps8-03; 2; 7; 125000; 2918
2023-06-21 18:51:52; hka-aqm-am116;  25.86;  50.68;   680;  1381;  1149;   237;     5;     3;  -114;  -114;   4.0; drag-lps8-03; 0; 7; 125000; 2919
2023-06-21 19:06:58; hka-aqm-am116;  26.18;  50.24;   687;  1405;   932;   189;     1;     3;  -114;  -114;  -0.8; drag-lps8-03; 6; 7; 125000; 2920
2023-06-21 19:22:05; hka-aqm-am116;  26.49;  49.66;   684;  1360;   831;   170;     4;     2;  -113;  -113;   3.8; drag-lps8-03; 7; 7; 125000; 2921
2023-06-21 19:37:13; hka-aqm-am116;  26.73;  49.25;   695;  1352;   729;   150;     5;     5;  -119;  -119;  -5.0; drag-lps8-03; 3; 7; 125000; 2922
2023-06-21 19:52:19; hka-aqm-am116;  26.96;  48.90;   689;  1387;   620;   131;     2;     1;  -109;  -109;   3.0; drag-lps8-03; 2; 7; 125000; 2923
2023-06-21 20:07:25; hka-aqm-am116;  27.13;  48.58;   687;  1359;   402;    83;     3;     1;   -95;   -95;   6.8; drag-lps8-05; 5; 7; 125000; 2924
2023-06-21 20:22:32; hka-aqm-am116;  27.28;  48.39;   688;  1315;   313;    68;     5;     5;  -113;  -113;   2.0; drag-lps8-03; 7; 7; 125000; 2925
2023-06-21 20:37:39; hka-aqm-am116;  27.38;  48.26;   686;  1334;   287;    67;     2;     2;  -113;  -113;   2.2; drag-lps8-03; 4; 7; 125000; 2926
2023-06-21 20:52:45; hka-aqm-am116;  27.45;  48.16;   679;  1326;   203;    51;     3;     1;  -115;  -115;  -0.8; drag-lps8-03; 6; 7; 125000; 2927
2023-06-21 21:07:53; hka-aqm-am116;  27.50;  48.07;   683;  1345;    96;    25;     6;     5;  -111;  -111;   3.0; drag-lps8-03; 1; 7; 125000; 2928
2023-06-21 21:22:59; hka-aqm-am116;  27.56;  48.03;   681;  1340;    30;     6;     1;     0;  -112;  -112;   5.2; drag-lps8-03; 0; 7; 125000; 2929
2023-06-21 21:38:13; hka-aqm-am116;  27.59;  47.90;   677;  1289;    11;     1;     6;     5;   -96;   -96;   6.8; drag-lps8-05; 5; 7; 125000; 2931
2023-06-21 21:53:19; hka-aqm-am116;  27.63;  47.87;   675;  1301;     7;     1;     1;     4;   -96;   -96;   8.2; drag-lps8-05; 4; 7; 125000; 2932
2023-06-21 22:08:33; hka-aqm-am116;  27.67;  47.78;   673;  1301;     6;     0;     6;     5;  -116;  -116;  -1.8; drag-lps8-03; 3; 7; 125000; 2934
2023-06-21 22:23:39; hka-aqm-am116;  27.68;  47.78;   677;  1293;     6;     1;     3;     2;   -98;   -98;   8.2; drag-lps8-05; 0; 7; 125000; 2935
2023-06-21 22:38:45; hka-aqm-am116;  27.70;  47.74;   668;  1296;     6;     0;     2;     1;  -115;  -115;  -1.2; drag-lps8-03; 6; 7; 125000; 2936
2023-06-21 22:53:52; hka-aqm-am116;  27.71;  47.74;   666;  1261;     7;     1;     6;     5;  -100;  -100;   7.0; drag-lps8-05; 2; 7; 125000; 2937
2023-06-21 23:08:58; hka-aqm-am116;  27.74;  47.68;   658;  1263;     6;     0;     2;     3;  -114;  -114;   3.8; drag-lps8-03; 0; 7; 125000; 2938
2023-06-21 23:24:04; hka-aqm-am116;  27.72;  47.71;   651;  1235;     6;     0;     3;     0;  -111;  -111;   2.2; drag-lps8-03; 1; 7; 125000; 2939
2023-06-21 23:39:11; hka-aqm-am116;  27.74;  47.71;   652;  1237;     6;     0;     6;     5;   -93;   -93;   8.0; drag-lps8-05; 4; 7; 125000; 2940
2023-06-21 23:54:17; hka-aqm-am116;  27.75;  47.74;   648;  1241;     6;     0;     2;     1;   -96;   -96;   7.5; drag-lps8-05; 5; 7; 125000; 2941
