# Logfile LoRaWAN TTN/TTS V3 logger version hka-log V 1.1
date_time;device_id;tmp;hum;CO2;VOC;vis;IR;WIFI;BLE;rssi;channel_rssi;snr;gateway;channel_index;spreading_factor;bandwidth;f_cnt
2023-04-06 00:06:51; hka-aqm-am115;  22.74;  21.13;   519;   828;    13;     1;     0;     0;   -96;   -96;  10.0; drag-lps8-05; 7; 8; 125000; 15413
2023-04-06 00:21:58; hka-aqm-am115;  22.67;  21.20;   513;   817;    13;     1;     6;     2;   -93;   -93;   7.5; drag-lps8-05; 2; 8; 125000; 15414
2023-04-06 00:37:05; hka-aqm-am115;  22.58;  21.27;   511;   810;    13;     1;     6;     2;   -99;   -99;  11.0; drag-lps8-05; 7; 8; 125000; 15415
2023-04-06 00:52:11; hka-aqm-am115;  22.50;  21.27;   514;   827;    14;     2;     2;     0;  -109;  -109;   6.2; drag-lps8-03; 3; 8; 125000; 15416
2023-04-06 01:07:19; hka-aqm-am115;  22.44;  21.37;   514;   792;    13;     1;     6;     2;   -96;   -96;   8.8; drag-lps8-05; 5; 8; 125000; 15417
2023-04-06 01:22:25; hka-aqm-am115;  22.36;  21.44;   502;   783;    13;     1;     4;     0;  -109;  -109;   5.8; drag-lps8-03; 6; 8; 125000; 15418
2023-04-06 01:37:32; hka-aqm-am115;  22.31;  21.54;   509;   798;    15;     3;     2;     0;   -96;   -96;  11.0; drag-lps8-05; 1; 8; 125000; 15419
2023-04-06 01:52:39; hka-aqm-am115;  22.24;  21.58;   508;   786;    13;     1;     6;     2;   -95;   -95;  10.2; drag-lps8-05; 4; 8; 125000; 15420
2023-04-06 02:07:46; hka-aqm-am115;  22.18;  21.65;   504;   756;    13;     1;     3;     0;  -109;  -109;   3.8; drag-lps8-03; 2; 8; 125000; 15421
2023-04-06 02:22:52; hka-aqm-am115;  22.14;  21.68;   498;   776;    13;     1;     0;     1;  -113;  -113;   7.0; drag-lps8-03; 0; 8; 125000; 15422
2023-04-06 02:37:59; hka-aqm-am115;  22.05;  21.79;   498;   768;    13;     1;     6;     2;   -97;   -97;  11.0; drag-lps8-05; 3; 8; 125000; 15423
2023-04-06 02:53:05; hka-aqm-am115;  22.00;  21.82;   501;   749;    15;     3;     6;     0;  -105;  -105;   5.5; drag-lps8-03; 1; 8; 125000; 15424
2023-04-06 03:08:12; hka-aqm-am115;  21.96;  21.89;   506;   721;    13;     1;     2;     0;  -110;  -110;   5.0; drag-lps8-03; 2; 8; 125000; 15425
2023-04-06 03:23:19; hka-aqm-am115;  21.91;  21.89;   500;   700;    15;     3;     6;     2;  -108;  -108;   8.8; drag-lps8-03; 4; 8; 125000; 15426
2023-04-06 03:38:26; hka-aqm-am115;  21.85;  21.96;   492;   703;    13;     1;     4;     0;   -99;   -99;  12.0; drag-lps8-05; 0; 8; 125000; 15427
2023-04-06 03:53:32; hka-aqm-am115;  21.81;  22.03;   495;   675;    13;     1;     3;     0;  -109;  -109;   6.8; drag-lps8-03; 6; 8; 125000; 15428
2023-04-06 04:08:38; hka-aqm-am115;  21.76;  22.10;   490;   689;    15;     3;     6;     2;   -97;   -97;  10.2; drag-lps8-05; 7; 8; 125000; 15429
2023-04-06 04:23:45; hka-aqm-am115;  21.69;  22.10;   492;   649;    15;     3;     3;     0;  -108;  -108;   6.2; drag-lps8-03; 5; 8; 125000; 15430
2023-04-06 04:38:51; hka-aqm-am115;  21.67;  22.17;   489;   584;    13;     1;     2;     0;   -94;   -94;  10.2; drag-lps8-05; 1; 8; 125000; 15431
2023-04-06 04:53:58; hka-aqm-am115;  21.60;  22.24;   491;   638;    13;     1;     6;     2;  -109;  -109;   6.5; drag-lps8-03; 3; 8; 125000; 15432
2023-04-06 05:09:05; hka-aqm-am115;  21.57;  22.24;   492;   637;    15;     3;     6;     2;   -96;   -96;  11.0; drag-lps8-05; 6; 8; 125000; 15433
2023-04-06 05:24:11; hka-aqm-am115;  21.52;  22.27;   491;   634;    13;     1;     4;     0;   -96;   -96;   9.5; drag-lps8-05; 0; 8; 125000; 15434
2023-04-06 05:39:20; hka-aqm-am115;  21.44;  22.37;   502;   630;    13;     1;     6;     2;   -94;   -94;   9.5; drag-lps8-05; 4; 8; 125000; 15435
2023-04-06 05:54:26; hka-aqm-am115;  21.34;  22.44;   491;   635;    13;     1;     2;     0;   -94;   -94;   8.5; drag-lps8-05; 5; 8; 125000; 15436
2023-04-06 06:09:32; hka-aqm-am115;  21.30;  22.51;   500;   576;    13;     1;     2;     0;   -95;   -95;  10.8; drag-lps8-05; 7; 8; 125000; 15437
2023-04-06 06:24:39; hka-aqm-am115;  21.26;  22.51;   490;   627;    13;     1;     7;     2;   -96;   -96;   8.5; drag-lps8-05; 2; 8; 125000; 15438
2023-04-06 06:39:45; hka-aqm-am115;  21.21;  22.51;   491;   631;    18;     3;     4;     0;  -107;  -107;   9.8; drag-lps8-03; 4; 8; 125000; 15439
2023-04-06 06:44:40; hka-aqm-am115;  21.21;  22.51;   493;   640;   104;    19;     7;     2;  -111;  -111;   4.2; drag-lps8-03; 7; 8; 125000; 15440
2023-04-06 06:46:38; hka-aqm-am115;  21.20;  22.62;   495;   641;    24;     4;     3;     0;  -111;  -111;   7.0; drag-lps8-03; 0; 8; 125000; 15441
2023-04-06 07:01:45; hka-aqm-am115;  21.24;  22.79;   501;   676;    46;    10;     1;     0;  -106;  -106;   7.2; drag-lps8-03; 6; 8; 125000; 15442
2023-04-06 07:16:51; hka-aqm-am115;  21.28;  22.72;   504;   703;    76;    17;     3;     0;  -109;  -109;   5.0; drag-lps8-03; 1; 8; 125000; 15443
2023-04-06 07:32:00; hka-aqm-am115;  21.36;  22.72;   498;   694;   120;    27;     5;     1;  -108;  -108;   8.5; drag-lps8-03; 3; 8; 125000; 15444
2023-04-06 07:47:06; hka-aqm-am115;  21.48;  22.62;   506;   657;   193;    48;     3;     0;   -91;   -91;   8.5; drag-lps8-05; 2; 8; 125000; 15445
2023-04-06 08:02:13; hka-aqm-am115;  21.62;  22.51;   501;   652;   305;    80;     3;     1;   -95;   -95;   8.0; drag-lps8-05; 5; 8; 125000; 15446
2023-04-06 08:06:59; hka-aqm-am115;  21.67;  22.51;   500;   648;   462;   137;     6;     2;  -108;  -108;   7.2; drag-lps8-03; 7; 8; 125000; 15447
2023-04-06 08:07:39; hka-aqm-am115;  21.69;  22.48;   502;   645;   846;   257;     3;     0;  -107;  -107;   8.5; drag-lps8-03; 3; 8; 125000; 15448
2023-04-06 08:08:20; hka-aqm-am115;  21.70;  22.44;   503;   647;  1431;   437;     2;     0;   -95;   -95;  11.2; drag-lps8-05; 1; 8; 125000; 15449
2023-04-06 08:08:58; hka-aqm-am115;  21.71;  22.44;   504;   643;  1776;   541;     2;     0;  -107;  -107;   8.5; drag-lps8-03; 6; 8; 125000; 15450
2023-04-06 08:09:18; hka-aqm-am115;  21.71;  22.44;   501;   640;  3539;  1083;     2;     0;   -94;   -94;   8.8; drag-lps8-05; 5; 8; 125000; 15451
2023-04-06 08:09:39; hka-aqm-am115;  21.72;  22.44;   499;   638; 17890;  5444;     2;     1;   -97;   -97;  11.2; drag-lps8-05; 0; 8; 125000; 15452
2023-04-06 08:10:19; hka-aqm-am115;  21.73;  22.44;   501;   635; 27568;  8280;     4;     1;  -113;  -113;   3.5; drag-lps8-03; 2; 8; 125000; 15453
2023-04-06 08:11:20; hka-aqm-am115;  21.76;  22.44;   506;   633; 10492;  3220;     4;     0;  -105;  -105;   8.8; drag-lps8-03; 4; 8; 125000; 15454
2023-04-06 08:11:58; hka-aqm-am115;  21.75;  22.41;   504;   634;  1171;   348;     3;     3;  -111;  -111;   7.8; drag-lps8-03; 0; 8; 125000; 15455
2023-04-06 08:12:18; hka-aqm-am115;  21.74;  22.41;   500;   682;   443;   116;     1;     3;   -94;   -94;  10.2; drag-lps8-05; 4; 8; 125000; 15456
2023-04-06 08:27:24; hka-aqm-am115;  21.90;  22.27;   492;   651;   462;   119;     4;     3;  -109;  -109;   6.5; drag-lps8-03; 1; 8; 125000; 15457
2023-04-06 08:42:30; hka-aqm-am115;  22.02;  22.17;   491;   611;   532;   139;     2;     8;  -107;  -107;   7.2; drag-lps8-03; 6; 8; 125000; 15458
2023-04-06 08:57:37; hka-aqm-am115;  22.16;  22.03;   491;   651;   622;   163;     7;    29;  -109;  -109;   5.2; drag-lps8-03; 2; 8; 125000; 15459
2023-04-06 09:12:43; hka-aqm-am115;  22.28;  21.89;   491;   651;   789;   220;     8;    39;   -96;   -96;   8.5; drag-lps8-05; 5; 8; 125000; 15460
2023-04-06 09:27:49; hka-aqm-am115;  22.28;  21.82;   496;   626;   985;   286;     3;    42;  -109;  -109;   6.0; drag-lps8-03; 3; 8; 125000; 15461
2023-04-06 09:42:56; hka-aqm-am115;  22.27;  21.75;   490;   623;  1121;   325;     5;    27;  -113;  -113;   6.8; drag-lps8-03; 7; 8; 125000; 15462
2023-04-06 09:58:02; hka-aqm-am115;  22.24;  21.79;   485;   622;  1166;   338;     8;    51;   -99;   -99;  10.8; drag-lps8-05; 1; 8; 125000; 15463
2023-04-06 10:13:08; hka-aqm-am115;  22.25;  21.82;   480;   622;  1201;   343;     3;    39;  -113;  -113;   1.8; drag-lps8-03; 6; 8; 125000; 15464
2023-04-06 10:28:15; hka-aqm-am115;  22.30;  21.75;   479;   624;  1218;   343;     2;     8;   -99;   -99;  11.2; drag-lps8-05; 0; 8; 125000; 15465
2023-04-06 10:43:21; hka-aqm-am115;  22.32;  21.75;   483;   612;  1203;   336;     8;    51;  -113;  -113;   3.2; drag-lps8-03; 2; 8; 125000; 15466
2023-04-06 10:58:28; hka-aqm-am115;  22.35;  21.75;   478;   630;  1201;   331;     4;     6;  -109;  -109;   7.2; drag-lps8-03; 3; 8; 125000; 15467
2023-04-06 11:03:19; hka-aqm-am115;  22.34;  21.75;   479;   628;  1159;   317;     8;    51;  -108;  -108;   9.0; drag-lps8-03; 4; 8; 125000; 15468
2023-04-06 11:03:40; hka-aqm-am115;  22.36;  21.75;   478;   624;  1107;   301;     3;     1;   -99;   -99;   8.5; drag-lps8-05; 5; 8; 125000; 15469
2023-04-06 11:03:59; hka-aqm-am115;  22.36;  21.75;   477;   654;  1167;   322;     2;     1;  -100;  -100;   9.8; drag-lps8-05; 7; 8; 125000; 15470
2023-04-06 11:04:19; hka-aqm-am115;  22.36;  21.75;   477;   644;  1071;   292;     2;     1;  -113;  -113;   4.8; drag-lps8-03; 2; 8; 125000; 15471
2023-04-06 11:04:40; hka-aqm-am115;  22.36;  21.75;   477;   634;   913;   241;     4;     1;  -113;  -113;   7.2; drag-lps8-03; 0; 8; 125000; 15472
2023-04-06 11:05:00; hka-aqm-am115;  22.37;  21.75;   477;   631;  1044;   281;     4;     1;   -99;   -99;  10.2; drag-lps8-05; 3; 8; 125000; 15473
2023-04-06 11:05:59; hka-aqm-am115;  22.36;  21.75;   477;   601;  1154;   317;     5;     1;   -99;   -99;  10.8; drag-lps8-05; 1; 8; 125000; 15474
2023-04-06 11:21:05; hka-aqm-am115;  22.39;  21.68;   481;   594;  1282;   348;     5;     4;  -108;  -108;   6.8; drag-lps8-03; 6; 8; 125000; 15475
2023-04-06 11:36:12; hka-aqm-am115;  22.44;  21.72;   484;   627;  1322;   355;     3;     1;  -111;  -111;   8.2; drag-lps8-03; 4; 8; 125000; 15476
2023-04-06 11:47:40; hka-aqm-am115;  22.46;  21.68;   477;   623;  1202;   318;     6;     9;   -97;   -97;   7.5; drag-lps8-05; 5; 8; 125000; 15477
2023-04-06 11:49:38; hka-aqm-am115;  22.47;  21.68;   479;   622;  1198;   316;     4;     5;  -101;  -101;  11.0; drag-lps8-05; 7; 8; 125000; 15478
2023-04-06 11:53:40; hka-aqm-am115;  22.48;  21.68;   482;   684;  1105;   288;     5;     6;   -99;   -99;  11.2; drag-lps8-05; 4; 8; 125000; 15479
2023-04-06 12:00:40; hka-aqm-am115;  22.50;  21.68;   481;   627;  1171;   306;     5;     8;  -113;  -113;   4.5; drag-lps8-03; 7; 8; 125000; 15480
2023-04-06 12:07:59; hka-aqm-am115;  22.52;  21.68;   481;   633;  1100;   285;     5;     7;  -109;  -109;   3.0; drag-lps8-03; 5; 8; 125000; 15481
2023-04-06 12:08:40; hka-aqm-am115;  22.53;  21.68;   483;   630;  1218;   321;     3;     5;  -113;  -113;   0.5; drag-lps8-03; 1; 8; 125000; 15482
2023-04-06 12:12:38; hka-aqm-am115;  22.56;  21.68;   481;   641;  1145;   298;     5;     6;  -108;  -108;   4.8; drag-lps8-03; 3; 8; 125000; 15483
2023-04-06 12:17:38; hka-aqm-am115;  22.56;  21.68;   475;   630;   988;   255;     4;     5;  -118;  -118;   1.8; drag-lps8-03; 0; 8; 125000; 15484
2023-04-06 12:18:19; hka-aqm-am115;  22.57;  21.68;   475;   628;   918;   236;     5;     5;  -127;  -127;  -8.2; drag-lps8-03; 2; 8; 125000; 15485
2023-04-06 12:22:40; hka-aqm-am115;  22.58;  21.68;   485;   626;   904;   233;     7;     3;  -109;  -109;   7.5; drag-lps8-03; 6; 8; 125000; 15486
2023-04-06 12:23:19; hka-aqm-am115;  22.59;  21.68;   478;   640;   795;   202;     5;     4;  -113;  -113;   6.0; drag-lps8-03; 4; 8; 125000; 15487
2023-04-06 12:26:19; hka-aqm-am115;  22.58;  21.68;   476;   623;  1010;   263;     4;     3;  -113;  -113;   4.2; drag-lps8-03; 5; 8; 125000; 15488
2023-04-06 12:33:59; hka-aqm-am115;  22.60;  21.68;   475;   664;  1005;   259;     4;     4;   -99;   -99;  10.5; drag-lps8-05; 3; 8; 125000; 15489
2023-04-06 12:34:20; hka-aqm-am115;  22.61;  21.68;   474;   650;  1076;   280;     4;     3;   -99;   -99;  10.8; drag-lps8-05; 0; 8; 125000; 15490
2023-04-06 12:36:00; hka-aqm-am115;  22.59;  21.68;   473;   635;  1046;   270;     5;     4;   -99;   -99;  10.0; drag-lps8-05; 1; 8; 125000; 15491
2023-04-06 12:44:40; hka-aqm-am115;  22.62;  21.68;   479;   628;  1008;   259;     5;     7;   -99;   -99;   7.5; drag-lps8-05; 2; 8; 125000; 15492
2023-04-06 12:44:59; hka-aqm-am115;  22.62;  21.68;   478;   660;   868;   219;     2;     2;  -100;  -100;  10.5; drag-lps8-05; 7; 8; 125000; 15493
2023-04-06 12:45:38; hka-aqm-am115;  22.62;  21.68;   479;   648;   933;   238;     3;     3;  -113;  -113;   5.5; drag-lps8-03; 6; 8; 125000; 15494
2023-04-06 12:46:20; hka-aqm-am115;  22.63;  21.68;   476;   649;  1100;   286;     3;     3;   -99;   -99;  10.5; drag-lps8-05; 1; 8; 125000; 15495
2023-04-06 12:53:19; hka-aqm-am115;  22.63;  21.61;   474;   636;   953;   245;     6;     6;  -115;  -115;   5.2; drag-lps8-03; 7; 8; 125000; 15496
2023-04-06 12:56:19; hka-aqm-am115;  22.64;  21.68;   479;   631;  1048;   274;     5;     6;  -109;  -109;   6.2; drag-lps8-03; 4; 8; 125000; 15497
2023-04-06 12:56:58; hka-aqm-am115;  22.66;  21.61;   482;   630;  1136;   299;     5;     6;  -111;  -111;   4.0; drag-lps8-03; 5; 8; 125000; 15498
2023-04-06 12:58:40; hka-aqm-am115;  22.67;  21.65;   477;   575;   880;   224;     6;    18;   -99;   -99;   8.2; drag-lps8-05; 2; 8; 125000; 15499
2023-04-06 12:59:18; hka-aqm-am115;  22.66;  21.68;   481;   592;   941;   239;     5;    16;  -101;  -101;  10.5; drag-lps8-05; 0; 8; 125000; 15500
2023-04-06 13:00:19; hka-aqm-am115;  22.66;  21.61;   478;   616;  1019;   264;     4;    15;  -111;  -111;   4.2; drag-lps8-03; 6; 8; 125000; 15501
2023-04-06 13:00:40; hka-aqm-am115;  22.66;  21.65;   476;   620;  1096;   287;     0;    14;  -111;  -111;   5.2; drag-lps8-03; 3; 8; 125000; 15502
2023-04-06 13:04:20; hka-aqm-am115;  22.66;  21.68;   479;   629;   810;   205;     4;    15;   -96;   -96;   7.5; drag-lps8-05; 5; 8; 125000; 15503
2023-04-06 13:05:00; hka-aqm-am115;  22.68;  21.68;   477;   629;   903;   233;     4;    15;  -115;  -115;  -0.2; drag-lps8-03; 1; 8; 125000; 15504
2023-04-06 13:05:40; hka-aqm-am115;  22.68;  21.65;   478;   632;   970;   253;     5;    15;   -99;   -99;  10.5; drag-lps8-05; 0; 8; 125000; 15505
2023-04-06 13:06:00; hka-aqm-am115;  22.67;  21.68;   477;   629;   874;   225;     5;    17;  -122;  -122;  -5.0; drag-lps8-03; 2; 8; 125000; 15506
2023-04-06 13:06:40; hka-aqm-am115;  22.67;  21.61;   482;   568;   672;   167;     3;    17;  -111;  -111;   5.2; drag-lps8-03; 6; 8; 125000; 15507
2023-04-06 13:07:00; hka-aqm-am115;  22.68;  21.68;   481;   591;   969;   253;     3;    14;   -97;   -97;  11.5; drag-lps8-05; 4; 8; 125000; 15508
2023-04-06 13:07:39; hka-aqm-am115;  22.68;  21.65;   478;   612;   899;   233;     3;    16;   -99;   -99;  11.2; drag-lps8-05; 7; 8; 125000; 15509
2023-04-06 13:07:59; hka-aqm-am115;  22.66;  21.68;   477;   623;   812;   206;     3;    18;   -97;   -97;  11.2; drag-lps8-05; 3; 8; 125000; 15510
2023-04-06 13:08:20; hka-aqm-am115;  22.68;  21.68;   477;   625;   892;   230;     3;    18;   -99;   -99;   8.2; drag-lps8-05; 2; 8; 125000; 15511
2023-04-06 13:08:40; hka-aqm-am115;  22.68;  21.65;   477;   626;   989;   259;     2;    13;  -113;  -113;   3.8; drag-lps8-03; 6; 8; 125000; 15512
2023-04-06 13:09:21; hka-aqm-am115;  22.67;  21.65;   481;   626;   735;   185;     3;    14;  -115;  -115;   3.2; drag-lps8-03; 0; 8; 125000; 15513
2023-04-06 13:11:20; hka-aqm-am115;  22.69;  21.68;   478;   599;   890;   230;     4;    14;  -113;  -113;   4.8; drag-lps8-03; 3; 8; 125000; 15514
2023-04-06 13:12:01; hka-aqm-am115;  22.69;  21.68;   477;   615;   734;   185;     3;    14;  -101;  -101;  11.2; drag-lps8-05; 7; 8; 125000; 15515
2023-04-06 13:12:21; hka-aqm-am115;  22.68;  21.65;   477;   619;   890;   232;     3;    14;   -94;   -94;  10.0; drag-lps8-05; 4; 8; 125000; 15516
2023-04-06 13:13:00; hka-aqm-am115;  22.68;  21.68;   481;   623;   735;   185;     4;    15;  -108;  -108;   5.2; drag-lps8-03; 5; 8; 125000; 15517
2023-04-06 13:13:40; hka-aqm-am115;  22.70;  21.68;   478;   660;   847;   218;     3;    15;   -99;   -99;  11.0; drag-lps8-05; 1; 8; 125000; 15518
2023-04-06 13:14:39; hka-aqm-am115;  22.69;  21.68;   480;   682;   793;   203;     5;    13;   -97;   -97;  11.5; drag-lps8-05; 3; 8; 125000; 15519
2023-04-06 13:16:21; hka-aqm-am115;  22.70;  21.68;   482;   636;   705;   178;     5;    13;  -113;  -113;   2.5; drag-lps8-03; 7; 8; 125000; 15520
2023-04-06 13:19:20; hka-aqm-am115;  22.70;  21.68;   483;   657;   696;   176;     6;    29;  -111;  -111;   7.0; drag-lps8-03; 4; 8; 125000; 15521
2023-04-06 13:20:01; hka-aqm-am115;  22.68;  21.68;   487;   647;   832;   214;     3;    26;  -116;  -116;  -1.0; drag-lps8-03; 1; 8; 125000; 15522
2023-04-06 13:20:21; hka-aqm-am115;  22.69;  21.68;   485;   643;   733;   185;     3;    26;  -115;  -115;   2.5; drag-lps8-03; 0; 8; 125000; 15523
2023-04-06 13:22:00; hka-aqm-am115;  22.71;  21.68;   485;   637;   908;   235;     4;    26;   -99;   -99;  11.0; drag-lps8-05; 6; 8; 125000; 15524
2023-04-06 13:22:20; hka-aqm-am115;  22.71;  21.68;   484;   638;   830;   213;     3;    23;  -101;  -101;   7.8; drag-lps8-05; 2; 8; 125000; 15525
2023-04-06 13:22:40; hka-aqm-am115;  22.71;  21.68;   483;   638;   888;   230;     3;    25;   -96;   -96;   8.2; drag-lps8-05; 5; 8; 125000; 15526
2023-04-06 13:24:21; hka-aqm-am115;  22.71;  21.68;   488;   648;   795;   205;     4;    27;   -94;   -94;   9.8; drag-lps8-05; 4; 8; 125000; 15527
2023-04-06 13:39:20; hka-aqm-am115;  22.78;  21.68;   492;   645;   932;   242;     6;    31;  -109;  -109;   5.2; drag-lps8-03; 5; 8; 125000; 15528
2023-04-06 13:40:40; hka-aqm-am115;  22.79;  21.68;   488;   656;   822;   210;     5;    32;  -113;  -113;   3.0; drag-lps8-03; 1; 8; 125000; 15529
2023-04-06 13:41:21; hka-aqm-am115;  22.77;  21.65;   489;   645;   908;   235;     4;    31;   -99;   -99;  11.2; drag-lps8-05; 0; 8; 125000; 15530
2023-04-06 13:49:40; hka-aqm-am115;  22.81;  21.68;   497;   646;   881;   227;     6;    35;  -120;  -120;  -2.5; drag-lps8-03; 2; 8; 125000; 15531
2023-04-06 13:52:00; hka-aqm-am115;  22.83;  21.68;   496;   643;   786;   201;     5;    36;   -95;   -95;   9.2; drag-lps8-05; 6; 8; 125000; 15532
2023-04-06 13:53:00; hka-aqm-am115;  22.83;  21.68;   492;   646;   879;   226;     5;    32;  -111;  -111;   5.8; drag-lps8-03; 7; 8; 125000; 15533
2023-04-06 13:53:39; hka-aqm-am115;  22.82;  21.68;   497;   644;   817;   209;     7;    34;   -96;   -96;   9.8; drag-lps8-05; 3; 8; 125000; 15534
2023-04-06 13:55:40; hka-aqm-am115;  22.83;  21.68;   501;   643;   894;   231;     7;    41;   -97;   -97;  10.2; drag-lps8-05; 7; 8; 125000; 15535
2023-04-06 13:59:19; hka-aqm-am115;  22.87;  21.68;   506;   635;   979;   254;     6;    42;  -109;  -109;   6.5; drag-lps8-03; 3; 8; 125000; 15536
2023-04-06 14:00:20; hka-aqm-am115;  22.86;  21.68;   499;   641;   908;   235;     5;    40;   -99;   -99;   8.0; drag-lps8-05; 2; 8; 125000; 15537
2023-04-06 14:00:40; hka-aqm-am115;  22.86;  21.68;   498;   644;   972;   252;     5;    38;   -99;   -99;  12.0; drag-lps8-05; 4; 8; 125000; 15538
2023-04-06 14:01:21; hka-aqm-am115;  22.86;  21.68;   501;   644;   898;   231;     4;    36;   -99;   -99;  10.2; drag-lps8-05; 1; 8; 125000; 15539
2023-04-06 14:02:19; hka-aqm-am115;  22.87;  21.68;   501;   646;   863;   222;     4;    40;  -109;  -109;   6.0; drag-lps8-03; 6; 8; 125000; 15540
2023-04-06 14:08:19; hka-aqm-am115;  22.91;  21.68;   504;   564;   886;   227;     4;    44;   -97;   -97;   7.8; drag-lps8-05; 5; 8; 125000; 15541
2023-04-06 14:09:20; hka-aqm-am115;  22.90;  21.68;   499;   624;   994;   258;     4;    41;  -113;  -113;   5.2; drag-lps8-03; 0; 8; 125000; 15542
2023-04-06 14:09:59; hka-aqm-am115;  22.91;  21.68;   502;   632;  1048;   272;     4;    41;   -99;   -99;  11.5; drag-lps8-05; 6; 8; 125000; 15543
2023-04-06 14:17:21; hka-aqm-am115;  22.94;  21.61;   502;   646;  1034;   266;     6;    41;   -96;   -96;   9.2; drag-lps8-05; 7; 8; 125000; 15544
2023-04-06 14:32:27; hka-aqm-am115;  23.03;  21.61;   502;   611;  1055;   271;     1;    47;   -99;   -99;  11.0; drag-lps8-05; 0; 8; 125000; 15545
2023-04-06 14:34:39; hka-aqm-am115;  23.04;  21.61;   509;   642;   990;   253;     7;    51;   -97;   -97;   8.2; drag-lps8-05; 2; 8; 125000; 15546
2023-04-06 14:35:20; hka-aqm-am115;  23.06;  21.61;   502;   646;   836;   210;     3;    46;   -97;   -97;  11.0; drag-lps8-05; 3; 8; 125000; 15547
2023-04-06 14:36:01; hka-aqm-am115;  23.04;  21.61;   504;   646;   782;   196;     3;    46;   -96;   -96;   9.5; drag-lps8-05; 1; 8; 125000; 15548
2023-04-06 14:39:59; hka-aqm-am115;  23.06;  21.61;   510;   659;  1075;   278;     5;    52;   -97;   -97;  11.2; drag-lps8-05; 4; 8; 125000; 15549
2023-04-06 14:40:19; hka-aqm-am115;  23.05;  21.61;   508;   657;   901;   229;     3;    48;  -109;  -109;   6.2; drag-lps8-03; 5; 8; 125000; 15550
2023-04-06 14:41:00; hka-aqm-am115;  23.08;  21.61;   510;   657;   965;   247;     3;    47;  -112;  -112;   3.2; drag-lps8-03; 1; 8; 125000; 15551
2023-04-06 14:41:20; hka-aqm-am115;  23.07;  21.61;   508;   655;   867;   219;     3;    45;  -109;  -109;   4.0; drag-lps8-03; 3; 8; 125000; 15552
2023-04-06 14:42:01; hka-aqm-am115;  23.09;  21.61;   510;   653;  1020;   263;     4;    44;  -109;  -109;   6.0; drag-lps8-03; 7; 8; 125000; 15553
2023-04-06 14:42:20; hka-aqm-am115;  23.08;  21.61;   508;   654;   946;   241;     4;    44;   -97;   -97;   8.8; drag-lps8-05; 5; 8; 125000; 15554
2023-04-06 14:43:20; hka-aqm-am115;  23.10;  21.61;   505;   668;  1073;   278;     4;    46;  -111;  -111;   6.8; drag-lps8-03; 4; 8; 125000; 15555
2023-04-06 14:43:41; hka-aqm-am115;  23.12;  21.61;   505;   664;  1018;   262;     6;    46;  -111;  -111;   5.2; drag-lps8-03; 6; 8; 125000; 15556
2023-04-06 14:44:20; hka-aqm-am115;  23.12;  21.61;   505;   659;  1086;   281;     6;    46;   -99;   -99;   8.0; drag-lps8-05; 2; 8; 125000; 15557
2023-04-06 14:58:40; hka-aqm-am115;  23.21;  21.54;   515;   677;   755;   191;     6;    47;  -115;  -115;   4.5; drag-lps8-03; 0; 8; 125000; 15558
2023-04-06 15:13:47; hka-aqm-am115;  23.34;  21.54;   526;   670;   779;   198;     4;    15;   -97;   -97;  11.8; drag-lps8-05; 7; 8; 125000; 15559
2023-04-06 15:28:53; hka-aqm-am115;  23.46;  21.54;   531;   693;  1002;   260;     4;    14;   -99;   -99;   7.8; drag-lps8-05; 5; 8; 125000; 15560
2023-04-06 15:44:01; hka-aqm-am115;  23.58;  21.44;   543;   721;   816;   210;     5;    40;  -113;  -113;   7.2; drag-lps8-03; 0; 8; 125000; 15561
2023-04-06 15:59:08; hka-aqm-am115;  23.70;  21.34;   551;   754;   748;   193;     2;    11;   -99;   -99;  11.2; drag-lps8-05; 6; 8; 125000; 15562
2023-04-06 16:14:14; hka-aqm-am115;  23.80;  21.27;   541;   697;   760;   196;     3;    13;   -97;   -97;  11.2; drag-lps8-05; 1; 8; 125000; 15563
2023-04-06 16:29:22; hka-aqm-am115;  23.87;  21.23;   541;   716;   544;   140;     6;    40;   -95;   -95;   9.8; drag-lps8-05; 3; 8; 125000; 15564
2023-04-06 16:44:28; hka-aqm-am115;  23.92;  21.13;   540;   718;   495;   129;     4;     8;   -96;   -96;  11.0; drag-lps8-05; 4; 8; 125000; 15565
2023-04-06 16:59:35; hka-aqm-am115;  23.95;  21.13;   537;   727;   417;   108;     2;     3;  -113;  -113;   3.5; drag-lps8-03; 2; 8; 125000; 15566
2023-04-06 17:14:42; hka-aqm-am115;  23.92;  21.13;   540;   714;   333;    85;     6;    40;   -99;   -99;  11.8; drag-lps8-05; 7; 8; 125000; 15567
2023-04-06 17:29:48; hka-aqm-am115;  23.90;  21.13;   529;   710;   285;    72;     3;     0;   -96;   -96;  11.0; drag-lps8-05; 3; 8; 125000; 15568
2023-04-06 17:44:55; hka-aqm-am115;  23.87;  21.13;   529;   726;   252;    65;     2;     0;  -108;  -108;   7.5; drag-lps8-03; 4; 8; 125000; 15569
2023-04-06 18:00:02; hka-aqm-am115;  23.81;  21.20;   519;   708;   181;    45;     6;    40;  -110;  -110;   3.5; drag-lps8-03; 1; 8; 125000; 15570
2023-04-06 18:15:22; hka-aqm-am115;  23.78;  21.20;   521;   711;   141;    35;     6;    40;   -96;   -96;   8.2; drag-lps8-05; 2; 8; 125000; 15572
2023-04-06 18:30:28; hka-aqm-am115;  23.71;  21.23;   512;   669;   112;    27;     0;     1;  -112;  -112;   6.0; drag-lps8-03; 0; 8; 125000; 15573
2023-04-06 18:45:35; hka-aqm-am115;  23.65;  21.27;   504;   676;    88;    23;     1;     0;  -109;  -109;   5.0; drag-lps8-03; 5; 8; 125000; 15574
2023-04-06 19:00:42; hka-aqm-am115;  23.60;  21.34;   505;   669;    68;    16;     6;    40;  -108;  -108;   6.0; drag-lps8-03; 6; 8; 125000; 15575
2023-04-06 19:15:49; hka-aqm-am115;  23.50;  21.34;   500;   683;    56;    13;     4;     0;   -96;   -96;  11.2; drag-lps8-05; 1; 8; 125000; 15576
2023-04-06 19:30:55; hka-aqm-am115;  23.43;  21.41;   507;   615;    35;     7;     1;     1;   -95;   -95;  10.8; drag-lps8-05; 4; 8; 125000; 15577
2023-04-06 19:46:02; hka-aqm-am115;  23.36;  21.48;   504;   651;    20;     3;     6;    40;  -109;  -109;   6.2; drag-lps8-03; 5; 8; 125000; 15578
2023-04-06 20:01:09; hka-aqm-am115;  23.30;  21.54;   494;   662;    17;     3;     2;     0;  -107;  -107;   6.0; drag-lps8-03; 3; 8; 125000; 15579
2023-04-06 20:16:15; hka-aqm-am115;  23.23;  21.61;   491;   666;    13;     1;     2;     0;  -113;  -113;   2.2; drag-lps8-03; 2; 8; 125000; 15580
2023-04-06 20:31:23; hka-aqm-am115;  23.18;  21.68;   480;   636;    13;     1;     6;    40;  -113;  -113;   6.2; drag-lps8-03; 0; 8; 125000; 15581
2023-04-06 20:46:29; hka-aqm-am115;  23.10;  21.82;   481;   655;    13;     1;     1;     0;   -97;   -97;  12.0; drag-lps8-05; 7; 8; 125000; 15582
2023-04-06 21:01:35; hka-aqm-am115;  23.04;  21.89;   483;   629;    15;     3;     1;     1;  -111;  -111;   2.8; drag-lps8-03; 2; 8; 125000; 15583
2023-04-06 21:16:42; hka-aqm-am115;  22.98;  21.96;   477;   637;    15;     3;     6;    40;   -96;   -96;  10.2; drag-lps8-05; 1; 8; 125000; 15584
2023-04-06 21:31:48; hka-aqm-am115;  22.94;  22.10;   474;   633;    13;     1;     2;     0;  -109;  -109;   6.2; drag-lps8-03; 3; 8; 125000; 15585
2023-04-06 21:46:54; hka-aqm-am115;  22.86;  22.24;   472;   630;    13;     1;     3;     1;  -107;  -107;   6.0; drag-lps8-03; 6; 8; 125000; 15586
2023-04-06 22:02:01; hka-aqm-am115;  22.82;  22.37;   466;   642;    13;     1;     6;    40;   -95;   -95;  11.5; drag-lps8-05; 4; 8; 125000; 15587
2023-04-06 22:17:08; hka-aqm-am115;  22.77;  22.51;   463;   636;    13;     1;     3;     0;  -113;  -113;   6.5; drag-lps8-03; 0; 8; 125000; 15588
2023-04-06 22:32:14; hka-aqm-am115;  22.72;  22.65;   461;   642;    13;     1;     2;     0;  -109;  -109;   4.5; drag-lps8-03; 5; 8; 125000; 15589
2023-04-06 22:47:22; hka-aqm-am115;  22.68;  22.79;   462;   635;    15;     3;     6;    40;  -112;  -112;   6.0; drag-lps8-03; 7; 8; 125000; 15590
2023-04-06 23:02:29; hka-aqm-am115;  22.63;  22.93;   464;   640;    13;     1;     2;     1;  -114;  -114;   5.0; drag-lps8-03; 0; 8; 125000; 15591
2023-04-06 23:17:35; hka-aqm-am115;  22.58;  23.06;   459;   654;    13;     1;     4;     0;  -111;  -111;   7.5; drag-lps8-03; 4; 8; 125000; 15592
2023-04-06 23:32:42; hka-aqm-am115;  22.55;  23.20;   453;   693;    13;     1;     6;    40;   -99;   -99;  11.2; drag-lps8-05; 7; 8; 125000; 15593
2023-04-06 23:47:48; hka-aqm-am115;  22.50;  23.34;   456;   654;    15;     3;     2;     0;  -111;  -111;   6.0; drag-lps8-03; 5; 8; 125000; 15594
