# Logfile LoRaWAN TTN/TTS V3 logger version hka-log V 1.1
date_time;device_id;tmp;hum;CO2;VOC;vis;IR;WIFI;BLE;rssi;channel_rssi;snr;gateway;channel_index;spreading_factor;bandwidth;f_cnt
2023-07-05 00:09:49; hka-aqm-am123;  29.05;  34.39;   431;   618;     7;     2;     2;     3;  -114;  -114;   5.8; drag-lps8-03; 4; 9; 125000; 22259
2023-07-05 00:24:55; hka-aqm-am123;  29.02;  34.39;   426;   658;     6;     0;     2;     3;  -113;  -113;   3.8; drag-lps8-03; 1; 9; 125000; 22260
2023-07-05 00:40:01; hka-aqm-am123;  29.01;  34.39;   439;   603;     6;     0;     1;     0;  -113;  -113;   3.8; drag-lps8-03; 3; 9; 125000; 22261
2023-07-05 00:55:08; hka-aqm-am123;  28.96;  34.46;   425;   650;     6;     0;     2;     3;  -110;  -110;   4.0; drag-lps8-03; 6; 9; 125000; 22262
2023-07-05 01:10:14; hka-aqm-am123;  28.88;  34.52;   423;   619;     6;     0;     2;     3;  -130;  -130; -12.0; drag-lps8-05; 2; 9; 125000; 22263
2023-07-05 01:25:21; hka-aqm-am123;  28.86;  34.52;   436;   645;     6;     0;     0;     0;  -113;  -113;   4.5; drag-lps8-03; 0; 9; 125000; 22264
2023-07-05 01:40:27; hka-aqm-am123;  28.82;  34.52;   432;   630;     8;     2;     2;     3;  -111;  -111;   3.5; drag-lps8-03; 1; 9; 125000; 22265
2023-07-05 01:55:56; hka-aqm-am123;  28.78;  34.59;   423;   632;     6;     0;     2;     3;  -111;  -111;   5.0; drag-lps8-03; 4; 9; 125000; 22267
2023-07-05 02:11:02; hka-aqm-am123;  28.76;  34.69;   425;   635;     6;     0;     0;     0;  -113;  -113;   4.2; drag-lps8-03; 3; 9; 125000; 22268
2023-07-05 02:26:09; hka-aqm-am123;  28.70;  34.82;   420;   602;     6;     0;     2;     3;  -112;  -112;   4.5; drag-lps8-03; 5; 9; 125000; 22269
2023-07-05 02:41:15; hka-aqm-am123;  28.68;  34.99;   423;   606;     6;     0;     2;     3;  -113;  -113;   4.2; drag-lps8-03; 7; 9; 125000; 22270
2023-07-05 02:56:22; hka-aqm-am123;  28.60;  35.26;   428;   579;     6;     0;     1;     0;  -113;  -113;   3.0; drag-lps8-03; 2; 9; 125000; 22271
2023-07-05 03:11:28; hka-aqm-am123;  28.55;  35.52;   438;   594;     6;     0;     2;     3;  -112;  -112;   5.0; drag-lps8-03; 7; 9; 125000; 22272
2023-07-05 03:26:35; hka-aqm-am123;  28.52;  35.72;   426;   594;     6;     1;     2;     3;  -113;  -113;   2.8; drag-lps8-03; 2; 9; 125000; 22273
2023-07-05 03:41:41; hka-aqm-am123;  28.48;  35.96;   424;   590;     6;     0;     0;     0;  -110;  -110;   4.0; drag-lps8-03; 1; 9; 125000; 22274
2023-07-05 03:56:48; hka-aqm-am123;  28.43;  36.19;   429;   579;     6;     0;     2;     3;  -113;  -113;   5.8; drag-lps8-03; 4; 9; 125000; 22275
2023-07-05 04:11:55; hka-aqm-am123;  28.39;  36.25;   425;   620;     8;     2;     2;     3;  -112;  -112;   4.2; drag-lps8-03; 6; 9; 125000; 22276
2023-07-05 04:27:01; hka-aqm-am123;  28.40;  36.39;   425;   594;     6;     0;     0;     0;  -114;  -114;   4.2; drag-lps8-03; 0; 9; 125000; 22277
2023-07-05 04:42:08; hka-aqm-am123;  28.35;  36.55;   427;   585;     6;     0;     2;     3;  -113;  -113;   4.5; drag-lps8-03; 5; 9; 125000; 22278
2023-07-05 04:57:14; hka-aqm-am123;  28.32;  36.75;   434;   577;     6;     1;     2;     3;  -111;  -111;   4.8; drag-lps8-03; 3; 9; 125000; 22279
2023-07-05 05:12:20; hka-aqm-am123;  28.33;  36.89;   423;   595;     6;     0;     1;     0;  -111;  -111;   4.2; drag-lps8-03; 5; 9; 125000; 22280
2023-07-05 05:27:29; hka-aqm-am123;  28.30;  37.05;   421;   588;     6;     0;     2;     3;  -113;  -113;   3.0; drag-lps8-03; 7; 9; 125000; 22281
2023-07-05 05:42:35; hka-aqm-am123;  28.25;  37.32;   422;   563;     8;     1;     2;     3;  -111;  -111;   5.0; drag-lps8-03; 6; 9; 125000; 22282
2023-07-05 05:57:41; hka-aqm-am123;  28.22;  37.48;   423;   578;     9;     1;     0;     0;  -114;  -114;   0.8; drag-lps8-03; 2; 9; 125000; 22283
2023-07-05 06:12:48; hka-aqm-am123;  28.26;  37.45;   421;   572;    37;     9;     2;     3;  -114;  -114;   3.0; drag-lps8-03; 0; 9; 125000; 22284
2023-07-05 06:27:54; hka-aqm-am123;  28.26;  37.38;   421;   594;    33;     9;     2;     3;  -128;  -128; -10.8; drag-lps8-05; 1; 9; 125000; 22285
2023-07-05 06:43:01; hka-aqm-am123;  28.28;  37.41;   422;   555;     9;     1;     0;     0;  -112;  -112;   5.0; drag-lps8-03; 4; 9; 125000; 22286
2023-07-05 06:58:08; hka-aqm-am123;  28.29;  37.51;   423;   577;    12;     2;     2;     3;  -114;  -114;   2.2; drag-lps8-03; 3; 9; 125000; 22287
2023-07-05 07:13:15; hka-aqm-am123;  28.30;  37.75;   430;   581;    57;    12;     2;     3;  -111;  -111;   2.2; drag-lps8-03; 2; 9; 125000; 22288
2023-07-05 07:17:47; hka-aqm-am123;  28.34;  37.71;   424;   598;   205;    56;     2;     3;  -113;  -113;   2.5; drag-lps8-03; 3; 9; 125000; 22289
2023-07-05 07:18:48; hka-aqm-am123;  28.32;  37.65;   425;   583;    98;    26;     0;     0;  -113;  -113;   3.5; drag-lps8-03; 6; 9; 125000; 22290
2023-07-05 07:19:27; hka-aqm-am123;  28.31;  37.75;   422;   575;    74;    17;     0;     0;  -113;  -113;   3.2; drag-lps8-03; 1; 9; 125000; 22291
2023-07-05 07:34:34; hka-aqm-am123;  28.41;  37.98;   429;   583;   149;    38;     1;     0;  -114;  -114;   4.0; drag-lps8-03; 4; 9; 125000; 22292
2023-07-05 07:35:06; hka-aqm-am123;  28.36;  38.01;   431;   580;   878;   247;     1;     0;  -113;  -113;   5.2; drag-lps8-03; 7; 9; 125000; 22293
2023-07-05 07:35:28; hka-aqm-am123;  28.41;  38.01;   428;   578;   773;   215;     0;     0;  -113;  -113;   4.2; drag-lps8-03; 0; 9; 125000; 22294
2023-07-05 07:35:51; hka-aqm-am123;  28.39;  38.04;   426;   578;   132;    32;     0;     0;  -113;  -113;   2.5; drag-lps8-03; 5; 9; 125000; 22295
2023-07-05 07:37:28; hka-aqm-am123;  28.44;  37.98;   420;   565;   221;    55;     1;     1;  -112;  -112;   3.5; drag-lps8-03; 7; 9; 125000; 22296
2023-07-05 07:37:51; hka-aqm-am123;  28.40;  37.91;   420;   540;   169;    42;     1;     0;  -131;  -131; -13.0; drag-lps8-05; 1; 9; 125000; 22297
2023-07-05 07:39:08; hka-aqm-am123;  28.40;  37.91;   424;   582;   148;    38;     1;     0;  -112;  -112;   3.2; drag-lps8-03; 0; 9; 125000; 22298
2023-07-05 07:41:48; hka-aqm-am123;  28.42;  38.18;   425;   598;   109;    27;     1;     0;  -113;  -113;   4.2; drag-lps8-03; 4; 9; 125000; 22299
2023-07-05 07:44:07; hka-aqm-am123;  28.48;  38.11;   433;   571;   195;    49;     1;     0;  -113;  -113;   1.8; drag-lps8-03; 3; 9; 125000; 22300
2023-07-05 07:44:30; hka-aqm-am123;  28.51;  38.14;   429;   570;   265;    67;     1;     0;  -112;  -112;   2.2; drag-lps8-03; 5; 9; 125000; 22301
2023-07-05 07:45:07; hka-aqm-am123;  28.55;  38.04;   424;   573;  1234;   350;     1;     0;  -111;  -111;   3.5; drag-lps8-03; 6; 9; 125000; 22302
2023-07-05 07:45:29; hka-aqm-am123;  28.48;  38.04;   422;   574;   256;    64;     0;     0;  -130;  -130; -11.5; drag-lps8-05; 2; 9; 125000; 22303
2023-07-05 07:45:52; hka-aqm-am123;  28.52;  38.18;   422;   596;  1226;   347;     0;     0;  -111;  -111;   3.0; drag-lps8-03; 6; 9; 125000; 22304
2023-07-05 07:46:15; hka-aqm-am123;  28.61;  38.14;   421;   591;   659;   178;     0;     0;  -113;  -113;   3.8; drag-lps8-03; 7; 9; 125000; 22305
2023-07-05 07:46:37; hka-aqm-am123;  28.63;  38.11;   421;   588;  1216;   344;     0;     0;  -133;  -133; -13.0; drag-lps8-05; 0; 9; 125000; 22306
2023-07-05 07:47:47; hka-aqm-am123;  28.64;  37.98;   420;   606;   430;   114;     0;     0;  -113;  -113;   1.2; drag-lps8-03; 5; 9; 125000; 22307
2023-07-05 07:48:09; hka-aqm-am123;  28.66;  37.94;   420;   590;   360;    96;     0;     0;  -115;  -115;  -0.8; drag-lps8-03; 2; 9; 125000; 22308
2023-07-05 07:48:32; hka-aqm-am123;  28.69;  37.91;   420;   578;   190;    50;     0;     0;  -128;  -128; -14.5; drag-lps8-05; 3; 9; 125000; 22309
2023-07-05 07:48:55; hka-aqm-am123;  28.67;  37.98;   420;   570;   434;   118;     0;     0;  -113;  -113;   3.2; drag-lps8-03; 4; 9; 125000; 22310
2023-07-05 07:49:17; hka-aqm-am123;  28.66;  37.94;   420;   571;  1070;   304;     0;     0;  -113;  -113;   2.2; drag-lps8-03; 1; 9; 125000; 22311
2023-07-05 07:49:40; hka-aqm-am123;  28.64;  37.98;   420;   569;   183;    47;     0;     0;  -112;  -112;   2.5; drag-lps8-03; 7; 9; 125000; 22312
2023-07-05 07:51:28; hka-aqm-am123;  28.65;  38.11;   421;   569;   172;    48;     1;     0;  -113;  -113;   1.2; drag-lps8-03; 3; 9; 125000; 22313
2023-07-05 07:51:50; hka-aqm-am123;  28.68;  38.14;   421;   558;   945;   272;     1;     0;  -113;  -113;   1.2; drag-lps8-03; 6; 9; 125000; 22314
2023-07-05 07:52:13; hka-aqm-am123;  28.67;  38.11;   421;   607;   107;    28;     1;     0;  -114;  -114;  -6.0; drag-lps8-03; 5; 9; 125000; 22315
2023-07-05 07:55:27; hka-aqm-am123;  28.63;  38.24;   420;   587;   583;   160;     1;     0;  -114;  -114;   3.5; drag-lps8-03; 0; 9; 125000; 22316
2023-07-05 07:56:06; hka-aqm-am123;  28.69;  38.27;   424;   598;   785;   220;     1;     0;  -130;  -130; -12.8; drag-lps8-05; 1; 9; 125000; 22317
2023-07-05 07:56:28; hka-aqm-am123;  28.71;  38.24;   422;   587;  1123;   321;     0;     0;  -112;  -112;   2.0; drag-lps8-03; 2; 9; 125000; 22318
2023-07-05 07:57:08; hka-aqm-am123;  28.76;  38.27;   422;   586;   271;    67;     0;     0;  -113;  -113;   4.5; drag-lps8-03; 4; 9; 125000; 22319
2023-07-05 07:58:07; hka-aqm-am123;  28.75;  38.21;   422;   606;   737;   204;     1;     0;  -112;  -112; nan; drag-lps8-03; 3; 9; 125000; 22320
2023-07-05 07:58:47; hka-aqm-am123;  28.80;  38.27;   420;   594;   250;    63;     1;     0;  -109;  -109;   4.8; drag-lps8-03; 4; 9; 125000; 22321
2023-07-05 07:59:09; hka-aqm-am123;  28.80;  38.31;   421;   594;   325;    83;     0;     0;  -109;  -109;   4.0; drag-lps8-03; 5; 9; 125000; 22322
2023-07-05 07:59:32; hka-aqm-am123;  28.81;  38.31;   421;   590;   434;   113;     0;     0;  -113;  -113;   4.2; drag-lps8-03; 7; 9; 125000; 22323
2023-07-05 07:59:55; hka-aqm-am123;  28.85;  38.27;   423;   608;  1156;   332;     0;     0;  -130;  -130; -11.8; drag-lps8-05; 1; 9; 125000; 22324
2023-07-05 08:00:48; hka-aqm-am123;  28.89;  38.21;   427;   628;  1006;   289;     0;     0;  -109;  -109;   3.5; drag-lps8-03; 6; 9; 125000; 22325
2023-07-05 08:01:10; hka-aqm-am123;  28.88;  38.18;   425;   620;   834;   235;     0;     0;  -128;  -128; -11.8; drag-lps8-05; 2; 9; 125000; 22326
2023-07-05 08:01:33; hka-aqm-am123;  28.88;  38.14;   424;   612;   647;   179;     0;     0;  -114;  -114;   4.0; drag-lps8-03; 0; 9; 125000; 22327
2023-07-05 08:01:56; hka-aqm-am123;  28.91;  38.21;   422;   587;  1047;   301;     0;     0;  -114;  -114;   3.2; drag-lps8-03; 7; 9; 125000; 22328
2023-07-05 08:02:18; hka-aqm-am123;  28.94;  38.18;   421;   582;  1135;   328;     0;     0;  -113;  -113;   3.5; drag-lps8-03; 5; 9; 125000; 22329
2023-07-05 08:02:47; hka-aqm-am123;  28.98;  37.98;   424;   577;   988;   286;     1;     0;  -130;  -130; -12.8; drag-lps8-05; 2; 9; 125000; 22330
2023-07-05 08:03:09; hka-aqm-am123;  28.98;  37.98;   423;   576;  1074;   313;     0;     1;  -113;  -113;   2.2; drag-lps8-03; 6; 9; 125000; 22331
2023-07-05 08:03:46; hka-aqm-am123;  29.02;  37.88;   427;   579;   334;    91;     0;     1;  -114;  -114;   3.5; drag-lps8-03; 4; 9; 125000; 22332
2023-07-05 08:04:08; hka-aqm-am123;  29.08;  37.81;   424;   592;   682;   194;     0;     0;  -113;  -113;   2.2; drag-lps8-03; 3; 9; 125000; 22333
2023-07-05 08:04:31; hka-aqm-am123;  29.04;  37.81;   423;   605;   223;    58;     0;     0;  -112;  -112;   1.5; drag-lps8-03; 1; 9; 125000; 22334
2023-07-05 08:05:27; hka-aqm-am123;  29.12;  37.84;   423;   596;   992;   288;     1;     1;  -130;  -130; -10.5; drag-lps8-05; 0; 9; 125000; 22335
2023-07-05 08:06:07; hka-aqm-am123;  29.13;  37.91;   427;   575;   266;    70;     1;     0;  -131;  -131; -12.2; drag-lps8-05; 7; 9; 125000; 22336
2023-07-05 08:07:07; hka-aqm-am123;  29.14;  37.88;   428;   573;   893;   254;     1;     1;  -113;  -113;   4.0; drag-lps8-03; 4; 9; 125000; 22337
2023-07-05 08:07:29; hka-aqm-am123;  29.08;  37.91;   426;   577;   612;   171;     1;     1;  -130;  -130; -10.5; drag-lps8-05; 0; 9; 125000; 22338
2023-07-05 08:08:27; hka-aqm-am123;  29.22;  37.84;   422;   580;  1059;   311;     1;     0;  -114;  -114;   3.2; drag-lps8-03; 5; 9; 125000; 22339
2023-07-05 08:08:49; hka-aqm-am123;  29.17;  37.81;   421;   582;   298;    79;     1;     1;  -113;  -113;   1.0; drag-lps8-03; 1; 9; 125000; 22340
2023-07-05 08:09:12; hka-aqm-am123;  29.18;  37.84;   421;   586;   212;    55;     1;     1;  -114;  -114;  -1.5; drag-lps8-03; 3; 9; 125000; 22341
2023-07-05 08:10:28; hka-aqm-am123;  29.19;  37.84;   424;   616;   695;   198;     1;     0;  -116;  -116;  -2.2; drag-lps8-03; 2; 9; 125000; 22342
2023-07-05 08:10:50; hka-aqm-am123;  29.14;  37.81;   422;   607;   242;    62;     0;     0;  -113;  -113; nan; drag-lps8-03; 6; 9; 125000; 22343
2023-07-05 08:12:27; hka-aqm-am123;  29.18;  37.84;   427;   594;   767;   217;     1;     0;  -113;  -113;   2.0; drag-lps8-03; 4; 9; 125000; 22344
2023-07-05 08:12:50; hka-aqm-am123;  29.20;  37.81;   424;   594;  1006;   293;     0;     0;  -114;  -114;   0.2; drag-lps8-03; 7; 9; 125000; 22345
2023-07-05 08:13:46; hka-aqm-am123;  29.20;  37.78;   431;   570;   189;    46;     0;     0;  -115;  -115; nan; drag-lps8-03; 0; 9; 125000; 22346
2023-07-05 08:16:08; hka-aqm-am123;  29.24;  37.84;   431;   583;   469;   126;     1;     1;  -118;  -118;  -4.5; drag-lps8-03; 1; 9; 125000; 22347
2023-07-05 08:16:30; hka-aqm-am123;  29.27;  37.81;   428;   582;   221;    54;     0;     1;  -116;  -116;  -1.8; drag-lps8-03; 3; 9; 125000; 22348
2023-07-05 08:17:47; hka-aqm-am123;  29.26;  37.84;   423;   600;   238;    58;     1;     0;  -113;  -113;  -1.0; drag-lps8-03; 5; 9; 125000; 22349
2023-07-05 08:18:09; hka-aqm-am123;  29.30;  37.88;   422;   595;   933;   263;     1;     0;  -129;  -129;  -9.8; drag-lps8-05; 2; 9; 125000; 22350
2023-07-05 08:18:32; hka-aqm-am123;  29.28;  37.84;   422;   594;   705;   195;     1;     0;  -116;  -116;  -2.0; drag-lps8-03; 6; 9; 125000; 22351
2023-07-05 08:18:55; hka-aqm-am123;  29.31;  37.84;   422;   595;  1033;   296;     1;     0;  -112;  -112;   1.5; drag-lps8-03; 5; 9; 125000; 22352
2023-07-05 08:19:17; hka-aqm-am123;  29.29;  37.84;   422;   591;   831;   232;     1;     0;  -130;  -130; -12.2; drag-lps8-05; 1; 9; 125000; 22353
2023-07-05 08:19:40; hka-aqm-am123;  29.28;  37.78;   422;   579;   361;    91;     1;     0;  -124;  -124;  -7.0; drag-lps8-03; 0; 9; 125000; 22354
2023-07-05 08:20:07; hka-aqm-am123;  29.32;  37.78;   422;   583;   363;    90;     0;     0;  -118;  -118;  -4.8; drag-lps8-03; 6; 9; 125000; 22355
2023-07-05 08:20:30; hka-aqm-am123;  29.32;  37.78;   422;   583;   925;   259;     1;     0;  -126;  -126; -10.8; drag-lps8-03; 3; 9; 125000; 22356
2023-07-05 08:20:52; hka-aqm-am123;  29.30;  37.75;   422;   584;  1041;   296;     1;     0;  -113;  -113;  -0.2; drag-lps8-03; 2; 9; 125000; 22357
2023-07-05 08:21:15; hka-aqm-am123;  29.36;  37.71;   421;   609;   943;   263;     1;     0;  -114;  -114;   0.5; drag-lps8-03; 7; 9; 125000; 22358
2023-07-05 08:21:38; hka-aqm-am123;  29.40;  37.71;   420;   596;  1034;   292;     1;     0;  -113;  -113;   1.8; drag-lps8-03; 4; 9; 125000; 22359
2023-07-05 08:23:47; hka-aqm-am123;  29.59;  37.45;   420;   601;   936;   260;     1;     1;  -113;  -113;   3.2; drag-lps8-03; 7; 9; 125000; 22361
2023-07-05 08:24:27; hka-aqm-am123;  29.60;  37.32;   420;   601;  1061;   297;     1;     0;  -125;  -125;  -8.0; drag-lps8-05; 1; 9; 125000; 22363
2023-07-05 08:25:07; hka-aqm-am123;  29.55;  37.28;   421;   674;   794;   214;     1;     0;  -128;  -128; -10.5; drag-lps8-05; 4; 9; 125000; 22365
2023-07-05 08:25:46; hka-aqm-am123;  29.59;  37.28;   424;   642;   848;   229;     1;     0;  -111;  -111;   1.2; drag-lps8-03; 3; 9; 125000; 22366
2023-07-05 08:26:47; hka-aqm-am123;  29.63;  37.18;   430;   631;  1091;   304;     0;     3;  -112;  -112;   7.2; drag-lps8-03; 0; 9; 125000; 22367
2023-07-05 08:29:07; hka-aqm-am123;  29.76;  37.02;   424;   622;   771;   207;     1;     0;  -109;  -109;   4.2; drag-lps8-03; 6; 9; 125000; 22369
2023-07-05 08:29:47; hka-aqm-am123;  29.78;  36.98;   421;   609;   829;   223;     0;     0;  -126;  -126;  -8.8; drag-lps8-05; 4; 9; 125000; 22371
2023-07-05 08:30:28; hka-aqm-am123;  29.80;  37.02;   420;   606;   510;   131;     1;     0;  -111;  -111;   2.8; drag-lps8-03; 1; 9; 125000; 22373
2023-07-05 08:31:46; hka-aqm-am123;  29.79;  36.98;   424;   640;   336;    83;     1;     0;  -121;  -121;  -2.0; drag-lps8-05; 7; 9; 125000; 22375
2023-07-05 08:32:26; hka-aqm-am123;  29.76;  36.98;   422;   615;   578;   153;     1;     0;  -103;  -103;   8.8; drag-lps8-03; 4; 9; 125000; 22376
2023-07-05 08:32:48; hka-aqm-am123;  29.78;  36.98;   421;   611;   413;   107;     1;     0;  -122;  -122;  -7.0; drag-lps8-05; 6; 9; 125000; 22377
2023-07-05 08:33:47; hka-aqm-am123;  29.82;  36.98;   422;   645;   620;   168;     1;     0;  -107;  -107;   8.8; drag-lps8-03; 0; 9; 125000; 22378
2023-07-05 08:34:09; hka-aqm-am123;  29.86;  36.92;   421;   628;   774;   216;     1;     0;  -124;  -124;  -5.2; drag-lps8-05; 7; 9; 125000; 22379
2023-07-05 08:34:32; hka-aqm-am123;  29.82;  36.95;   420;   620;   945;   266;     1;     0;  -125;  -125;  -6.2; drag-lps8-05; 5; 9; 125000; 22380
2023-07-05 08:34:55; hka-aqm-am123;  29.84;  36.92;   420;   632;   879;   247;     1;     0;  -108;  -108;   6.0; drag-lps8-03; 3; 9; 125000; 22381
2023-07-05 08:35:17; hka-aqm-am123;  29.87;  36.92;   420;   631;   724;   198;     1;     0;  -118;  -118;  -2.5; drag-lps8-05; 1; 9; 125000; 22382
2023-07-05 08:35:40; hka-aqm-am123;  29.85;  36.89;   420;   637;   526;   137;     1;     1;  -118;  -118;  -2.5; drag-lps8-05; 2; 9; 125000; 22383
2023-07-05 08:36:07; hka-aqm-am123;  29.87;  36.85;   421;   620;  1015;   288;     1;     1;  -120;  -120;  -5.5; drag-lps8-05; 6; 9; 125000; 22384
2023-07-05 08:37:27; hka-aqm-am123;  29.90;  36.72;   427;   605;   941;   262;     1;     1;  -106;  -106;   7.5; drag-lps8-03; 1; 9; 125000; 22385
2023-07-05 08:37:50; hka-aqm-am123;  29.95;  36.75;   425;   600;   524;   135;     1;     0;  -108;  -108;   8.0; drag-lps8-03; 7; 9; 125000; 22386
2023-07-05 08:38:28; hka-aqm-am123;  29.93;  36.72;   421;   602;   394;   100;     0;     0;  -123;  -123;  -8.0; drag-lps8-05; 3; 9; 125000; 22387
2023-07-05 08:38:51; hka-aqm-am123;  29.98;  36.72;   420;   601;  1089;   310;     0;     1;  -104;  -104;   5.5; drag-lps8-03; 5; 9; 125000; 22388
2023-07-05 08:40:07; hka-aqm-am123;  30.06;  36.62;   421;   592;   784;   214;     1;     1;  -106;  -106;   7.8; drag-lps8-03; 4; 9; 125000; 22389
2023-07-05 08:40:29; hka-aqm-am123;  30.11;  36.59;   420;   590;   954;   266;     1;     0;  -111;  -111;   6.5; drag-lps8-03; 0; 9; 125000; 22390
2023-07-05 08:41:06; hka-aqm-am123;  30.11;  36.59;   424;   590;  1101;   312;     0;     1;  -114;  -114; nan; drag-lps8-03; 2; 9; 125000; 22391
2023-07-05 08:41:28; hka-aqm-am123;  30.15;  36.55;   422;   593;  1022;   287;     0;     0;  -109;  -109;   4.2; drag-lps8-03; 5; 9; 125000; 22392
2023-07-05 08:44:47; hka-aqm-am123;  30.22;  36.32;   422;   605;   727;   194;     1;     0;  -122;  -122;  -5.5; drag-lps8-05; 4; 9; 125000; 22393
2023-07-05 08:45:09; hka-aqm-am123;  30.22;  36.35;   421;   609;   324;    78;     1;     0;  -119;  -119;  -4.2; drag-lps8-05; 1; 9; 125000; 22394
2023-07-05 08:45:48; hka-aqm-am123;  30.22;  36.29;   420;   646;   710;   192;     1;     0;  -112;  -112;   1.0; drag-lps8-03; 3; 9; 125000; 22396
2023-07-05 08:46:27; hka-aqm-am123;  30.23;  36.16;   420;   650;   293;    73;     1;     0;  -113;  -113;   0.2; drag-lps8-03; 2; 9; 125000; 22398
2023-07-05 08:47:26; hka-aqm-am123;  30.19;  36.25;   424;   632;   357;    93;     1;     0;  -108;  -108;   5.5; drag-lps8-03; 7; 9; 125000; 22399
2023-07-05 08:47:48; hka-aqm-am123;  30.21;  36.25;   423;   599;   294;    75;     1;     0;  -125;  -125; -10.2; drag-lps8-05; 5; 9; 125000; 22400
2023-07-05 08:57:07; hka-aqm-am123;  30.26;  36.06;   424;   589;   349;    87;     1;     0;  -107;  -107;   5.0; drag-lps8-03; 2; 9; 125000; 22401
2023-07-05 08:57:30; hka-aqm-am123;  30.23;  36.06;   423;   596;   707;   186;     1;     0;  -105;  -105;   6.5; drag-lps8-03; 4; 9; 125000; 22402
2023-07-05 08:57:52; hka-aqm-am123;  30.22;  35.99;   423;   603;   916;   249;     1;     0;  -124;  -124;  -8.8; drag-lps8-05; 1; 9; 125000; 22403
2023-07-05 08:58:26; hka-aqm-am123;  30.26;  35.92;   427;   642;  1131;   311;     1;     0;  -112;  -112;   1.8; drag-lps8-03; 6; 9; 125000; 22404
2023-07-05 08:59:27; hka-aqm-am123;  30.26;  35.86;   423;   645;   427;   108;     0;     0;  -124;  -124;  -5.5; drag-lps8-05; 0; 9; 125000; 22405
2023-07-05 08:59:49; hka-aqm-am123;  30.28;  35.86;   423;   633;   356;    88;     1;     0;  -109;  -109;   6.2; drag-lps8-03; 7; 9; 125000; 22406
2023-07-05 09:00:12; hka-aqm-am123;  30.30;  35.86;   423;   625;   279;    68;     1;     0;  -109;  -109;   5.8; drag-lps8-03; 3; 9; 125000; 22407
2023-07-05 09:00:34; hka-aqm-am123;  30.30;  35.86;   423;   609;   451;   112;     1;     0;  -109;  -109;   7.2; drag-lps8-03; 0; 9; 125000; 22408
2023-07-05 09:00:57; hka-aqm-am123;  30.32;  35.72;   423;   607;  1126;   309;     1;     0;  -107;  -107;   6.2; drag-lps8-03; 2; 9; 125000; 22409
2023-07-05 09:03:27; hka-aqm-am123;  30.49;  35.52;   424;   608;   852;   226;     1;     0;  -121;  -121;  -6.2; drag-lps8-05; 1; 9; 125000; 22410
2023-07-05 09:03:50; hka-aqm-am123;  30.47;  35.52;   423;   606;  1151;   313;     0;     0;  -128;  -128;  -9.8; drag-lps8-05; 4; 9; 125000; 22411
2023-07-05 09:16:27; hka-aqm-am123;  30.95;  34.46;   420;   615;  1209;   321;     1;     0;  -126;  -126;  -8.5; drag-lps8-05; 6; 9; 125000; 22412
2023-07-05 09:19:06; hka-aqm-am123;  31.04;  34.32;   425;   617;   784;   200;     1;     0;  -129;  -129; -12.2; drag-lps8-05; 3; 9; 125000; 22413
2023-07-05 09:19:28; hka-aqm-am123;  31.08;  34.22;   424;   607;  1165;   307;     0;     0;  -105;  -105;   7.5; drag-lps8-03; 7; 9; 125000; 22414
2023-07-05 09:26:48; hka-aqm-am123;  31.30;  33.82;   424;   604;  1246;   329;     1;     0;  -107;  -107;   2.2; drag-lps8-03; 5; 9; 125000; 22415
2023-07-05 09:27:28; hka-aqm-am123;  31.32;  33.72;   422;   625;   433;   104;     0;     0;  -108;  -108;   7.5; drag-lps8-03; 4; 9; 125000; 22416
2023-07-05 09:27:50; hka-aqm-am123;  31.38;  33.72;   421;   616;   891;   230;     0;     0;  -118;  -118;  -3.0; drag-lps8-05; 2; 9; 125000; 22417
2023-07-05 09:28:46; hka-aqm-am123;  31.37;  33.69;   424;   617;  1243;   329;     0;     0;  -109;  -109;   5.0; drag-lps8-03; 6; 9; 125000; 22419
2023-07-05 09:30:07; hka-aqm-am123;  31.47;  33.59;   427;   616;  1026;   267;     0;     0;  -113;  -113;   3.2; drag-lps8-03; 5; 9; 125000; 22420
2023-07-05 09:30:29; hka-aqm-am123;  31.43;  33.55;   424;   610;   295;    71;     0;     0;  -112;  -112;   4.2; drag-lps8-03; 0; 9; 125000; 22421
2023-07-05 09:30:52; hka-aqm-am123;  31.48;  33.59;   422;   607;  1093;   287;     0;     0;  -130;  -130; -10.2; drag-lps8-05; 7; 9; 125000; 22422
2023-07-05 09:31:14; hka-aqm-am123;  31.49;  33.52;   422;   582;   950;   247;     0;     0;  -113;  -113;   3.0; drag-lps8-03; 3; 9; 125000; 22423
2023-07-05 09:31:37; hka-aqm-am123;  31.48;  33.45;   421;   608;  1215;   320;     0;     0;  -124;  -124;  -8.5; drag-lps8-05; 1; 9; 125000; 22424
2023-07-05 09:32:27; hka-aqm-am123;  31.57;  33.45;   427;   605;   855;   221;     0;     0;  -132;  -132; -13.5; drag-lps8-05; 4; 9; 125000; 22425
2023-07-05 09:32:49; hka-aqm-am123;  31.60;  33.42;   423;   602;   962;   248;     0;     0;  -113;  -113;   1.0; drag-lps8-03; 2; 9; 125000; 22426
2023-07-05 09:33:12; hka-aqm-am123;  31.58;  33.35;   422;   585;  1194;   312;     0;     0;  -128;  -128; -12.0; drag-lps8-05; 5; 9; 125000; 22427
2023-07-05 09:42:07; hka-aqm-am123;  31.88;  32.72;   419;   608;   211;    47;     1;     0;  -123;  -123;  -7.8; drag-lps8-03; 0; 9; 125000; 22428
2023-07-05 09:43:06; hka-aqm-am123;  31.91;  32.72;   422;   604;  1203;   315;     0;     0;  -114;  -114;   1.2; drag-lps8-03; 3; 9; 125000; 22429
2023-07-05 09:43:28; hka-aqm-am123;  31.92;  32.58;   420;   619;  1152;   298;     0;     0;  -111;  -111;   2.0; drag-lps8-03; 6; 9; 125000; 22430
2023-07-05 09:48:27; hka-aqm-am123;  32.05;  32.31;   425;   611;  1017;   261;     1;     0;  -114;  -114;   2.5; drag-lps8-03; 7; 9; 125000; 22431
2023-07-05 09:49:08; hka-aqm-am123;  32.06;  32.25;   428;   608;  1131;   292;     1;     0;  -133;  -133; -12.8; drag-lps8-05; 4; 9; 125000; 22432
2023-07-05 09:52:46; hka-aqm-am123;  32.14;  31.98;   421;   613;  1175;   303;     1;     0;  -114;  -114;   1.8; drag-lps8-03; 0; 9; 125000; 22433
2023-07-05 09:56:27; hka-aqm-am123;  32.24;  31.74;   419;   591;   195;    42;     1;     0;  -120;  -120;  -5.0; drag-lps8-03; 3; 9; 125000; 22434
2023-07-05 09:56:49; hka-aqm-am123;  32.26;  31.64;   419;   586;   272;    61;     0;     0;  -126;  -126;  -9.0; drag-lps8-05; 2; 9; 125000; 22435
2023-07-05 09:57:12; hka-aqm-am123;  32.21;  31.71;   418;   585;   214;    47;     0;     0;  -113;  -113;   3.2; drag-lps8-03; 1; 9; 125000; 22436
2023-07-05 09:57:34; hka-aqm-am123;  32.28;  31.68;   417;   587;   286;    64;     0;     0;  -112;  -112;   2.5; drag-lps8-03; 7; 9; 125000; 22437
2023-07-05 10:00:48; hka-aqm-am123;  32.25;  31.71;   423;   619;   512;   125;     1;     0;  -113;  -113;   2.5; drag-lps8-03; 6; 9; 125000; 22438
2023-07-05 10:01:27; hka-aqm-am123;  32.23;  31.74;   419;   608;   251;    59;     1;     0;  -115;  -115;  -1.0; drag-lps8-03; 3; 9; 125000; 22440
2023-07-05 10:03:27; hka-aqm-am123;  32.21;  31.71;   421;   625;  1159;   301;     1;     0;  -108;  -108;   5.2; drag-lps8-03; 5; 9; 125000; 22442
2023-07-05 10:04:06; hka-aqm-am123;  32.21;  31.71;   423;   615;   990;   253;     1;     0;  -122;  -122;  -6.5; drag-lps8-05; 4; 9; 125000; 22443
2023-07-05 10:04:28; hka-aqm-am123;  32.24;  31.61;   421;   614;  1105;   285;     1;     0;  -108;  -108;   5.0; drag-lps8-03; 6; 9; 125000; 22444
2023-07-05 10:05:28; hka-aqm-am123;  32.25;  31.58;   417;   594;   988;   252;     1;     0;  -125;  -125;  -6.2; drag-lps8-05; 7; 9; 125000; 22445
2023-07-05 10:05:50; hka-aqm-am123;  32.25;  31.58;   417;   594;  1129;   289;     0;     0;  -120;  -120;  -3.5; drag-lps8-05; 0; 9; 125000; 22446
2023-07-05 10:06:48; hka-aqm-am123;  32.27;  31.51;   417;   641;   774;   194;     1;     0;  -127;  -127; -12.0; drag-lps8-05; 1; 9; 125000; 22447
2023-07-05 10:07:11; hka-aqm-am123;  32.25;  31.54;   416;   620;   682;   169;     1;     0;  -111;  -111;   3.8; drag-lps8-03; 6; 9; 125000; 22448
2023-07-05 10:07:33; hka-aqm-am123;  32.27;  31.51;   416;   608;   315;    76;     0;     1;  -124;  -124;  -5.5; drag-lps8-05; 0; 9; 125000; 22449
2023-07-05 10:07:56; hka-aqm-am123;  32.28;  31.51;   416;   600;  1141;   293;     0;     1;  -123;  -123;  -9.2; drag-lps8-05; 5; 9; 125000; 22450
2023-07-05 10:09:47; hka-aqm-am123;  32.33;  31.44;   418;   598;   987;   251;     0;     1;  -124;  -124;  -6.8; drag-lps8-05; 4; 9; 125000; 22451
2023-07-05 10:10:09; hka-aqm-am123;  32.37;  31.37;   417;   597;   497;   121;     1;     0;  -119;  -119;  -4.2; drag-lps8-05; 1; 9; 125000; 22452
2023-07-05 10:10:46; hka-aqm-am123;  32.32;  31.37;   420;   597;   191;    44;     1;     0;  -111;  -111;   4.5; drag-lps8-03; 3; 9; 125000; 22453
2023-07-05 10:11:27; hka-aqm-am123;  32.37;  31.37;   417;   610;  1062;   271;     1;     0;  -114;  -114;   4.8; drag-lps8-03; 7; 9; 125000; 22454
2023-07-05 10:11:50; hka-aqm-am123;  32.41;  31.34;   416;   603;   471;   114;     0;     1;  -123;  -123;  -6.0; drag-lps8-05; 2; 9; 125000; 22455
2023-07-05 10:12:12; hka-aqm-am123;  32.32;  31.31;   415;   602;   268;    64;     0;     1;  -127;  -127; -10.0; drag-lps8-05; 3; 9; 125000; 22456
2023-07-05 10:14:07; hka-aqm-am123;  32.30;  31.37;   421;   620;   400;    98;     1;     0;  -111;  -111;   6.5; drag-lps8-03; 0; 9; 125000; 22457
2023-07-05 10:14:29; hka-aqm-am123;  32.33;  31.37;   418;   614;   250;    61;     1;     0;  -106;  -106;   8.5; drag-lps8-03; 1; 9; 125000; 22458
2023-07-05 10:15:48; hka-aqm-am123;  32.31;  31.41;   418;   609;   324;    77;     1;     0;  -112;  -112;   4.8; drag-lps8-03; 7; 9; 125000; 22459
2023-07-05 10:16:46; hka-aqm-am123;  32.30;  31.34;   422;   600;   667;   165;     1;     0;  -126;  -126; -11.5; drag-lps8-05; 6; 9; 125000; 22460
2023-07-05 10:17:08; hka-aqm-am123;  32.36;  31.31;   421;   596;  1009;   257;     0;     0;  -106;  -106;   0.5; drag-lps8-03; 5; 9; 125000; 22461
2023-07-05 10:17:47; hka-aqm-am123;  32.39;  31.24;   420;   581;   939;   236;     1;     0;  -111;  -111;   1.0; drag-lps8-03; 2; 9; 125000; 22463
2023-07-05 10:18:47; hka-aqm-am123;  32.35;  31.20;   417;   592;   490;   119;     0;     0;  -113;  -113;   1.8; drag-lps8-03; 3; 9; 125000; 22465
2023-07-05 10:19:10; hka-aqm-am123;  32.36;  31.24;   417;   595;   251;    59;     1;     0;  -111;  -111;   4.5; drag-lps8-03; 6; 9; 125000; 22466
2023-07-05 10:20:27; hka-aqm-am123;  32.35;  31.31;   417;   600;   678;   169;     1;     0;  -111;  -111;   5.2; drag-lps8-03; 0; 9; 125000; 22468
2023-07-05 10:21:06; hka-aqm-am123;  32.34;  31.24;   420;   597;  1076;   274;     0;     0;  -111;  -111;   5.8; drag-lps8-03; 4; 9; 125000; 22469
2023-07-05 10:21:28; hka-aqm-am123;  32.35;  31.24;   419;   598;   877;   219;     0;     0;  -108;  -108;   7.0; drag-lps8-03; 1; 9; 125000; 22470
2023-07-05 10:21:51; hka-aqm-am123;  32.36;  31.20;   418;   616;   508;   124;     0;     0;  -111;  -111;   5.2; drag-lps8-03; 7; 9; 125000; 22471
2023-07-05 10:22:13; hka-aqm-am123;  32.36;  31.20;   417;   612;  1096;   278;     0;     0;  -111;  -111;   6.2; drag-lps8-03; 0; 9; 125000; 22472
2023-07-05 10:23:07; hka-aqm-am123;  32.36;  31.17;   421;   605;   311;    76;     1;     0;  -115;  -115;   1.5; drag-lps8-03; 3; 9; 125000; 22473
2023-07-05 10:23:29; hka-aqm-am123;  32.40;  31.17;   419;   600;   259;    64;     0;     0;  -114;  -114;  -1.5; drag-lps8-03; 1; 9; 125000; 22474
2023-07-05 10:24:07; hka-aqm-am123;  32.33;  31.17;   419;   611;   375;    88;     1;     3;  -116;  -116;  -0.8; drag-lps8-03; 4; 9; 125000; 22475
2023-07-05 10:24:30; hka-aqm-am123;  32.34;  31.17;   418;   599;  1032;   261;     1;     1;  -128;  -128; -12.5; drag-lps8-05; 6; 9; 125000; 22476
2023-07-05 10:28:27; hka-aqm-am123;  32.45;  30.97;   417;   581;   916;   229;     2;     4;  -128;  -128;  -9.5; drag-lps8-05; 7; 9; 125000; 22478
2023-07-05 10:30:48; hka-aqm-am123;  32.52;  30.87;   418;   574;   305;    70;     1;     0;  -106;  -106;   1.8; drag-lps8-03; 5; 9; 125000; 22479
2023-07-05 10:32:06; hka-aqm-am123;  32.52;  30.90;   421;   583;   438;   103;     0;     2;  -125;  -125; -10.0; drag-lps8-05; 6; 9; 125000; 22481
2023-07-05 10:33:07; hka-aqm-am123;  32.48;  30.77;   422;   578;   985;   246;     0;     2;  -103;  -103;  10.0; drag-lps8-03; 4; 9; 125000; 22482
2023-07-05 10:35:08; hka-aqm-am123;  32.61;  30.63;   418;   561;   916;   228;     0;     0;  -127;  -127;  -7.8; drag-lps8-05; 5; 9; 125000; 22484
2023-07-05 10:35:47; hka-aqm-am123;  32.58;  30.60;   421;   567;   975;   246;     0;     0;  -108;  -108;   6.8; drag-lps8-03; 7; 9; 125000; 22485
2023-07-05 10:37:07; hka-aqm-am123;  32.61;  30.50;   417;   545;   792;   196;     1;     0;  -109;  -109;   7.2; drag-lps8-03; 0; 9; 125000; 22486
2023-07-05 10:37:47; hka-aqm-am123;  32.65;  30.43;   417;   560;   984;   248;     1;     0;  -128;  -128; -13.0; drag-lps8-05; 3; 9; 125000; 22488
2023-07-05 10:38:09; hka-aqm-am123;  32.68;  30.40;   417;   566;   891;   223;     1;     0;  -122;  -122;  -7.2; drag-lps8-05; 2; 9; 125000; 22489
2023-07-05 10:38:32; hka-aqm-am123;  32.65;  30.36;   417;   574;   362;    87;     1;     0;  -108;  -108;   7.2; drag-lps8-03; 4; 9; 125000; 22490
2023-07-05 10:39:06; hka-aqm-am123;  32.60;  30.36;   421;   598;   259;    61;     1;     0;  -109;  -109;   6.0; drag-lps8-03; 0; 9; 125000; 22491
2023-07-05 10:42:27; hka-aqm-am123;  32.70;  30.16;   416;   576;   307;    74;     1;     0;  -114;  -114;   3.8; drag-lps8-03; 7; 9; 125000; 22494
2023-07-05 10:43:46; hka-aqm-am123;  32.69;  30.16;   418;   567;   260;    61;     0;     0;  -112;  -112;   2.2; drag-lps8-03; 3; 10; 125000; 22497
2023-07-05 10:45:47; hka-aqm-am123;  32.67;  30.09;   420;   575;   950;   240;     0;     0;  -126;  -126;  -9.5; drag-lps8-05; 1; 10; 125000; 22499
2023-07-05 10:46:28; hka-aqm-am123;  32.66;  30.09;   419;   571;   268;    66;     0;     0;  -125;  -125; -11.2; drag-lps8-05; 4; 10; 125000; 22500
2023-07-05 10:47:48; hka-aqm-am123;  32.65;  30.09;   423;   637;   892;   223;     1;     0;  -110;  -110;   3.5; drag-lps8-03; 6; 10; 125000; 22502
2023-07-05 10:49:46; hka-aqm-am123;  32.63;  29.96;   419;   581;   242;    57;     1;     0;  -112;  -112;   0.8; drag-lps8-03; 2; 10; 125000; 22503
2023-07-05 10:50:27; hka-aqm-am123;  32.62;  29.96;   417;   595;   884;   219;     1;     0;  -109;  -109;   4.5; drag-lps8-03; 4; 10; 125000; 22504
2023-07-05 10:51:08; hka-aqm-am123;  32.62;  29.89;   415;   579;   238;    55;     1;     0;  -110;  -110;   2.2; drag-lps8-03; 2; 10; 125000; 22505
2023-07-05 10:52:06; hka-aqm-am123;  32.52;  29.89;   417;   547;   388;    92;     1;     0;  -114;  -114;   2.0; drag-lps8-03; 1; 10; 125000; 22506
2023-07-05 10:52:47; hka-aqm-am123;  32.57;  29.96;   415;   595;   825;   205;     1;     0;  -132;  -132; -13.0; drag-lps8-05; 0; 10; 125000; 22507
2023-07-05 11:05:26; hka-aqm-am123;  32.76;  29.48;   416;   574;   196;    44;     1;     0;  -111;  -111;   3.2; drag-lps8-03; 7; 10; 125000; 22508
2023-07-05 11:06:07; hka-aqm-am123;  32.72;  29.42;   414;   548;   686;   169;     0;     0;  -111;  -111;   3.0; drag-lps8-03; 6; 10; 125000; 22509
2023-07-05 11:09:07; hka-aqm-am123;  32.70;  29.21;   418;   550;   374;    87;     0;     0;  -111;  -111;   3.0; drag-lps8-03; 3; 10; 125000; 22510
2023-07-05 11:09:48; hka-aqm-am123;  32.76;  29.28;   416;   550;   582;   141;     0;     0;  -110;  -110;  -2.0; drag-lps8-03; 5; 10; 125000; 22511
2023-07-05 11:11:07; hka-aqm-am123;  32.76;  29.08;   417;   562;   494;   120;     0;     0;  -115;  -115;   4.2; drag-lps8-03; 7; 10; 125000; 22512
2023-07-05 11:12:06; hka-aqm-am123;  32.72;  29.08;   424;   586;   183;    41;     1;     0;  -130;  -130; -15.5; drag-lps8-05; 1; 10; 125000; 22513
2023-07-05 11:15:27; hka-aqm-am123;  32.63;  29.21;   423;   572;   244;    58;     1;     0;  -111;  -111;   4.0; drag-lps8-03; 4; 10; 125000; 22514
2023-07-05 11:16:26; hka-aqm-am123;  32.63;  29.08;   422;   566;   676;   170;     1;     0;  -110;  -110;   4.2; drag-lps8-03; 3; 10; 125000; 22515
2023-07-05 11:19:07; hka-aqm-am123;  32.62;  29.08;   414;   550;   268;    62;     1;     0;  -111;  -111;   1.2; drag-lps8-03; 2; 10; 125000; 22516
2023-07-05 11:20:48; hka-aqm-am123;  32.63;  29.04;   416;   568;   534;   137;     1;     0;  -110;  -110;   3.5; drag-lps8-03; 0; 10; 125000; 22517
2023-07-05 11:21:48; hka-aqm-am123;  32.69;  29.08;   415;   552;   266;    63;     0;     0;  -108;  -108;  -2.0; drag-lps8-03; 5; 10; 125000; 22518
2023-07-05 11:24:08; hka-aqm-am123;  32.61;  29.11;   413;   551;   545;   133;     1;     0;  -106;  -106;   3.5; drag-lps8-03; 6; 10; 125000; 22519
2023-07-05 11:25:47; hka-aqm-am123;  32.64;  29.08;   415;   550;   414;    99;     1;     0;  -130;  -130; -15.2; drag-lps8-05; 0; 10; 125000; 22520
2023-07-05 11:26:28; hka-aqm-am123;  32.64;  29.01;   414;   548;   553;   136;     1;     0;  -129;  -129; -15.2; drag-lps8-05; 6; 10; 125000; 22521
2023-07-05 11:28:06; hka-aqm-am123;  32.60;  29.01;   416;   520;   350;    83;     1;     0;  -113;  -113;   4.0; drag-lps8-03; 4; 10; 125000; 22522
2023-07-05 11:28:47; hka-aqm-am123;  32.60;  29.08;   415;   528;   452;   110;     1;     0;  -111;  -111;  -4.0; drag-lps8-03; 5; 10; 125000; 22523
2023-07-05 11:29:48; hka-aqm-am123;  32.59;  29.04;   415;   557;   363;    86;     1;     0;  -127;  -127; -13.2; drag-lps8-05; 2; 10; 125000; 22524
2023-07-05 11:30:29; hka-aqm-am123;  32.56;  29.08;   417;   550;   198;    46;     1;     0;  -104;  -104;   3.8; drag-lps8-03; 3; 10; 125000; 22525
2023-07-05 11:32:47; hka-aqm-am123;  32.50;  29.08;   414;   548;   537;   134;     1;     2;  -132;  -132; -14.8; drag-lps8-05; 7; 10; 125000; 22526
2023-07-05 11:33:28; hka-aqm-am123;  32.54;  29.08;   414;   546;   217;    53;     0;     1;  -113;  -113;   3.2; drag-lps8-03; 1; 10; 125000; 22527
2023-07-05 11:34:09; hka-aqm-am123;  32.51;  29.08;   413;   548;   205;    49;     1;     2;  -113;  -113;   3.0; drag-lps8-03; 2; 10; 125000; 22528
2023-07-05 11:34:50; hka-aqm-am123;  32.54;  29.08;   411;   534;   254;    61;     1;     2;  -110;  -110;   4.0; drag-lps8-03; 3; 10; 125000; 22529
2023-07-05 11:35:31; hka-aqm-am123;  32.53;  29.08;   415;   537;   199;    47;     1;     2;  -113;  -113;   4.0; drag-lps8-03; 4; 10; 125000; 22530
2023-07-05 11:39:48; hka-aqm-am123;  32.42;  29.08;   417;   542;   444;   111;     1;     2;  -112;  -112;   4.5; drag-lps8-03; 7; 10; 125000; 22531
2023-07-05 11:40:29; hka-aqm-am123;  32.39;  29.04;   417;   542;   167;    39;     1;     0;  -110;  -110;  -5.2; drag-lps8-03; 5; 10; 125000; 22532
2023-07-05 11:43:07; hka-aqm-am123;  32.36;  29.08;   415;   566;   444;   110;     1;     7;  -111;  -111;   3.2; drag-lps8-03; 1; 10; 125000; 22533
2023-07-05 11:47:27; hka-aqm-am123;  32.36;  29.01;   415;   536;   297;    70;     1;     7;  -131;  -131; -16.0; drag-lps8-05; 6; 10; 125000; 22534
2023-07-05 11:48:08; hka-aqm-am123;  32.35;  29.01;   413;   535;   180;    41;     0;     2;  -131;  -131; -14.0; drag-lps8-05; 0; 10; 125000; 22535
2023-07-05 11:49:48; hka-aqm-am123;  32.34;  28.94;   418;   514;   383;    96;     1;     2;  -130;  -130; -14.8; drag-lps8-05; 5; 10; 125000; 22536
2023-07-05 11:57:08; hka-aqm-am123;  32.34;  29.08;   416;   533;   279;    66;     1;     2;  -104;  -104;   4.8; drag-lps8-03; 3; 10; 125000; 22537
2023-07-05 11:57:49; hka-aqm-am123;  32.33;  29.01;   415;   534;   344;    84;     0;     0;  -111;  -111;   3.5; drag-lps8-03; 2; 10; 125000; 22538
2023-07-05 12:00:27; hka-aqm-am123;  32.24;  29.08;   421;   547;   222;    52;     1;     0;  -104;  -104;   4.2; drag-lps8-03; 1; 10; 125000; 22539
2023-07-05 12:01:08; hka-aqm-am123;  32.27;  29.14;   420;   567;   171;    39;     1;     0;  -114;  -114;   5.8; drag-lps8-03; 0; 10; 125000; 22540
2023-07-05 12:01:49; hka-aqm-am123;  32.21;  29.01;   418;   553;   325;    79;     1;     0;  -107;  -107;   5.0; drag-lps8-03; 4; 10; 125000; 22541
2023-07-05 12:02:30; hka-aqm-am123;  32.21;  29.11;   422;   549;   154;    36;     1;     0;  -111;  -111;   3.8; drag-lps8-03; 6; 10; 125000; 22542
2023-07-05 12:03:11; hka-aqm-am123;  32.21;  29.21;   424;   569;   320;    80;     1;     0;  -111;  -111;   5.8; drag-lps8-03; 7; 10; 125000; 22543
2023-07-05 12:03:52; hka-aqm-am123;  32.19;  29.11;   419;   561;   322;    82;     1;     0;  -109;  -109;   8.0; drag-lps8-03; 6; 10; 125000; 22544
2023-07-05 12:04:48; hka-aqm-am123;  32.22;  29.21;   420;   592;   160;    38;     1;     0;  -108;  -108;   4.0; drag-lps8-03; 5; 10; 125000; 22545
2023-07-05 12:05:29; hka-aqm-am123;  32.16;  29.08;   423;   577;   250;    61;     2;     0;  -111;  -111;   4.2; drag-lps8-03; 3; 10; 125000; 22546
2023-07-05 12:11:07; hka-aqm-am123;  32.19;  29.21;   420;   561;   185;    44;     1;     1;  -128;  -128; -13.0; drag-lps8-05; 2; 10; 125000; 22547
2023-07-05 12:11:48; hka-aqm-am123;  32.20;  29.21;   420;   558;   317;    79;     0;     0;  -114;  -114;   4.8; drag-lps8-03; 0; 10; 125000; 22548
2023-07-05 12:14:27; hka-aqm-am123;  32.13;  29.21;   420;   580;   322;    82;     1;     0;  -112;  -112;   4.0; drag-lps8-03; 7; 10; 125000; 22549
2023-07-05 12:29:33; hka-aqm-am123;  32.03;  29.25;   427;   554;   228;    56;     1;     0;  -130;  -130; -15.5; drag-lps8-05; 4; 10; 125000; 22550
2023-07-05 12:30:14; hka-aqm-am123;  32.07;  29.18;   420;   583;   175;    41;     1;     0;  -130;  -130; -15.5; drag-lps8-05; 1; 10; 125000; 22551
2023-07-05 12:45:21; hka-aqm-am123;  31.87;  29.35;   417;   550;   190;    46;     0;     0;  -112;  -112;   3.2; drag-lps8-03; 2; 10; 125000; 22552
2023-07-05 12:51:27; hka-aqm-am123;  31.81;  29.35;   419;   571;   177;    43;     1;     0;  -104;  -104;   4.5; drag-lps8-03; 1; 10; 125000; 22553
2023-07-05 12:52:47; hka-aqm-am123;  31.79;  29.35;   417;   567;   257;    66;     1;     0;  -111;  -111;   5.0; drag-lps8-03; 4; 10; 125000; 22554
2023-07-05 12:58:27; hka-aqm-am123;  31.72;  29.35;   420;   550;   180;    43;     1;     0;  -111;  -111;   5.5; drag-lps8-03; 7; 10; 125000; 22555
2023-07-05 13:07:46; hka-aqm-am123;  31.58;  29.42;   427;   546;   228;    58;     1;     1;  -109;  -109;   4.0; drag-lps8-03; 5; 10; 125000; 22556
2023-07-05 13:08:27; hka-aqm-am123;  31.59;  29.48;   421;   539;   143;    33;     1;     0;  -133;  -133; -15.2; drag-lps8-05; 0; 10; 125000; 22557
2023-07-05 13:12:26; hka-aqm-am123;  31.58;  29.55;   424;   557;   144;    34;     0;     0;  -111;  -111;   5.0; drag-lps8-03; 6; 10; 125000; 22558
2023-07-05 13:13:07; hka-aqm-am123;  31.56;  29.55;   421;   552;   222;    57;     1;     0;  -107;  -107;   2.8; drag-lps8-03; 3; 10; 125000; 22559
2023-07-05 13:13:48; hka-aqm-am123;  31.54;  29.55;   420;   552;   159;    38;     1;     0;  -111;  -111;   4.0; drag-lps8-03; 6; 10; 125000; 22560
2023-07-05 13:15:46; hka-aqm-am123;  31.52;  29.55;   429;   570;   227;    58;     1;     0;  -107;  -107;   4.2; drag-lps8-03; 4; 10; 125000; 22561
2023-07-05 13:20:26; hka-aqm-am123;  31.49;  29.55;   426;   546;   128;    29;     1;     0;  -113;  -113;   4.8; drag-lps8-03; 3; 10; 125000; 22562
2023-07-05 13:22:47; hka-aqm-am123;  31.44;  29.62;   420;   554;   195;    50;     1;     0;  -107;  -107;   4.2; drag-lps8-03; 1; 10; 125000; 22563
2023-07-05 13:24:08; hka-aqm-am123;  31.44;  29.62;   420;   560;   195;    49;     0;     0;  -114;  -114;   5.5; drag-lps8-03; 7; 10; 125000; 22564
2023-07-05 13:29:07; hka-aqm-am123;  31.37;  29.69;   424;   556;   114;    25;     1;     0;  -108;  -108;   3.0; drag-lps8-03; 5; 10; 125000; 22565
2023-07-05 13:31:47; hka-aqm-am123;  31.33;  29.65;   424;   593;    98;    20;     1;     1;  -112;  -112;   5.8; drag-lps8-03; 0; 10; 125000; 22566
2023-07-05 13:32:47; hka-aqm-am123;  31.33;  29.65;   418;   560;   168;    41;     0;     0;  -107;  -107;   3.5; drag-lps8-03; 2; 10; 125000; 22567
2023-07-05 13:37:07; hka-aqm-am123;  31.32;  29.69;   418;   544;   165;    41;     0;     0;  -113;  -113;   4.0; drag-lps8-03; 0; 10; 125000; 22568
2023-07-05 13:38:07; hka-aqm-am123;  31.33;  29.75;   421;   554;    84;    17;     0;     0;  -105;  -105;   4.8; drag-lps8-03; 4; 10; 125000; 22569
2023-07-05 13:39:47; hka-aqm-am123;  31.29;  29.69;   420;   550;   177;    44;     1;     0;  -113;  -113;   3.8; drag-lps8-03; 1; 10; 125000; 22570
2023-07-05 13:40:28; hka-aqm-am123;  31.30;  29.75;   421;   586;    99;    21;     0;     0;  -110;  -110;   4.2; drag-lps8-03; 7; 10; 125000; 22571
2023-07-05 13:42:06; hka-aqm-am123;  31.27;  29.79;   424;   553;   173;    43;     1;     0;  -111;  -111;   3.2; drag-lps8-03; 6; 10; 125000; 22572
2023-07-05 13:43:07; hka-aqm-am123;  31.26;  29.75;   420;   558;   116;    26;     1;     0;  -108;  -108;   4.0; drag-lps8-03; 5; 10; 125000; 22573
2023-07-05 13:45:47; hka-aqm-am123;  31.16;  29.75;   428;   538;   192;    49;     1;     0;  -132;  -132; -14.8; drag-lps8-05; 2; 10; 125000; 22574
2023-07-05 13:55:08; hka-aqm-am123;  31.16;  29.75;   420;   570;   111;    25;     1;     0;  -111;  -111;   3.8; drag-lps8-03; 3; 10; 125000; 22575
2023-07-05 14:00:48; hka-aqm-am123;  31.11;  29.82;   421;   547;   196;    51;     1;     0;  -113;  -113;   4.0; drag-lps8-03; 6; 10; 125000; 22576
2023-07-05 14:06:27; hka-aqm-am123;  31.04;  29.75;   419;   536;   111;    26;     1;     0;  -109;  -109;   4.2; drag-lps8-03; 5; 10; 125000; 22577
2023-07-05 14:07:08; hka-aqm-am123;  31.06;  29.75;   419;   535;   181;    46;     0;     0;  -114;  -114;   2.8; drag-lps8-03; 1; 10; 125000; 22578
2023-07-05 14:08:28; hka-aqm-am123;  31.02;  29.82;   419;   548;   189;    49;     0;     0;  -111;  -111;   3.2; drag-lps8-03; 2; 10; 125000; 22579
2023-07-05 14:22:27; hka-aqm-am123;  31.00;  29.69;   417;   535;   121;    28;     1;     0;  -109;  -109;   5.5; drag-lps8-03; 4; 10; 125000; 22580
2023-07-05 14:29:27; hka-aqm-am123;  30.91;  29.69;   415;   551;   102;    22;     1;     0;  -111;  -111;   5.0; drag-lps8-03; 0; 10; 125000; 22581
2023-07-05 14:30:08; hka-aqm-am123;  30.92;  29.69;   415;   549;   186;    48;     0;     0;  -112;  -112;   5.0; drag-lps8-03; 7; 10; 125000; 22582
2023-07-05 14:38:26; hka-aqm-am123;  30.84;  29.69;   421;   548;    90;    19;     1;     0;  -106;  -106;   4.0; drag-lps8-03; 3; 10; 125000; 22583
2023-07-05 14:39:08; hka-aqm-am123;  30.87;  29.69;   418;   558;   174;    45;     0;     0;  -112;  -112;   5.2; drag-lps8-03; 7; 10; 125000; 22584
2023-07-05 14:54:14; hka-aqm-am123;  30.77;  29.62;   418;   558;   163;    43;     0;     0;  -131;  -131; -15.8; drag-lps8-05; 1; 10; 125000; 22585
2023-07-05 15:09:21; hka-aqm-am123;  30.76;  29.55;   415;   547;   176;    46;     0;     0;  -114;  -114;   4.8; drag-lps8-03; 0; 10; 125000; 22586
2023-07-05 15:13:26; hka-aqm-am123;  30.70;  29.48;   412;   575;    95;    21;     1;     1;  -109;  -109;   1.5; drag-lps8-03; 5; 10; 125000; 22587
2023-07-05 15:15:27; hka-aqm-am123;  30.74;  29.55;   417;   552;   188;    50;     0;     0;  -111;  -111;   5.0; drag-lps8-03; 4; 10; 125000; 22588
2023-07-05 15:22:07; hka-aqm-am123;  30.69;  29.48;   411;   579;   179;    46;     1;     0;  -108;  -108;   4.0; drag-lps8-03; 6; 10; 125000; 22589
2023-07-05 15:37:14; hka-aqm-am123;  30.67;  29.45;   414;   558;   171;    44;     1;     1;  -114;  -114; nan; drag-lps8-03; 2; 10; 125000; 22590
2023-07-05 15:52:20; hka-aqm-am123;  30.63;  29.35;   419;   574;   171;    44;     0;     0;  -105;  -105;   4.8; drag-lps8-03; 3; 10; 125000; 22591
2023-07-05 16:07:28; hka-aqm-am123;  30.55;  29.35;   412;   552;   164;    44;     1;     1;  -112;  -112;   5.0; drag-lps8-03; 0; 10; 125000; 22592
2023-07-05 16:09:27; hka-aqm-am123;  30.56;  29.35;   416;   610;   100;    24;     1;     1;  -110;  -110;   5.0; drag-lps8-03; 7; 10; 125000; 22593
2023-07-05 16:10:09; hka-aqm-am123;  30.52;  29.31;   414;   596;   166;    43;     1;     0;  -109;  -109;   4.2; drag-lps8-03; 6; 10; 125000; 22594
2023-07-05 16:10:50; hka-aqm-am123;  30.52;  29.28;   412;   577;    87;    19;     1;     0;  -107;  -107;   3.5; drag-lps8-03; 2; 10; 125000; 22595
2023-07-05 16:13:25; hka-aqm-am123;  30.54;  29.28;   415;   554;   132;    33;     1;     0;  -111;  -111;   4.2; drag-lps8-03; 3; 10; 125000; 22596
2023-07-05 16:23:06; hka-aqm-am123;  30.54;  29.28;   416;   567;   101;    20;     1;     0;  -107;  -107;   3.8; drag-lps8-03; 5; 10; 125000; 22597
2023-07-05 16:30:48; hka-aqm-am123;  30.52;  29.28;   407;   552;   170;    46;     1;     0;  -114;  -114;   1.8; drag-lps8-03; 1; 10; 125000; 22598
2023-07-05 16:39:47; hka-aqm-am123;  30.43;  29.21;   408;   561;    75;    15;     1;     0;  -105;  -105;   4.0; drag-lps8-03; 4; 10; 125000; 22599
2023-07-05 16:40:28; hka-aqm-am123;  30.41;  29.21;   408;   558;   160;    42;     1;     0;  -113;  -113;   4.0; drag-lps8-03; 3; 10; 125000; 22600
2023-07-05 16:54:27; hka-aqm-am123;  30.44;  29.14;   412;   524;    81;    17;     1;     1;  -106;  -106;   4.2; drag-lps8-03; 5; 10; 125000; 22601
2023-07-05 17:09:34; hka-aqm-am123;  30.39;  29.08;   410;   559;   158;    41;     1;     0;  -111;  -111;   4.0; drag-lps8-03; 4; 10; 125000; 22602
2023-07-05 17:23:08; hka-aqm-am123;  30.35;  29.01;   410;   565;    93;    21;     1;     0;  -110;  -110;   4.0; drag-lps8-03; 1; 10; 125000; 22603
2023-07-05 17:38:14; hka-aqm-am123;  30.37;  28.94;   412;   570;   164;    43;     1;     0;  -131;  -131; -16.0; drag-lps8-05; 2; 10; 125000; 22604
2023-07-05 17:52:05; hka-aqm-am123;  30.29;  28.91;   413;   575;    73;    15;     1;     0;  -111;  -111;   4.5; drag-lps8-03; 7; 10; 125000; 22605
2023-07-05 17:53:27; hka-aqm-am123;  30.31;  28.94;   416;   569;   161;    43;     1;     0;  -133;  -133; -16.2; drag-lps8-05; 0; 10; 125000; 22606
2023-07-05 17:57:26; hka-aqm-am123;  30.31;  28.94;   417;   574;   107;    26;     1;     0;  -110;  -110;   4.0; drag-lps8-03; 6; 10; 125000; 22607
2023-07-05 17:58:26; hka-aqm-am123;  30.33;  28.87;   412;   561;   175;    47;     0;     0;  -112;  -112;   3.0; drag-lps8-03; 1; 10; 125000; 22608
2023-07-05 18:00:25; hka-aqm-am123;  30.36;  28.87;   415;   577;    98;    23;     1;     0;  -110;  -110;   4.2; drag-lps8-03; 6; 10; 125000; 22609
2023-07-05 18:04:47; hka-aqm-am123;  30.31;  28.84;   409;   577;    94;    22;     1;     0;  -133;  -133; -15.8; drag-lps8-05; 2; 10; 125000; 22610
2023-07-05 18:09:25; hka-aqm-am123;  30.27;  28.87;   412;   571;   149;    40;     1;     0;  -104;  -104;   4.5; drag-lps8-03; 3; 10; 125000; 22611
2023-07-05 18:15:05; hka-aqm-am123;  30.23;  28.84;   416;   542;   169;    48;     1;     0;  -111;  -111;   5.2; drag-lps8-03; 4; 10; 125000; 22612
2023-07-05 18:16:27; hka-aqm-am123;  30.24;  28.87;   412;   577;   107;    27;     1;     0;  -110;  -110;   5.5; drag-lps8-03; 0; 10; 125000; 22613
2023-07-05 18:17:25; hka-aqm-am123;  30.26;  28.84;   415;   572;    87;    22;     1;     0;  -111;  -111;   4.2; drag-lps8-03; 5; 10; 125000; 22614
2023-07-05 18:20:26; hka-aqm-am123;  30.32;  28.84;   409;   572;    81;    18;     1;     0;  -111;  -111;   4.5; drag-lps8-03; 7; 10; 125000; 22615
2023-07-05 18:21:07; hka-aqm-am123;  30.31;  28.87;   413;   568;   163;    44;     0;     0;  -113;  -113;   4.2; drag-lps8-03; 6; 10; 125000; 22616
2023-07-05 18:30:45; hka-aqm-am123;  30.23;  28.84;   417;   566;   155;    42;     1;     0;  -131;  -131; -15.8; drag-lps8-05; 2; 10; 125000; 22617
2023-07-05 18:33:47; hka-aqm-am123;  30.22;  28.87;   419;   563;    71;    15;     0;     0;  -111;  -111;   5.0; drag-lps8-03; 7; 10; 125000; 22618
2023-07-05 18:36:08; hka-aqm-am123;  30.23;  28.87;   414;   569;   148;    40;     0;     0;  -111;  -111;   3.5; drag-lps8-03; 0; 10; 125000; 22619
2023-07-05 18:39:05; hka-aqm-am123;  30.20;  28.87;   416;   536;    64;    15;     1;     0;  -111;  -111;   4.5; drag-lps8-03; 4; 10; 125000; 22620
2023-07-05 18:41:07; hka-aqm-am123;  30.20;  28.87;   408;   591;   127;    34;     1;     0;  -109;  -109;   3.5; drag-lps8-03; 5; 10; 125000; 22621
2023-07-05 18:50:45; hka-aqm-am123;  30.19;  28.87;   416;   592;    63;    14;     1;     0;  -109;  -109;   3.8; drag-lps8-03; 3; 10; 125000; 22622
2023-07-05 18:54:47; hka-aqm-am123;  30.18;  28.87;   412;   575;   141;    38;     1;     0;  -133;  -133; -16.2; drag-lps8-05; 1; 10; 125000; 22623
2023-07-05 19:02:26; hka-aqm-am123;  30.18;  28.91;   413;   606;    60;    13;     1;     0;  -111;  -111;   5.0; drag-lps8-03; 4; 10; 125000; 22624
2023-07-05 19:03:07; hka-aqm-am123;  30.14;  28.91;   411;   589;   127;    34;     0;     0;  -107;  -107;   3.5; drag-lps8-03; 6; 10; 125000; 22625
2023-07-05 19:07:27; hka-aqm-am123;  30.14;  28.87;   409;   573;    55;    13;     1;     0;  -131;  -131; -14.0; drag-lps8-05; 2; 10; 125000; 22626
2023-07-05 19:22:33; hka-aqm-am123;  30.03;  29.01;   416;   607;    78;    19;     0;     0;  -107;  -107;   4.8; drag-lps8-03; 3; 10; 125000; 22627
2023-07-05 19:37:40; hka-aqm-am123;  29.95;  29.08;   410;   586;    39;     7;     0;     0;  -109;  -109;   3.8; drag-lps8-03; 1; 10; 125000; 22628
2023-07-05 19:52:48; hka-aqm-am123;  29.85;  29.21;   413;   557;    53;    13;     1;     0;  -108;  -108;   4.8; drag-lps8-03; 5; 10; 125000; 22629
2023-07-05 20:07:54; hka-aqm-am123;  29.79;  29.28;   415;   583;    67;    19;     0;     0;  -135;  -135; -14.0; drag-lps8-05; 0; 10; 125000; 22630
2023-07-05 20:23:01; hka-aqm-am123;  29.73;  29.31;   417;   585;    61;    18;     1;     0;  -104;  -104;   5.2; drag-lps8-03; 7; 10; 125000; 22631
2023-07-05 20:38:08; hka-aqm-am123;  29.73;  29.28;   415;   592;    34;     9;     1;     0;  -111;  -111;   4.5; drag-lps8-03; 6; 10; 125000; 22632
2023-07-05 20:53:14; hka-aqm-am123;  29.68;  29.25;   411;   583;    20;     4;     0;     0;  -107;  -107;   5.8; drag-lps8-03; 4; 10; 125000; 22633
2023-07-05 21:08:21; hka-aqm-am123;  29.58;  29.42;   416;   572;    13;     2;     0;     0;  -133;  -133; -14.2; drag-lps8-05; 2; 10; 125000; 22634
2023-07-05 21:23:27; hka-aqm-am123;  29.48;  29.48;   415;   572;     8;     1;     1;     0;  -132;  -132; -14.5; drag-lps8-05; 1; 10; 125000; 22635
2023-07-05 21:38:34; hka-aqm-am123;  29.36;  29.58;   412;   604;     9;     3;     0;     0;  -111;  -111;   4.8; drag-lps8-03; 5; 10; 125000; 22636
2023-07-05 21:53:41; hka-aqm-am123;  29.27;  29.69;   413;   585;     6;     0;     0;     0;  -107;  -107;   4.8; drag-lps8-03; 3; 10; 125000; 22637
2023-07-05 22:08:48; hka-aqm-am123;  29.15;  29.82;   418;   588;     6;     0;     1;     0;  -112;  -112;   5.2; drag-lps8-03; 0; 10; 125000; 22638
2023-07-05 22:23:54; hka-aqm-am123;  29.10;  29.89;   413;   629;     6;     0;     1;     0;  -110;  -110;   5.0; drag-lps8-03; 7; 10; 125000; 22639
2023-07-05 22:39:01; hka-aqm-am123;  29.08;  29.89;   411;   606;     6;     0;     0;     0;  -132;  -132; -15.5; drag-lps8-05; 1; 10; 125000; 22640
2023-07-05 22:54:07; hka-aqm-am123;  29.02;  29.89;   415;   597;     8;     2;     1;     0;  -135;  -135; -15.0; drag-lps8-05; 7; 10; 125000; 22641
2023-07-05 23:09:14; hka-aqm-am123;  28.97;  29.89;   415;   604;     8;     2;     0;     0;  -109;  -109;   3.8; drag-lps8-03; 2; 10; 125000; 22642
2023-07-05 23:24:21; hka-aqm-am123;  28.93;  29.96;   411;   620;     7;     1;     1;     0;  -106;  -106;   4.2; drag-lps8-03; 3; 10; 125000; 22643
2023-07-05 23:39:28; hka-aqm-am123;  28.87;  29.96;   412;   595;     6;     1;     1;     0;  -132;  -132; -13.5; drag-lps8-05; 0; 10; 125000; 22644
2023-07-05 23:54:34; hka-aqm-am123;  28.81;  29.96;   414;   600;     6;     1;     1;     0;  -106;  -106;   4.5; drag-lps8-03; 6; 10; 125000; 22645
