# Logfile LoRaWAN TTN/TTS V3 logger version hka-log V 1.1
date_time;device_id;tmp;hum;CO2;VOC;vis;IR;WIFI;BLE;rssi;channel_rssi;snr;gateway;channel_index;spreading_factor;bandwidth;f_cnt
2023-05-11 00:12:43; hka-aqm-am308;  25.92;  36.49;   439;  1062;     5;     1;     1;     0;   -87;   -87;   8.0; drag-lps8-05; 5; 8; 125000; 15400
2023-05-11 00:27:51; hka-aqm-am308;  25.92;  36.52;   435;  1067;     7;     3;     5;    11;   -87;   -87;  11.2; drag-lps8-05; 4; 8; 125000; 15401
2023-05-11 00:42:57; hka-aqm-am308;  25.90;  36.62;   434;  1039;     4;     0;     1;     0;   -88;   -88;  10.8; drag-lps8-05; 7; 8; 125000; 15402
2023-05-11 00:58:03; hka-aqm-am308;  25.90;  36.65;   436;  1024;     4;     1;     2;     0;   -80;   -80;  10.2; drag-lps8-05; 0; 8; 125000; 15403
2023-05-11 01:13:12; hka-aqm-am308;  25.89;  36.69;   443;  1057;     4;     0;     5;    11;   -85;   -85;  11.8; drag-lps8-05; 1; 8; 125000; 15404
2023-05-11 01:28:18; hka-aqm-am308;  25.87;  36.72;   438;  1045;     4;     0;     3;     0;   -87;   -87;  12.2; drag-lps8-05; 6; 8; 125000; 15405
2023-05-11 01:43:24; hka-aqm-am308;  25.85;  36.72;   433;  1082;     4;     0;     2;     0;   -90;   -90;  12.0; drag-lps8-05; 3; 8; 125000; 15406
2023-05-11 01:58:31; hka-aqm-am308;  25.84;  36.79;   432;  1025;     7;     3;     5;    11;   -85;   -85;   8.8; drag-lps8-05; 2; 8; 125000; 15407
2023-05-11 02:13:37; hka-aqm-am308;  25.84;  36.82;   435;  1043;     7;     3;     1;     0;   -89;   -89;  12.2; drag-lps8-05; 3; 8; 125000; 15408
2023-05-11 02:28:44; hka-aqm-am308;  25.85;  36.85;   435;  1011;     4;     0;     2;     0;   -86;   -86;   9.5; drag-lps8-05; 7; 8; 125000; 15409
2023-05-11 02:43:51; hka-aqm-am308;  25.82;  36.92;   427;  1043;     4;     0;     5;    11;   -84;   -84;  10.0; drag-lps8-05; 0; 8; 125000; 15410
2023-05-11 02:58:57; hka-aqm-am308;  25.81;  36.92;   438;  1033;     4;     0;     2;     0;   -86;   -86;  11.2; drag-lps8-05; 4; 8; 125000; 15411
2023-05-11 03:14:03; hka-aqm-am308;  25.79;  36.95;   436;  1041;     4;     0;     1;     0;   -87;   -87;  12.2; drag-lps8-05; 6; 8; 125000; 15412
2023-05-11 03:29:11; hka-aqm-am308;  25.81;  36.98;   434;  1011;     4;     0;     5;    11;   -83;   -83;   8.2; drag-lps8-05; 2; 8; 125000; 15413
2023-05-11 03:44:18; hka-aqm-am308;  25.79;  37.05;   429;  1023;     4;     0;     1;     0;   -85;   -85;   8.0; drag-lps8-05; 5; 8; 125000; 15414
2023-05-11 03:59:24; hka-aqm-am308;  25.78;  37.05;   428;  1033;     4;     0;     2;     0;   -85;   -85;  11.0; drag-lps8-05; 1; 8; 125000; 15415
2023-05-11 04:14:32; hka-aqm-am308;  25.77;  37.08;   423;  1006;     4;     1;     5;    11;   -85;   -85;  11.2; drag-lps8-05; 0; 8; 125000; 15416
2023-05-11 04:29:38; hka-aqm-am308;  25.75;  37.12;   423;  1014;     7;     3;     2;     0;   -87;   -87;  12.2; drag-lps8-05; 7; 8; 125000; 15417
2023-05-11 04:44:44; hka-aqm-am308;  25.74;  37.12;   427;   998;     4;     1;     2;     0;   -88;   -88;  10.8; drag-lps8-05; 3; 8; 125000; 15418
2023-05-11 04:59:50; hka-aqm-am308;  25.74;  37.18;   423;   989;     4;     0;     6;    11;   -85;   -85;  11.5; drag-lps8-05; 1; 8; 125000; 15419
2023-05-11 05:14:57; hka-aqm-am308;  25.74;  37.18;   420;  1037;     7;     2;     4;     0;   -85;   -85;  10.2; drag-lps8-05; 6; 8; 125000; 15420
2023-05-11 05:30:03; hka-aqm-am308;  25.73;  37.22;   422;   949;     5;     1;     2;     0;   -84;   -84;   8.2; drag-lps8-05; 2; 8; 125000; 15421
2023-05-11 05:45:11; hka-aqm-am308;  25.71;  37.25;   420;  1004;     6;     1;     6;    11;   -87;   -87;   8.2; drag-lps8-05; 5; 8; 125000; 15422
2023-05-11 06:00:18; hka-aqm-am308;  25.69;  37.28;   420;   950;     8;     1;     2;     0;   -84;   -84;  10.2; drag-lps8-05; 4; 8; 125000; 15423
2023-05-11 06:15:24; hka-aqm-am308;  25.69;  37.32;   423;   983;    13;     3;     1;     0;   -82;   -82;   8.2; drag-lps8-05; 2; 8; 125000; 15424
2023-05-11 06:19:50; hka-aqm-am308;  25.68;  37.32;   422;   996;   128;    20;     6;    11;   -84;   -84;  11.0; drag-lps8-05; 4; 8; 125000; 15425
2023-05-11 06:34:57; hka-aqm-am308;  25.73;  37.32;   421;   983;   160;    21;     2;     0;   -81;   -81;   9.5; drag-lps8-05; 7; 8; 125000; 15426
2023-05-11 06:45:30; hka-aqm-am308;  25.78;  37.94;   433;   982;    27;     7;     4;     0;   -83;   -83;   8.2; drag-lps8-05; 5; 8; 125000; 15427
2023-05-11 07:00:37; hka-aqm-am308;  25.78;  37.84;   432;   972;    34;     9;     3;     0;   -83;   -83;  11.0; drag-lps8-05; 6; 8; 125000; 15428
2023-05-11 07:15:43; hka-aqm-am308;  25.78;  37.78;   432;   965;    39;    10;     2;     0;   -80;   -80;  11.0; drag-lps8-05; 1; 8; 125000; 15429
2023-05-11 07:30:51; hka-aqm-am308;  25.75;  37.78;   440;   982;    49;    13;     4;     0;   -83;   -83;  10.8; drag-lps8-05; 3; 8; 125000; 15430
2023-05-11 07:45:57; hka-aqm-am308;  25.74;  37.78;   433;   980;    63;    17;     1;     0;   -83;   -83;  11.5; drag-lps8-05; 0; 8; 125000; 15431
2023-05-11 07:55:10; hka-aqm-am308;  25.73;  38.27;   453;  1014;   163;    35;     5;    22;   -84;   -84;  11.5; drag-lps8-05; 4; 8; 125000; 15432
2023-05-11 08:10:16; hka-aqm-am308;  25.67;  38.64;   551;  1139;   190;    35;     2;    32;   -82;   -82;  12.0; drag-lps8-05; 3; 8; 125000; 15433
2023-05-11 08:25:23; hka-aqm-am308;  25.64;  38.51;   604;  1193;   201;    40;     5;    33;   -79;   -79;  11.0; drag-lps8-05; 0; 8; 125000; 15434
2023-05-11 08:40:31; hka-aqm-am308;  25.67;  38.54;   631;  1269;   200;    38;    10;    40;   -81;   -81;  11.8; drag-lps8-05; 6; 8; 125000; 15435
2023-05-11 08:55:38; hka-aqm-am308;  25.68;  38.11;   644;  1272;   220;    46;     3;    21;   -82;   -82;  11.8; drag-lps8-05; 7; 8; 125000; 15436
2023-05-11 09:10:44; hka-aqm-am308;  25.68;  37.98;   646;  1182;   205;    42;     2;    30;   -81;   -81;   8.2; drag-lps8-05; 2; 8; 125000; 15437
2023-05-11 09:25:50; hka-aqm-am308;  25.65;  37.15;   631;  1117;   170;    31;    10;    40;   -79;   -79;   8.8; drag-lps8-05; 5; 8; 125000; 15438
2023-05-11 09:40:57; hka-aqm-am308;  25.55;  36.82;   561;   888;   194;    38;     3;    38;  -129;  -129; -10.2; drag-lps8-03; 1; 8; 125000; 15439
2023-05-11 09:56:03; hka-aqm-am308;  25.52;  37.22;   580;   927;   193;    37;     4;    53;   -85;   -85;  10.8; drag-lps8-05; 3; 8; 125000; 15440
2023-05-11 10:11:11; hka-aqm-am308;  25.57;  37.71;   623;  1030;   202;    41;    10;    60;   -80;   -80;  10.5; drag-lps8-05; 1; 8; 125000; 15441
2023-05-11 10:26:17; hka-aqm-am308;  25.66;  37.58;   661;  1041;   220;    46;     1;    51;   -78;   -78;   8.2; drag-lps8-05; 2; 8; 125000; 15442
2023-05-11 10:41:24; hka-aqm-am308;  25.67;  37.18;   646;   945;   189;    37;     2;    60;  -130;  -130; -11.8; drag-lps8-03; 6; 8; 125000; 15443
2023-05-11 10:56:31; hka-aqm-am308;  25.64;  37.15;   662;   921;   187;    38;    10;    70;   -89;   -89;   8.5; drag-lps8-05; 5; 8; 125000; 15444
2023-05-11 11:11:37; hka-aqm-am308;  25.66;  37.05;   663;   938;   208;    43;     6;    45;   -94;   -94;  11.0; drag-lps8-05; 7; 8; 125000; 15445
2023-05-11 11:24:09; hka-aqm-am308;  25.61;  36.22;   549;   740;   121;    37;    10;    70;  -101;  -101;   8.8; drag-lps8-05; 4; 8; 125000; 15446
2023-05-11 11:39:16; hka-aqm-am308;  25.52;  36.06;   500;   642;   143;    41;     3;    31;   -89;   -89;  10.2; drag-lps8-05; 0; 8; 125000; 15447
2023-05-11 11:54:22; hka-aqm-am308;  25.46;  35.92;   474;   560;   173;    50;     3;    26;   -85;   -85;  11.5; drag-lps8-05; 7; 8; 125000; 15448
2023-05-11 12:09:30; hka-aqm-am308;  25.40;  35.79;   456;   603;   179;    51;     6;    40;   -88;   -88;  10.2; drag-lps8-05; 4; 8; 125000; 15449
2023-05-11 12:24:36; hka-aqm-am308;  25.36;  35.66;   448;   561;   186;    55;     6;    27;   -85;   -85;  11.2; drag-lps8-05; 6; 8; 125000; 15450
2023-05-11 12:39:43; hka-aqm-am308;  25.34;  35.99;   455;   657;   198;    56;     2;    31;   -81;   -81;  11.8; drag-lps8-05; 1; 8; 125000; 15451
2023-05-11 12:54:51; hka-aqm-am308;  25.38;  36.06;   472;   694;   182;    52;     6;    40;   -79;   -79;   8.5; drag-lps8-05; 2; 8; 125000; 15452
2023-05-11 13:09:57; hka-aqm-am308;  25.42;  35.72;   455;   618;   192;    54;     3;     6;   -79;   -79;   8.5; drag-lps8-05; 5; 8; 125000; 15453
2023-05-11 13:25:04; hka-aqm-am308;  25.48;  36.22;   494;   762;   205;    60;     3;    12;   -82;   -82;  10.8; drag-lps8-05; 0; 8; 125000; 15454
2023-05-11 13:40:10; hka-aqm-am308;  25.54;  36.35;   503;   828;   205;    59;     6;    40;   -85;   -85;  11.2; drag-lps8-05; 3; 8; 125000; 15455
2023-05-11 13:55:16; hka-aqm-am308;  25.60;  36.45;   527;   870;   210;    61;     3;    14;   -83;   -83;   9.8; drag-lps8-05; 6; 8; 125000; 15456
2023-05-11 14:10:22; hka-aqm-am308;  25.65;  36.49;   529;   930;   249;    70;     1;    12;   -94;   -94;  10.2; drag-lps8-05; 3; 8; 125000; 15457
2023-05-11 14:25:30; hka-aqm-am308;  25.66;  35.56;   474;   644;   234;    66;     7;    40;   -86;   -86;   9.8; drag-lps8-05; 7; 8; 125000; 15458
2023-05-11 14:40:37; hka-aqm-am308;  25.70;  36.16;   507;   819;   231;    65;     3;    12;   -81;   -81;   8.5; drag-lps8-05; 2; 8; 125000; 15459
2023-05-11 14:55:43; hka-aqm-am308;  25.71;  36.45;   519;   886;   244;    69;     1;    11;   -81;   -81;  11.8; drag-lps8-05; 0; 8; 125000; 15460
2023-05-11 15:10:50; hka-aqm-am308;  25.77;  36.52;   522;   903;   270;    76;     7;    40;   -85;   -85;  11.8; drag-lps8-05; 4; 8; 125000; 15461
2023-05-11 15:25:57; hka-aqm-am308;  25.80;  35.66;   496;   747;   283;    79;     4;     2;   -82;   -82;   7.8; drag-lps8-05; 5; 8; 125000; 15462
2023-05-11 15:41:03; hka-aqm-am308;  25.86;  35.19;   477;   728;   311;    86;     1;     1;   -81;   -81;  11.5; drag-lps8-05; 1; 8; 125000; 15463
2023-05-11 15:56:10; hka-aqm-am308;  25.87;  36.25;   501;   873;   265;    74;     7;    40;   -79;   -79;  12.5; drag-lps8-05; 0; 8; 125000; 15464
2023-05-11 16:11:17; hka-aqm-am308;  25.90;  36.59;   510;   900;   235;    65;     1;     1;   -79;   -79;  11.8; drag-lps8-05; 4; 8; 125000; 15465
2023-05-11 16:26:23; hka-aqm-am308;  25.92;  36.72;   520;   895;   260;    71;     2;     2;   -77;   -77;  11.2; drag-lps8-05; 1; 8; 125000; 15466
2023-05-11 16:41:30; hka-aqm-am308;  25.99;  36.79;   517;   930;   253;    70;     7;    40;   -78;   -78;   9.8; drag-lps8-05; 6; 8; 125000; 15467
2023-05-11 16:56:36; hka-aqm-am308;  25.98;  36.75;   501;   933;   232;    62;     2;     0;   -77;   -77;   9.2; drag-lps8-05; 2; 8; 125000; 15468
2023-05-11 17:11:42; hka-aqm-am308;  26.03;  36.79;   496;   920;   254;    68;     2;     0;   -79;   -79;   8.5; drag-lps8-05; 5; 8; 125000; 15469
2023-05-11 17:26:52; hka-aqm-am308;  26.06;  36.62;   494;   897;   270;    73;     0;     3;   -81;   -81;  12.0; drag-lps8-05; 7; 8; 125000; 15470
2023-05-11 17:41:58; hka-aqm-am308;  26.09;  37.18;   483;   910;   216;    60;     1;     0;   -82;   -82;  11.5; drag-lps8-05; 3; 8; 125000; 15471
2023-05-11 17:57:04; hka-aqm-am308;  26.10;  36.92;   489;   903;   193;    51;     2;     0;   -79;   -79;  12.2; drag-lps8-05; 1; 8; 125000; 15472
2023-05-11 18:12:11; hka-aqm-am308;  26.11;  36.72;   471;   878;   218;    59;     7;    40;   -79;   -79;   8.0; drag-lps8-05; 5; 8; 125000; 15473
2023-05-11 18:27:17; hka-aqm-am308;  26.14;  36.25;   467;   855;   176;    47;     3;     1;   -81;   -81;  11.5; drag-lps8-05; 0; 8; 125000; 15474
2023-05-11 18:42:23; hka-aqm-am308;  26.11;  35.99;   463;   836;   159;    44;     2;     0;   -82;   -82;  11.5; drag-lps8-05; 7; 8; 125000; 15475
2023-05-11 18:57:29; hka-aqm-am308;  26.14;  35.96;   458;   845;   123;    32;     7;    40;   -82;   -82;  10.8; drag-lps8-05; 3; 8; 125000; 15476
2023-05-11 19:12:36; hka-aqm-am308;  26.12;  35.79;   460;   855;   104;    27;     1;     2;   -78;   -78;  10.0; drag-lps8-05; 6; 8; 125000; 15477
2023-05-11 19:27:42; hka-aqm-am308;  26.12;  35.59;   447;   822;    72;    19;     1;     0;   -75;   -75;  10.5; drag-lps8-05; 4; 8; 125000; 15478
2023-05-11 19:42:51; hka-aqm-am308;  26.06;  35.39;   446;   789;    42;    11;     0;     0;   -77;   -77;   8.5; drag-lps8-05; 2; 8; 125000; 15479
2023-05-11 19:57:57; hka-aqm-am308;  26.05;  35.26;   435;   785;    25;     6;     7;    40;   -81;   -81;  10.5; drag-lps8-05; 0; 8; 125000; 15480
2023-05-11 20:13:03; hka-aqm-am308;  26.03;  35.19;   432;   732;    12;     3;     7;    40;   -79;   -79;  10.0; drag-lps8-05; 6; 8; 125000; 15481
2023-05-11 20:28:09; hka-aqm-am308;  25.97;  35.06;   434;   772;     7;     1;     7;    40;   -81;   -81;  12.0; drag-lps8-05; 7; 8; 125000; 15482
2023-05-11 20:43:16; hka-aqm-am308;  25.94;  34.86;   426;   729;     5;     1;     2;     0;   -75;   -75;  10.2; drag-lps8-05; 4; 8; 125000; 15483
2023-05-11 20:58:22; hka-aqm-am308;  25.91;  34.66;   418;   697;     5;     0;     1;     0;   -80;   -80;  10.2; drag-lps8-05; 3; 8; 125000; 15484
2023-05-11 21:13:29; hka-aqm-am308;  25.88;  34.52;   417;   703;     4;     1;     7;    40;   -78;   -78;   8.8; drag-lps8-05; 2; 8; 125000; 15485
2023-05-11 21:28:35; hka-aqm-am308;  25.86;  34.52;   427;   694;     4;     0;     7;    40;   -81;   -81;   8.0; drag-lps8-05; 5; 8; 125000; 15486
2023-05-11 21:43:42; hka-aqm-am308;  25.84;  34.46;   412;   689;     4;     0;     2;     0;   -79;   -79;  12.0; drag-lps8-05; 1; 8; 125000; 15487
2023-05-11 21:58:50; hka-aqm-am308;  25.81;  34.46;   412;   699;     4;     0;     7;    40;   -82;   -82;  11.5; drag-lps8-05; 3; 8; 125000; 15488
2023-05-11 22:13:57; hka-aqm-am308;  25.80;  34.46;   409;   679;     7;     3;     7;    40;   -79;   -79;  12.0; drag-lps8-05; 1; 8; 125000; 15489
2023-05-11 22:29:16; hka-aqm-am308;  25.78;  34.52;   411;   709;     7;     2;     2;     0;   -81;   -81;  11.0; drag-lps8-05; 4; 8; 125000; 15491
2023-05-11 22:44:23; hka-aqm-am308;  25.78;  34.59;   408;   726;     4;     0;     2;     0;   -81;   -81;  12.5; drag-lps8-05; 7; 8; 125000; 15492
2023-05-11 22:59:30; hka-aqm-am308;  25.77;  34.66;   412;   673;     7;     3;     2;     0;   -79;   -79;   8.8; drag-lps8-05; 5; 8; 125000; 15493
2023-05-11 23:14:37; hka-aqm-am308;  25.76;  34.72;   418;   729;     7;     3;     7;    40;   -79;   -79;  11.0; drag-lps8-05; 6; 8; 125000; 15494
2023-05-11 23:29:43; hka-aqm-am308;  25.76;  34.79;   411;   758;     7;     3;     0;     0;   -81;   -81;  11.0; drag-lps8-05; 0; 8; 125000; 15495
2023-05-11 23:44:49; hka-aqm-am308;  25.74;  34.86;   414;   722;     4;     0;     2;     0;   -79;   -79;  10.5; drag-lps8-05; 4; 8; 125000; 15496
2023-05-11 23:59:56; hka-aqm-am308;  25.71;  34.92;   412;   723;     4;     2;     7;    40;   -81;   -81;  11.2; drag-lps8-05; 0; 8; 125000; 15497
