# Logfile LoRaWAN TTN/TTS V3 logger version hka-log V 1.1
date_time;device_id;tmp;hum;CO2;VOC;vis;IR;WIFI;BLE;rssi;channel_rssi;snr;gateway;channel_index;spreading_factor;bandwidth;f_cnt
2023-05-28 00:02:05; hka-aqm-am205;  28.50;  26.83;   412;   594;     6;     1;     3;     0;  -102;  -102;   8.2; drag-lps8-03; 7; 9; 125000; 25069
2023-05-28 00:17:12; hka-aqm-am205;  28.45;  26.94;   417;   592;     6;     0;     3;     0;  -102;  -102;   8.0; drag-lps8-03; 5; 9; 125000; 25070
2023-05-28 00:32:18; hka-aqm-am205;  28.39;  27.04;   419;   595;     8;     2;     2;     0;  -102;  -102;   6.8; drag-lps8-03; 3; 9; 125000; 25071
2023-05-28 00:47:24; hka-aqm-am205;  28.35;  27.11;   418;   593;     6;     0;     3;     0;  -102;  -102;   9.0; drag-lps8-03; 6; 9; 125000; 25072
2023-05-28 01:02:31; hka-aqm-am205;  28.31;  27.24;   419;   613;     8;     2;     3;     0;  -100;  -100;  10.8; drag-lps8-05; 4; 9; 125000; 25073
2023-05-28 01:17:37; hka-aqm-am205;  28.24;  27.31;   418;   591;     6;     0;     0;     0;  -102;  -102;  10.0; drag-lps8-03; 0; 9; 125000; 25074
2023-05-28 01:32:44; hka-aqm-am205;  28.18;  27.45;   417;   590;     8;     2;     3;     0;  -103;  -103;   9.5; drag-lps8-03; 7; 9; 125000; 25075
2023-05-28 01:47:50; hka-aqm-am205;  28.14;  27.51;   422;   615;     6;     0;     3;     0;  -101;  -101;   7.5; drag-lps8-03; 2; 9; 125000; 25076
2023-05-28 02:02:57; hka-aqm-am205;  28.08;  27.58;   423;   593;     6;     0;     1;     0;  -101;  -101;   9.0; drag-lps8-03; 1; 9; 125000; 25077
2023-05-28 02:18:05; hka-aqm-am205;  28.04;  27.72;   430;   597;     8;     2;     3;     0;  -108;  -108;   9.0; drag-lps8-03; 0; 9; 125000; 25078
2023-05-28 02:33:11; hka-aqm-am205;  27.97;  27.75;   431;   586;     6;     1;     3;     0;   -96;   -96;   8.0; drag-lps8-05; 2; 9; 125000; 25079
2023-05-28 02:48:18; hka-aqm-am205;  27.92;  27.85;   433;   571;     6;     0;     0;     0;  -106;  -106;   7.8; drag-lps8-03; 7; 9; 125000; 25080
2023-05-28 03:03:24; hka-aqm-am205;  27.88;  27.92;   432;   633;     6;     0;     3;     0;  -106;  -106;   8.2; drag-lps8-03; 1; 9; 125000; 25081
2023-05-28 03:18:31; hka-aqm-am205;  27.85;  27.96;   438;   579;     8;     2;     3;     0;  -100;  -100;   9.8; drag-lps8-05; 3; 9; 125000; 25082
2023-05-28 03:33:37; hka-aqm-am205;  27.79;  28.02;   436;   586;     6;     1;     0;     0;   -99;   -99;   7.8; drag-lps8-05; 5; 9; 125000; 25083
2023-05-28 03:48:45; hka-aqm-am205;  27.74;  28.06;   432;   575;     6;     0;     3;     0;  -102;  -102;   9.0; drag-lps8-03; 4; 9; 125000; 25084
2023-05-28 04:03:51; hka-aqm-am205;  27.68;  28.13;   434;   587;     6;     0;     3;     0;  -105;  -105;   7.0; drag-lps8-03; 6; 9; 125000; 25085
2023-05-28 04:18:58; hka-aqm-am205;  27.68;  28.16;   438;   573;     6;     0;     0;     0;   -96;   -96;   8.8; drag-lps8-05; 2; 9; 125000; 25086
2023-05-28 04:34:05; hka-aqm-am205;  27.63;  28.23;   439;   633;     6;     1;     3;     0;  -108;  -108;   8.8; drag-lps8-03; 7; 9; 125000; 25087
2023-05-28 04:49:11; hka-aqm-am205;  27.59;  28.26;   444;   570;     6;     1;     3;     0;   -92;   -92;   8.2; drag-lps8-05; 6; 9; 125000; 25088
2023-05-28 05:04:17; hka-aqm-am205;  27.53;  28.33;   435;   564;    14;     3;     0;     0;  -101;  -101;   9.0; drag-lps8-05; 3; 9; 125000; 25089
2023-05-28 05:19:25; hka-aqm-am205;  27.50;  28.40;   437;   581;    43;    13;     3;     0;  -100;  -100;   9.0; drag-lps8-05; 4; 9; 125000; 25090
2023-05-28 05:34:31; hka-aqm-am205;  27.46;  28.40;   435;   572;   170;    58;     3;     0;  -105;  -105;   8.8; drag-lps8-03; 0; 9; 125000; 25091
2023-05-28 05:49:37; hka-aqm-am205;  27.47;  28.43;   436;   563;   397;   127;     2;     0;   -98;   -98;   7.8; drag-lps8-05; 5; 9; 125000; 25092
2023-05-28 06:01:04; hka-aqm-am205;  27.50;  28.40;   436;   560;   740;   246;     3;     0;   -95;   -95;  11.0; drag-lps8-05; 1; 9; 125000; 25093
2023-05-28 06:07:04; hka-aqm-am205;  27.50;  28.40;   436;   559;  1242;   461;     2;     0;  -103;  -103;   9.5; drag-lps8-03; 0; 9; 125000; 25094
2023-05-28 06:07:26; hka-aqm-am205;  27.53;  28.40;   435;   587;  1386;   532;     1;     0;  -103;  -103;   7.5; drag-lps8-03; 5; 9; 125000; 25095
2023-05-28 06:08:05; hka-aqm-am205;  27.55;  28.40;   439;   540;  1896;   779;     1;     0;   -97;   -97;  10.8; drag-lps8-05; 4; 9; 125000; 25096
2023-05-28 06:08:27; hka-aqm-am205;  27.55;  28.36;   437;   546;  2259;   946;     0;     0;   -96;   -96;  11.8; drag-lps8-05; 1; 9; 125000; 25097
2023-05-28 06:09:22; hka-aqm-am205;  27.54;  28.40;   444;   551;  3045;  1302;     0;     0;   -96;   -96;   7.8; drag-lps8-05; 2; 9; 125000; 25098
2023-05-28 06:09:45; hka-aqm-am205;  27.58;  28.33;   442;   532;  3516;  1506;     0;     0;  -101;  -101;   9.5; drag-lps8-05; 3; 9; 125000; 25099
2023-05-28 06:10:07; hka-aqm-am205;  27.56;  28.33;   439;   539;  3622;  1544;     1;     0;  -102;  -102;  10.2; drag-lps8-03; 6; 9; 125000; 25100
2023-05-28 06:10:30; hka-aqm-am205;  27.56;  28.36;   437;   547;  3683;  1565;     1;     0;   -92;   -92;   9.5; drag-lps8-05; 7; 9; 125000; 25101
2023-05-28 06:11:43; hka-aqm-am205;  27.61;  28.33;   439;   561;  3728;  1573;     1;     0;  -106;  -106;   9.8; drag-lps8-03; 0; 9; 125000; 25102
2023-05-28 06:12:06; hka-aqm-am205;  27.61;  28.33;   438;   561;  3781;  1595;     1;     0;   -96;   -96;   8.0; drag-lps8-05; 2; 9; 125000; 25103
2023-05-28 06:13:43; hka-aqm-am205;  27.64;  28.26;   436;   554;  3673;  1553;     2;     0;   -96;   -96;   9.5; drag-lps8-05; 1; 9; 125000; 25104
2023-05-28 06:14:06; hka-aqm-am205;  27.64;  28.26;   436;   561;  3570;  1507;     1;     0;   -98;   -98;  11.0; drag-lps8-05; 4; 9; 125000; 25105
2023-05-28 06:14:42; hka-aqm-am205;  27.65;  28.26;   439;   561;  3412;  1434;     1;     0;  -100;  -100;   7.5; drag-lps8-03; 7; 9; 125000; 25106
2023-05-28 06:15:05; hka-aqm-am205;  27.66;  28.26;   437;   560;  3043;  1258;     1;     0;  -102;  -102;   9.5; drag-lps8-05; 3; 9; 125000; 25107
2023-05-28 06:15:27; hka-aqm-am205;  27.65;  28.26;   436;   560;  2815;  1150;     1;     0;   -93;   -93;   9.2; drag-lps8-05; 6; 9; 125000; 25108
2023-05-28 06:16:02; hka-aqm-am205;  27.68;  28.26;   439;   558;  2575;  1039;     1;     0;  -100;  -100;   8.2; drag-lps8-03; 5; 9; 125000; 25109
2023-05-28 06:16:25; hka-aqm-am205;  27.68;  28.26;   437;   560;  2397;   956;     0;     0;  -100;  -100;   9.0; drag-lps8-05; 7; 9; 125000; 25110
2023-05-28 06:16:47; hka-aqm-am205;  27.69;  28.23;   436;   559;  2155;   846;     2;     0;   -94;   -94;   9.5; drag-lps8-05; 6; 9; 125000; 25111
2023-05-28 06:17:10; hka-aqm-am205;  27.71;  28.23;   435;   559;  2207;   874;     2;     0;   -95;   -95;   8.2; drag-lps8-05; 2; 9; 125000; 25112
2023-05-28 06:17:32; hka-aqm-am205;  27.70;  28.19;   435;   560;  2359;   949;     1;     0;  -102;  -102;   8.0; drag-lps8-03; 5; 9; 125000; 25113
2023-05-28 06:17:55; hka-aqm-am205;  27.72;  28.19;   435;   561;  2578;  1053;     1;     0;   -99;   -99;   8.2; drag-lps8-03; 0; 9; 125000; 25114
2023-05-28 06:18:23; hka-aqm-am205;  27.72;  28.23;   435;   563;  3010;  1246;     1;     0;  -101;  -101;   8.8; drag-lps8-03; 3; 9; 125000; 25115
2023-05-28 06:18:46; hka-aqm-am205;  27.72;  28.19;   435;   561;  3105;  1277;     0;     0;  -100;  -100;   9.8; drag-lps8-05; 4; 9; 125000; 25116
2023-05-28 06:19:23; hka-aqm-am205;  27.72;  28.19;   435;   560;  2965;  1186;     1;     0;   -97;   -97;  11.0; drag-lps8-05; 1; 9; 125000; 25117
2023-05-28 06:19:46; hka-aqm-am205;  27.74;  28.19;   435;   558;  2756;  1076;     1;     0;  -101;  -101;   8.2; drag-lps8-03; 5; 9; 125000; 25118
2023-05-28 06:20:08; hka-aqm-am205;  27.74;  28.19;   435;   557;  2553;   975;     1;     0;  -102;  -102;   8.2; drag-lps8-03; 6; 9; 125000; 25119
2023-05-28 06:20:31; hka-aqm-am205;  27.75;  28.19;   435;   558;  2342;   873;     1;     0;   -93;   -93;  10.0; drag-lps8-05; 0; 9; 125000; 25120
2023-05-28 06:20:53; hka-aqm-am205;  27.74;  28.19;   435;   560;  2130;   770;     1;     0;  -102;  -102;  10.2; drag-lps8-05; 3; 9; 125000; 25121
2023-05-28 06:36:24; hka-aqm-am205;  28.00;  27.99;   439;   546;  2405;   780;     2;     0;   -97;   -97;  11.5; drag-lps8-05; 1; 9; 125000; 25123
2023-05-28 06:51:30; hka-aqm-am205;  28.40;  27.68;   436;   564;  2954;   916;     2;     0;  -100;  -100;   7.0; drag-lps8-03; 2; 9; 125000; 25124
2023-05-28 07:04:23; hka-aqm-am205;  28.86;  27.31;   441;   583;  3702;  1122;     2;     0;  -106;  -106;   9.8; drag-lps8-03; 7; 9; 125000; 25125
2023-05-28 07:06:02; hka-aqm-am205;  28.93;  27.24;   442;   564;  3865;  1170;     2;     0;  -102;  -102;   9.0; drag-lps8-03; 6; 9; 125000; 25126
2023-05-28 07:06:25; hka-aqm-am205;  28.96;  27.21;   440;   562;  4052;  1230;     1;     0;  -105;  -105;  10.2; drag-lps8-03; 1; 9; 125000; 25127
2023-05-28 07:07:02; hka-aqm-am205;  28.96;  27.17;   443;   561;  4140;  1258;     0;     0;  -101;  -101;   7.8; drag-lps8-03; 5; 9; 125000; 25128
2023-05-28 07:07:43; hka-aqm-am205;  28.99;  27.14;   440;   563;  4334;  1318;     0;     0;   -98;   -98;   9.0; drag-lps8-03; 0; 9; 125000; 25129
2023-05-28 07:08:06; hka-aqm-am205;  29.01;  27.11;   439;   563;  4446;  1353;     0;     0;  -100;  -100;   9.5; drag-lps8-05; 4; 9; 125000; 25130
2023-05-28 07:08:29; hka-aqm-am205;  29.02;  27.11;   438;   563;  4629;  1412;     0;     0;  -100;  -100;   9.0; drag-lps8-05; 3; 9; 125000; 25131
2023-05-28 07:08:51; hka-aqm-am205;  29.06;  27.11;   438;   572;  4820;  1473;     0;     0;   -94;   -94;   8.2; drag-lps8-05; 2; 9; 125000; 25132
2023-05-28 07:09:14; hka-aqm-am205;  29.07;  27.11;   438;   570;  5151;  1582;     1;     0;  -101;  -101;   9.2; drag-lps8-03; 7; 9; 125000; 25133
2023-05-28 07:09:37; hka-aqm-am205;  29.10;  27.04;   438;   567;  5587;  1725;     1;     0;  -103;  -103;   8.0; drag-lps8-03; 5; 9; 125000; 25134
2023-05-28 07:10:03; hka-aqm-am205;  29.14;  26.97;   438;   565;  6568;  2045;     0;     0;   -99;   -99;   8.5; drag-lps8-03; 0; 9; 125000; 25135
2023-05-28 07:10:42; hka-aqm-am205;  29.15;  26.97;   442;   575;  6897;  2150;     0;     0;   -96;   -96;  12.2; drag-lps8-05; 1; 9; 125000; 25136
2023-05-28 07:11:05; hka-aqm-am205;  29.17;  26.97;   441;   572;  7088;  2211;     1;     0;  -101;  -101;   9.2; drag-lps8-05; 3; 9; 125000; 25137
2023-05-28 07:11:27; hka-aqm-am205;  29.23;  26.90;   440;   577;  7769;  2434;     2;     0;   -95;   -95;   9.8; drag-lps8-05; 6; 9; 125000; 25138
2023-05-28 07:11:50; hka-aqm-am205;  29.27;  26.90;   439;   573;  8054;  2528;     2;     0;  -105;  -105;   7.0; drag-lps8-03; 2; 9; 125000; 25139
2023-05-28 07:12:12; hka-aqm-am205;  29.31;  26.83;   438;   618;  8201;  2573;     1;     0;   -94;   -94;   9.2; drag-lps8-05; 7; 9; 125000; 25140
2023-05-28 07:12:44; hka-aqm-am205;  29.40;  26.83;   442;   600;  8816;  2768;     1;     0;   -94;   -94;  10.2; drag-lps8-05; 4; 9; 125000; 25141
2023-05-28 07:13:07; hka-aqm-am205;  29.40;  26.76;   440;   591;  9232;  2902;     1;     0;  -103;  -103;   8.5; drag-lps8-03; 5; 9; 125000; 25142
2023-05-28 07:13:30; hka-aqm-am205;  29.43;  26.76;   439;   583;  9637;  3037;     0;     0;  -102;  -102;   7.8; drag-lps8-03; 2; 9; 125000; 25143
2023-05-28 07:13:52; hka-aqm-am205;  29.45;  26.70;   438;   577;  9866;  3110;     0;     0;   -98;   -98;   8.5; drag-lps8-03; 0; 9; 125000; 25144
2023-05-28 07:14:23; hka-aqm-am205;  29.55;  26.63;   442;   574;  9626;  3023;     1;     0;  -100;  -100;   8.8; drag-lps8-05; 4; 9; 125000; 25145
2023-05-28 07:14:46; hka-aqm-am205;  29.57;  26.56;   439;   571;  9502;  2985;     1;     0;  -103;  -103;  10.8; drag-lps8-03; 6; 9; 125000; 25146
2023-05-28 07:15:08; hka-aqm-am205;  29.58;  26.56;   437;   577;  9280;  2907;     1;     0;  -101;  -101;   9.5; drag-lps8-05; 3; 9; 125000; 25147
2023-05-28 07:15:31; hka-aqm-am205;  29.62;  26.56;   437;   540;  8733;  2721;     1;     0;  -101;  -101;   9.0; drag-lps8-03; 7; 9; 125000; 25148
2023-05-28 07:16:02; hka-aqm-am205;  29.64;  26.49;   441;   549;  7949;  2457;     1;     0;   -94;   -94;  10.5; drag-lps8-05; 1; 9; 125000; 25149
2023-05-28 07:16:25; hka-aqm-am205;  29.74;  26.42;   440;   556;  6679;  2030;     0;     0;   -95;   -95;  10.0; drag-lps8-05; 7; 9; 125000; 25150
2023-05-28 07:16:47; hka-aqm-am205;  29.75;  26.36;   439;   558;  6219;  1881;     1;     0;  -102;  -102;   8.2; drag-lps8-03; 0; 9; 125000; 25151
2023-05-28 07:17:10; hka-aqm-am205;  29.76;  26.32;   438;   563;  5740;  1722;     1;     0;   -99;   -99;   6.8; drag-lps8-03; 2; 9; 125000; 25152
2023-05-28 07:17:32; hka-aqm-am205;  29.80;  26.29;   438;   563;  5488;  1640;     0;     0;  -103;  -103;   7.8; drag-lps8-03; 5; 9; 125000; 25153
2023-05-28 07:17:55; hka-aqm-am205;  29.82;  26.25;   438;   564;  5317;  1588;     0;     0;  -100;  -100;   9.0; drag-lps8-05; 4; 9; 125000; 25154
2023-05-28 07:18:23; hka-aqm-am205;  29.84;  26.22;   438;   568;  5107;  1519;     0;     0;  -101;  -101;   9.8; drag-lps8-03; 6; 9; 125000; 25155
2023-05-28 07:20:23; hka-aqm-am205;  29.93;  26.15;   446;   567;  5104;  1511;     1;     0;  -101;  -101;  10.5; drag-lps8-05; 3; 9; 125000; 25156
2023-05-28 07:22:03; hka-aqm-am205;  29.96;  26.12;   441;   578;  5287;  1562;     1;     0;  -102;  -102;   9.2; drag-lps8-03; 1; 9; 125000; 25157
2023-05-28 07:23:04; hka-aqm-am205;  30.01;  26.08;   442;   571;  5426;  1601;     0;     0;  -102;  -102;   7.8; drag-lps8-03; 2; 9; 125000; 25158
2023-05-28 07:24:23; hka-aqm-am205;  30.02;  26.01;   440;   569;  5603;  1651;     0;     0;   -95;   -95;   8.5; drag-lps8-05; 7; 9; 125000; 25159
2023-05-28 07:25:43; hka-aqm-am205;  30.08;  26.01;   440;   603;  5757;  1693;     1;     0;   -94;   -94;  10.8; drag-lps8-05; 0; 9; 125000; 25160
2023-05-28 07:28:02; hka-aqm-am205;  30.18;  25.95;   446;   568;  5956;  1747;     1;     0;   -96;   -96;  11.2; drag-lps8-05; 1; 9; 125000; 25161
2023-05-28 07:28:44; hka-aqm-am205;  30.20;  25.95;   442;   567;  6057;  1775;     0;     0;  -102;  -102;  11.2; drag-lps8-03; 4; 9; 125000; 25162
2023-05-28 07:30:03; hka-aqm-am205;  30.24;  25.88;   442;   555;  6212;  1816;     1;     0;  -102;  -102;  10.2; drag-lps8-03; 6; 9; 125000; 25163
2023-05-28 07:30:44; hka-aqm-am205;  30.26;  25.88;   439;   577;  6325;  1849;     1;     0;  -103;  -103;   7.8; drag-lps8-03; 5; 9; 125000; 25164
2023-05-28 07:31:07; hka-aqm-am205;  30.30;  25.88;   437;   572;  6550;  1919;     1;     0;  -101;  -101;   9.8; drag-lps8-05; 3; 9; 125000; 25165
2023-05-28 07:31:29; hka-aqm-am205;  30.30;  25.81;   437;   569;  7064;  2081;     1;     0;   -96;   -96;   8.8; drag-lps8-05; 2; 9; 125000; 25166
2023-05-28 07:31:52; hka-aqm-am205;  30.32;  25.81;   437;   568;  7745;  2295;     1;     0;   -99;   -99;   8.8; drag-lps8-03; 7; 9; 125000; 25167
2023-05-28 07:32:24; hka-aqm-am205;  30.33;  25.81;   441;   565;  9414;  2810;     0;     0;   -96;   -96;  10.5; drag-lps8-05; 4; 9; 125000; 25168
2023-05-28 07:33:02; hka-aqm-am205;  30.36;  25.81;   444;   564; 10302;  3085;     1;     0;  -102;  -102;   9.2; drag-lps8-03; 3; 9; 125000; 25169
2023-05-28 07:33:25; hka-aqm-am205;  30.38;  25.77;   442;   565; 11029;  3312;     2;     0;  -102;  -102;   8.0; drag-lps8-03; 0; 9; 125000; 25170
2023-05-28 07:33:47; hka-aqm-am205;  30.37;  25.74;   440;   569; 12170;  3670;     2;     0;  -103;  -103;  10.0; drag-lps8-03; 6; 9; 125000; 25171
2023-05-28 07:34:22; hka-aqm-am205;  30.41;  25.74;   443;   565; 12308;  3715;     1;     0;  -101;  -101;   8.2; drag-lps8-03; 5; 9; 125000; 25172
2023-05-28 07:37:43; hka-aqm-am205;  30.75;  25.43;   440;   569; 12520;  3764;     2;     0;   -95;   -95;  11.8; drag-lps8-05; 1; 9; 125000; 25173
2023-05-28 07:39:04; hka-aqm-am205;  30.89;  25.30;   440;   581; 12662;  3799;     1;     0;  -103;  -103;  11.0; drag-lps8-03; 4; 9; 125000; 25174
2023-05-28 07:40:03; hka-aqm-am205;  31.02;  25.12;   438;   576; 12306;  3670;     1;     0;   -95;   -95;  11.5; drag-lps8-05; 0; 9; 125000; 25175
2023-05-28 07:40:26; hka-aqm-am205;  31.05;  25.09;   438;   574; 11790;  3505;     0;     0;   -95;   -95;  10.2; drag-lps8-05; 6; 9; 125000; 25176
2023-05-28 07:40:49; hka-aqm-am205;  31.09;  25.06;   438;   572; 11162;  3305;     1;     0;  -103;  -103;   8.2; drag-lps8-03; 5; 9; 125000; 25177
2023-05-28 07:41:11; hka-aqm-am205;  31.14;  25.02;   438;   592; 10434;  3079;     1;     0;   -94;   -94;   7.8; drag-lps8-05; 7; 9; 125000; 25178
2023-05-28 07:41:34; hka-aqm-am205;  31.17;  24.99;   438;   585;  9722;  2859;     0;     0;  -100;  -100;   7.0; drag-lps8-03; 2; 9; 125000; 25179
2023-05-28 07:41:57; hka-aqm-am205;  31.21;  24.92;   438;   581;  8985;  2628;     0;     0;  -101;  -101;  10.5; drag-lps8-03; 1; 9; 125000; 25180
2023-05-28 07:42:23; hka-aqm-am205;  31.31;  24.82;   438;   577;  7692;  2225;     1;     0;  -100;  -100;   8.8; drag-lps8-05; 3; 9; 125000; 25181
2023-05-28 07:43:02; hka-aqm-am205;  31.34;  24.78;   442;   571;  7153;  2055;     1;     0;  -103;  -103;   9.5; drag-lps8-03; 4; 9; 125000; 25182
2023-05-28 07:43:25; hka-aqm-am205;  31.38;  24.78;   440;   571;  6879;  1967;     1;     0;   -95;   -95;   7.5; drag-lps8-05; 5; 9; 125000; 25183
2023-05-28 07:43:47; hka-aqm-am205;  31.41;  24.71;   439;   570;  6794;  1937;     0;     0;  -103;  -103;  10.2; drag-lps8-03; 3; 9; 125000; 25184
2023-05-28 07:45:43; hka-aqm-am205;  31.65;  24.44;   439;   573;  6603;  1864;     0;     0;  -101;  -101;   9.0; drag-lps8-03; 7; 9; 125000; 25185
2023-05-28 07:46:23; hka-aqm-am205;  31.72;  24.30;   443;   573;  6464;  1817;     1;     0;   -95;   -95;  10.2; drag-lps8-05; 1; 9; 125000; 25186
2023-05-28 07:46:46; hka-aqm-am205;  31.75;  24.34;   441;   571;  6353;  1783;     1;     0;   -94;   -94;   8.2; drag-lps8-05; 2; 9; 125000; 25187
2023-05-28 07:47:22; hka-aqm-am205;  31.80;  24.30;   444;   569;  6231;  1743;     0;     0;   -96;   -96;   9.0; drag-lps8-05; 6; 9; 125000; 25188
2023-05-28 07:47:45; hka-aqm-am205;  31.82;  24.23;   442;   570;  5948;  1659;     0;     0;  -103;  -103;  10.0; drag-lps8-03; 0; 9; 125000; 25189
2023-05-28 07:48:07; hka-aqm-am205;  31.85;  24.20;   440;   571;  5777;  1609;     0;     0;   -96;   -96;  10.2; drag-lps8-05; 1; 9; 125000; 25190
2023-05-28 07:48:30; hka-aqm-am205;  31.87;  24.16;   439;   570;  5606;  1560;     1;     0;   -96;   -96;   8.0; drag-lps8-05; 5; 9; 125000; 25191
2023-05-28 07:48:52; hka-aqm-am205;  31.87;  24.13;   438;   571;  5422;  1507;     1;     0;  -101;  -101;   9.2; drag-lps8-03; 4; 9; 125000; 25192
2023-05-28 07:49:15; hka-aqm-am205;  31.90;  24.10;   438;   571;  5241;  1456;     3;     0;  -106;  -106;   9.2; drag-lps8-03; 3; 9; 125000; 25193
2023-05-28 07:49:43; hka-aqm-am205;  31.90;  24.10;   438;   568;  4890;  1356;     0;     0;   -96;   -96;   8.2; drag-lps8-05; 2; 9; 125000; 25194
2023-05-28 07:50:06; hka-aqm-am205;  31.91;  24.10;   437;   588;  4727;  1309;     0;     0;   -96;   -96;  11.0; drag-lps8-05; 6; 9; 125000; 25195
2023-05-28 07:50:29; hka-aqm-am205;  31.92;  24.10;   437;   582;  4568;  1263;     0;     0;   -99;   -99;   9.0; drag-lps8-03; 7; 9; 125000; 25196
2023-05-28 07:50:51; hka-aqm-am205;  31.92;  24.03;   437;   579;  4421;  1221;     0;     0;   -97;   -97;   9.8; drag-lps8-05; 0; 9; 125000; 25197
2023-05-28 07:51:14; hka-aqm-am205;  31.92;  24.06;   437;   575;  4278;  1179;     0;     0;   -92;   -92;   9.2; drag-lps8-05; 4; 9; 125000; 25198
2023-05-28 07:51:37; hka-aqm-am205;  31.92;  24.03;   437;   573;  4159;  1146;     0;     0;  -103;  -103;   7.8; drag-lps8-03; 5; 9; 125000; 25199
2023-05-28 07:52:03; hka-aqm-am205;  31.92;  24.03;   437;   561;  3941;  1082;     1;     0;   -95;   -95;   8.0; drag-lps8-05; 2; 9; 125000; 25200
2023-05-28 07:52:26; hka-aqm-am205;  31.94;  24.03;   437;   564;  3852;  1056;     0;     0;  -101;  -101;   8.2; drag-lps8-03; 3; 9; 125000; 25201
2023-05-28 07:52:49; hka-aqm-am205;  31.94;  24.10;   437;   566;  3776;  1035;     1;     0;   -97;   -97;  11.8; drag-lps8-05; 0; 9; 125000; 25202
2023-05-28 07:53:11; hka-aqm-am205;  31.94;  24.03;   437;   566;  3696;  1011;     1;     0;  -103;  -103;   8.8; drag-lps8-03; 1; 9; 125000; 25203
2023-05-28 07:53:34; hka-aqm-am205;  31.96;  24.03;   437;   566;  3633;   994;     1;     0;   -96;   -96;  10.5; drag-lps8-05; 6; 9; 125000; 25204
2023-05-28 07:53:57; hka-aqm-am205;  31.95;  24.03;   437;   568;  3572;   975;     1;     0;   -95;   -95;   9.5; drag-lps8-05; 7; 9; 125000; 25205
2023-05-28 07:54:22; hka-aqm-am205;  31.93;  24.03;   441;   566;  3511;   958;     1;     0;   -96;   -96;  11.5; drag-lps8-05; 0; 9; 125000; 25206
2023-05-28 07:54:45; hka-aqm-am205;  31.94;  24.03;   440;   568;  3418;   931;     2;     0;   -95;   -95;   8.8; drag-lps8-05; 7; 9; 125000; 25207
2023-05-28 07:56:04; hka-aqm-am205;  31.94;  24.03;   442;   565;  3278;   890;     2;     0;   -96;   -96;  10.0; drag-lps8-05; 6; 9; 125000; 25208
2023-05-28 08:11:10; hka-aqm-am205;  32.25;  23.89;   436;   594;  3167;   843;     2;     0;  -103;  -103;   7.8; drag-lps8-03; 5; 9; 125000; 25209
2023-05-28 08:26:17; hka-aqm-am205;  32.67;  23.61;   436;   562;  3100;   811;     1;     0;  -101;  -101;   8.5; drag-lps8-03; 4; 9; 125000; 25210
2023-05-28 08:41:25; hka-aqm-am205;  33.07;  23.27;   447;   578;  2972;   767;     2;     0;   -95;   -95;   8.0; drag-lps8-05; 2; 9; 125000; 25211
2023-05-28 08:56:31; hka-aqm-am205;  33.39;  22.93;   435;   572;  2743;   696;     2;     0;  -107;  -107;   5.5; drag-lps8-03; 1; 9; 125000; 25212
2023-05-28 09:11:37; hka-aqm-am205;  33.64;  22.65;   438;   572;  2503;   626;     1;     0;  -103;  -103;   8.8; drag-lps8-03; 3; 9; 125000; 25213
2023-05-28 09:26:44; hka-aqm-am205;  33.78;  22.44;   435;   579;  2233;   556;     2;     0;  -107;  -107;   8.5; drag-lps8-03; 7; 9; 125000; 25214
2023-05-28 09:41:50; hka-aqm-am205;  33.84;  22.34;   435;   580;  1996;   497;     2;     0;   -97;   -97;  11.8; drag-lps8-05; 6; 9; 125000; 25215
2023-05-28 09:56:57; hka-aqm-am205;  33.81;  22.30;   436;   575;  1821;   454;     1;     0;  -107;  -107;   8.0; drag-lps8-03; 0; 9; 125000; 25216
2023-05-28 10:12:03; hka-aqm-am205;  33.73;  22.30;   436;   602;  1702;   429;     2;     0;   -97;   -97;   8.0; drag-lps8-05; 5; 9; 125000; 25217
2023-05-28 10:27:09; hka-aqm-am205;  33.64;  22.30;   432;   570;  1593;   406;     2;     0;   -94;   -94;  10.8; drag-lps8-05; 4; 9; 125000; 25218
2023-05-28 10:42:16; hka-aqm-am205;  33.50;  22.34;   432;   548;  1473;   379;     1;     0;  -102;  -102;   8.5; drag-lps8-03; 1; 9; 125000; 25219
2023-05-28 10:57:23; hka-aqm-am205;  33.32;  22.44;   431;   571;  1318;   343;     2;     0;  -103;  -103;   8.2; drag-lps8-03; 3; 9; 125000; 25220
2023-05-28 11:12:29; hka-aqm-am205;  33.06;  22.51;   433;   571;  1256;   332;     2;     0;  -103;  -103;   7.0; drag-lps8-03; 2; 9; 125000; 25221
2023-05-28 11:27:36; hka-aqm-am205;  32.80;  22.72;   433;   565;  1207;   324;     0;     0;  -102;  -102;  10.0; drag-lps8-03; 4; 9; 125000; 25222
2023-05-28 11:42:44; hka-aqm-am205;  32.57;  22.96;   436;   540;  1158;   317;     2;     0;  -101;  -101;   6.8; drag-lps8-03; 2; 9; 125000; 25223
2023-05-28 11:57:51; hka-aqm-am205;  32.34;  23.20;   441;   558;  1107;   306;     2;     0;  -101;  -101;   9.0; drag-lps8-03; 7; 9; 125000; 25224
2023-05-28 12:12:57; hka-aqm-am205;  32.04;  23.41;   435;   564;  1065;   299;     1;     0;  -103;  -103;   8.5; drag-lps8-03; 3; 9; 125000; 25225
2023-05-28 12:28:04; hka-aqm-am205;  31.64;  23.82;   435;   549;  1024;   293;     2;     0;  -102;  -102;   8.5; drag-lps8-03; 1; 9; 125000; 25226
2023-05-28 12:43:11; hka-aqm-am205;  31.30;  24.16;   427;   543;   987;   285;     2;     0;   -93;   -93;  10.2; drag-lps8-05; 6; 9; 125000; 25227
2023-05-28 12:58:17; hka-aqm-am205;  31.07;  24.40;   426;   560;   960;   280;     0;     0;   -97;   -97;   8.8; drag-lps8-05; 0; 9; 125000; 25228
2023-05-28 13:13:24; hka-aqm-am205;  30.84;  24.64;   428;   561;   939;   276;     3;     0;  -102;  -102;   7.0; drag-lps8-03; 5; 9; 125000; 25229
2023-05-28 13:28:30; hka-aqm-am205;  30.70;  24.85;   426;   569;   917;   273;     3;     0;  -100;  -100;  10.5; drag-lps8-05; 3; 9; 125000; 25230
2023-05-28 13:43:37; hka-aqm-am205;  30.57;  24.99;   427;   567;   911;   275;     0;     0;  -103;  -103;   8.8; drag-lps8-03; 7; 9; 125000; 25231
2023-05-28 13:58:44; hka-aqm-am205;  30.47;  25.12;   430;   564;   908;   275;     3;     0;  -102;  -102;   7.0; drag-lps8-03; 5; 9; 125000; 25232
2023-05-28 14:13:50; hka-aqm-am205;  30.39;  25.23;   425;   565;   901;   274;     0;     0;   -96;   -96;   9.8; drag-lps8-05; 1; 9; 125000; 25233
2023-05-28 14:28:57; hka-aqm-am205;  30.34;  25.26;   425;   536;   889;   270;     0;     0;  -103;  -103;  10.0; drag-lps8-03; 0; 9; 125000; 25234
2023-05-28 14:44:04; hka-aqm-am205;  30.28;  25.36;   422;   540;   884;   269;     3;     0;   -96;   -96;   8.2; drag-lps8-05; 2; 9; 125000; 25235
2023-05-28 14:59:11; hka-aqm-am205;  30.26;  25.40;   426;   566;   880;   268;     0;     0;   -94;   -94;   8.5; drag-lps8-05; 4; 9; 125000; 25236
2023-05-28 15:14:17; hka-aqm-am205;  30.28;  25.40;   423;   566;   881;   270;     1;     0;   -95;   -95;   9.2; drag-lps8-05; 6; 9; 125000; 25237
2023-05-28 15:29:24; hka-aqm-am205;  30.32;  25.36;   419;   583;   881;   268;     3;     0;   -99;   -99;   8.8; drag-lps8-05; 4; 9; 125000; 25238
2023-05-28 15:44:30; hka-aqm-am205;  30.38;  25.33;   420;   564;   876;   265;     1;     0;   -94;   -94;   8.0; drag-lps8-05; 7; 9; 125000; 25239
2023-05-28 15:59:37; hka-aqm-am205;  30.42;  25.26;   420;   565;   879;   267;     0;     0;  -101;  -101;   9.0; drag-lps8-03; 1; 9; 125000; 25240
2023-05-28 16:14:44; hka-aqm-am205;  30.47;  25.19;   420;   556;   870;   263;     3;     0;   -99;   -99;  11.0; drag-lps8-05; 0; 9; 125000; 25241
2023-05-28 16:29:51; hka-aqm-am205;  30.50;  25.12;   427;   559;   860;   257;     1;     0;  -102;  -102;   7.2; drag-lps8-03; 3; 9; 125000; 25242
2023-05-28 16:44:57; hka-aqm-am205;  30.52;  25.12;   422;   561;   853;   254;     1;     0;   -94;   -94;   8.0; drag-lps8-05; 6; 9; 125000; 25243
2023-05-28 17:00:04; hka-aqm-am205;  30.54;  25.06;   420;   544;   843;   250;     3;     0;   -96;   -96;   7.0; drag-lps8-05; 5; 9; 125000; 25244
2023-05-28 17:15:10; hka-aqm-am205;  30.57;  25.02;   420;   610;   832;   245;     1;     0;  -100;  -100;   7.0; drag-lps8-03; 2; 9; 125000; 25245
2023-05-28 17:30:16; hka-aqm-am205;  30.58;  25.02;   416;   560;   814;   237;     2;     0;  -103;  -103;   9.8; drag-lps8-03; 1; 9; 125000; 25246
2023-05-28 17:45:24; hka-aqm-am205;  30.59;  24.99;   417;   544;   789;   227;     3;     0;   -94;   -94;   8.5; drag-lps8-05; 7; 9; 125000; 25247
2023-05-28 18:00:30; hka-aqm-am205;  30.60;  25.02;   423;   540;   762;   217;     0;     0;   -93;   -93;   9.0; drag-lps8-05; 4; 9; 125000; 25248
2023-05-28 18:15:36; hka-aqm-am205;  30.57;  25.06;   419;   561;   738;   207;     0;     0;   -96;   -96;  10.0; drag-lps8-05; 6; 9; 125000; 25249
2023-05-28 18:30:43; hka-aqm-am205;  30.58;  25.06;   420;   546;   707;   197;     3;     0;  -100;  -100;  10.2; drag-lps8-05; 3; 9; 125000; 25250
2023-05-28 18:45:49; hka-aqm-am205;  30.56;  25.12;   425;   567;   675;   188;     3;     0;  -101;  -101;   7.2; drag-lps8-03; 5; 9; 125000; 25251
2023-05-28 19:00:56; hka-aqm-am205;  30.53;  25.12;   419;   559;   631;   173;     1;     0;  -101;  -101;   7.2; drag-lps8-03; 2; 9; 125000; 25252
2023-05-28 19:16:04; hka-aqm-am205;  30.50;  25.19;   417;   570;   579;   158;     3;     0;   -96;   -96;  11.0; drag-lps8-05; 0; 9; 125000; 25253
2023-05-28 19:31:10; hka-aqm-am205;  30.48;  25.26;   421;   569;   526;   143;     0;     0;  -102;  -102;   7.8; drag-lps8-03; 2; 9; 125000; 25254
2023-05-28 19:46:17; hka-aqm-am205;  30.43;  25.26;   415;   565;   469;   128;     0;     0;   -96;   -96;   7.8; drag-lps8-05; 5; 9; 125000; 25255
2023-05-28 20:01:24; hka-aqm-am205;  30.37;  25.33;   423;   561;   396;   109;     3;     0;   -96;   -96;   9.5; drag-lps8-05; 6; 9; 125000; 25256
2023-05-28 20:16:30; hka-aqm-am205;  30.32;  25.40;   423;   562;   306;    84;     0;     0;   -94;   -94;   8.2; drag-lps8-05; 7; 9; 125000; 25257
2023-05-28 20:31:37; hka-aqm-am205;  30.21;  25.50;   414;   566;   205;    56;     1;     1;   -99;   -99;   9.5; drag-lps8-03; 4; 9; 125000; 25258
2023-05-28 20:46:44; hka-aqm-am205;  30.15;  25.60;   425;   562;   104;    25;     3;     1;  -101;  -101;   8.8; drag-lps8-03; 3; 9; 125000; 25259
2023-05-28 21:01:50; hka-aqm-am205;  30.02;  25.74;   420;   548;    45;    11;     0;     0;   -96;   -96;  10.2; drag-lps8-05; 1; 9; 125000; 25260
2023-05-28 21:16:56; hka-aqm-am205;  29.92;  25.84;   417;   565;    16;     3;     1;     0;  -103;  -103;  10.5; drag-lps8-03; 0; 9; 125000; 25261
2023-05-28 21:32:03; hka-aqm-am205;  29.82;  25.95;   418;   564;     7;     1;     3;     1;  -101;  -101;  10.5; drag-lps8-03; 4; 9; 125000; 25262
2023-05-28 21:47:10; hka-aqm-am205;  29.73;  26.08;   421;   567;     6;     1;     0;     0;  -102;  -102;   8.8; drag-lps8-03; 3; 9; 125000; 25263
2023-05-28 22:02:16; hka-aqm-am205;  29.64;  26.15;   417;   562;     6;     1;     1;     0;  -102;  -102;   9.2; drag-lps8-03; 1; 9; 125000; 25264
2023-05-28 22:17:24; hka-aqm-am205;  29.54;  26.22;   419;   559;     8;     2;     3;     1;  -101;  -101;   9.0; drag-lps8-03; 6; 9; 125000; 25265
2023-05-28 22:32:30; hka-aqm-am205;  29.48;  26.36;   420;   529;     6;     1;     0;     0;   -98;   -98;  11.0; drag-lps8-05; 7; 9; 125000; 25266
2023-05-28 22:47:37; hka-aqm-am205;  29.40;  26.39;   420;   556;     6;     1;     1;     0;  -103;  -103;   8.8; drag-lps8-03; 0; 9; 125000; 25267
2023-05-28 23:02:43; hka-aqm-am205;  29.31;  26.49;   420;   556;     6;     1;     3;     1;  -100;  -100;   8.0; drag-lps8-03; 5; 9; 125000; 25268
2023-05-28 23:17:49; hka-aqm-am205;  29.23;  26.56;   422;   592;     6;     1;     1;     0;  -100;  -100;   7.0; drag-lps8-03; 2; 9; 125000; 25269
2023-05-28 23:32:56; hka-aqm-am205;  29.19;  26.66;   426;   572;     8;     2;     2;     0;   -97;   -97;   9.8; drag-lps8-05; 0; 9; 125000; 25270
2023-05-28 23:48:02; hka-aqm-am205;  29.13;  26.76;   423;   561;     6;     0;     3;     1;  -102;  -102;   9.5; drag-lps8-03; 1; 9; 125000; 25271
