# Logfile LoRaWAN TTN/TTS V3 logger version hka-log V 1.1
date_time;device_id;tmp;hum;CO2;VOC;vis;IR;WIFI;BLE;rssi;channel_rssi;snr;gateway;channel_index;spreading_factor;bandwidth;f_cnt
2023-06-08 00:13:18; hka-aqm-am005;  26.24;  39.07;   528;  1270;     7;     0;     4;     8;  -115;  -115;  -3.2; drag-lps8-03; 6; 7; 125000; 444
2023-06-08 00:28:24; hka-aqm-am005;  26.23;  39.07;   528;  1229;     7;     0;     4;     8;  -118;  -118;  -3.0; drag-lps8-03; 2; 7; 125000; 445
2023-06-08 00:43:30; hka-aqm-am005;  26.23;  39.03;   532;  1238;     7;     0;     1;     0;  -112;  -112;   1.8; drag-lps8-05; 3; 7; 125000; 446
2023-06-08 00:58:37; hka-aqm-am005;  26.22;  39.03;   530;  1230;     7;     0;     4;     8;  -114;  -114; nan; drag-lps8-03; 5; 7; 125000; 447
2023-06-08 01:13:43; hka-aqm-am005;  26.16;  39.10;   529;  1218;     7;     0;     4;     8;  -115;  -115;   0.2; drag-lps8-03; 0; 7; 125000; 448
2023-06-08 01:28:50; hka-aqm-am005;  26.14;  39.13;   531;  1236;     7;     0;     4;     0;  -119;  -119;  -2.2; drag-lps8-03; 7; 7; 125000; 449
2023-06-08 01:43:58; hka-aqm-am005;  26.10;  39.16;   528;  1214;     7;     0;     4;     8;  -109;  -109;   3.2; drag-lps8-05; 5; 7; 125000; 450
2023-06-08 01:59:04; hka-aqm-am005;  26.08;  39.16;   528;  1221;     7;     0;     4;     8;  -109;  -109;   4.5; drag-lps8-05; 1; 7; 125000; 451
2023-06-08 02:14:10; hka-aqm-am005;  26.04;  39.20;   528;  1220;     7;     0;     3;     0;  -125;  -125;  -8.0; drag-lps8-03; 6; 7; 125000; 452
2023-06-08 02:29:17; hka-aqm-am005;  26.02;  39.30;   533;  1231;     7;     0;     4;     8;  -113;  -113;   2.0; drag-lps8-05; 3; 7; 125000; 453
2023-06-08 02:44:23; hka-aqm-am005;  26.01;  39.30;   533;  1224;     7;     0;     4;     8;  -113;  -113;   4.5; drag-lps8-05; 4; 7; 125000; 454
2023-06-08 02:59:30; hka-aqm-am005;  26.00;  39.30;   534;  1230;     7;     0;     1;     0;  -126;  -126;  -5.5; drag-lps8-03; 0; 7; 125000; 455
2023-06-08 03:14:38; hka-aqm-am005;  25.97;  39.36;   536;  1232;     7;     0;     4;     8;  -108;  -108;   4.2; drag-lps8-05; 2; 7; 125000; 456
2023-06-08 03:29:44; hka-aqm-am005;  25.93;  39.36;   536;  1234;     7;     0;     4;     8;  -120;  -120;  -2.5; drag-lps8-03; 7; 7; 125000; 457
2023-06-08 03:44:51; hka-aqm-am005;  25.91;  39.36;   530;  1231;     7;     0;     3;     0;  -109;  -109;   5.5; drag-lps8-05; 0; 7; 125000; 458
2023-06-08 03:59:58; hka-aqm-am005;  25.89;  39.43;   528;  1224;     7;     0;     4;     8;  -108;  -108;   4.5; drag-lps8-05; 2; 7; 125000; 459
2023-06-08 04:15:04; hka-aqm-am005;  25.87;  39.43;   532;  1214;     7;     0;     4;     8;  -113;  -113;   4.2; drag-lps8-05; 4; 7; 125000; 460
2023-06-08 04:30:11; hka-aqm-am005;  25.84;  39.46;   536;  1201;     7;     0;     0;     0;  -112;  -112;   1.5; drag-lps8-05; 3; 7; 125000; 461
2023-06-08 04:45:18; hka-aqm-am005;  25.82;  39.49;   538;  1195;     7;     0;     4;     8;  -109;  -109;   1.0; drag-lps8-05; 5; 7; 125000; 462
2023-06-08 05:00:25; hka-aqm-am005;  25.82;  39.43;   534;  1140;     8;     1;     4;     8;  -109;  -109;   3.0; drag-lps8-05; 6; 7; 125000; 463
2023-06-08 05:15:31; hka-aqm-am005;  25.80;  39.49;   532;  1157;     9;     1;     1;     0;  -113;  -113;   4.8; drag-lps8-05; 7; 7; 125000; 464
2023-06-08 05:30:39; hka-aqm-am005;  25.77;  39.49;   534;  1092;    14;     2;     4;     8;  -109;  -109;   4.8; drag-lps8-05; 1; 7; 125000; 465
2023-06-08 05:45:45; hka-aqm-am005;  25.75;  39.53;   531;  1113;    20;     4;     4;     8;  -113;  -113;   4.8; drag-lps8-05; 4; 7; 125000; 466
2023-06-08 06:00:51; hka-aqm-am005;  25.74;  39.53;   528;  1070;    27;     5;     0;     0;  -112;  -112;   2.8; drag-lps8-05; 6; 7; 125000; 467
2023-06-08 06:15:59; hka-aqm-am005;  25.72;  39.56;   530;  1052;    36;     7;     4;     8;  -113;  -113;   5.0; drag-lps8-05; 7; 7; 125000; 468
2023-06-08 06:31:05; hka-aqm-am005;  25.71;  39.53;   534;  1050;    44;     9;     4;     8;  -109;  -109;   3.5; drag-lps8-05; 2; 7; 125000; 469
2023-06-08 06:46:11; hka-aqm-am005;  25.72;  39.49;   529;  1032;    60;    14;     1;     0;  -109;  -109;   4.0; drag-lps8-05; 1; 7; 125000; 470
2023-06-08 07:01:19; hka-aqm-am005;  25.74;  39.56;   534;  1017;   122;    34;     4;     8;  -110;  -110;   1.2; drag-lps8-05; 3; 7; 125000; 471
2023-06-08 07:16:25; hka-aqm-am005;  25.72;  39.49;   528;  1014;    59;    17;     4;     8;  -112;  -112;   5.2; drag-lps8-05; 0; 7; 125000; 472
2023-06-08 07:31:31; hka-aqm-am005;  25.71;  39.53;   532;   989;    46;    11;     0;     0;  -109;  -109;   4.2; drag-lps8-05; 5; 7; 125000; 473
2023-06-08 07:46:39; hka-aqm-am005;  25.71;  39.53;   528;   982;    51;    12;     4;     8;  -113;  -113;   1.2; drag-lps8-05; 3; 7; 125000; 474
2023-06-08 08:01:45; hka-aqm-am005;  25.69;  39.59;   528;   967;    77;    19;     4;     8;  -111;  -111;   0.2; drag-lps8-05; 5; 7; 125000; 475
2023-06-08 08:16:52; hka-aqm-am005;  25.68;  39.62;   541;   957;    52;    13;     1;     0;  -109;  -109;   4.0; drag-lps8-05; 1; 7; 125000; 476
2023-06-08 08:31:58; hka-aqm-am005;  25.69;  39.62;   534;   947;   126;    31;     4;     8;  -112;  -112;   4.5; drag-lps8-05; 7; 7; 125000; 477
2023-06-08 08:47:11; hka-aqm-am005;  25.70;  39.59;   534;   943;    69;    18;     1;     0;  -125;  -125;  -6.8; drag-lps8-03; 4; 7; 125000; 479
2023-06-08 09:02:17; hka-aqm-am005;  25.70;  39.62;   532;   936;    79;    21;     4;     8;  -113;  -113;   5.5; drag-lps8-05; 0; 7; 125000; 480
2023-06-08 09:17:23; hka-aqm-am005;  25.73;  39.66;   532;   929;   125;    32;     4;     8;  -112;  -112;   2.5; drag-lps8-05; 6; 7; 125000; 481
2023-06-08 09:32:30; hka-aqm-am005;  25.76;  39.69;   537;   908;   158;    40;     1;     0;  -113;  -113;   5.5; drag-lps8-05; 0; 7; 125000; 482
2023-06-08 09:47:36; hka-aqm-am005;  25.79;  39.66;   537;   912;   118;    29;     1;     0;  -111;  -111;   4.0; drag-lps8-05; 1; 7; 125000; 483
2023-06-08 10:02:42; hka-aqm-am005;  25.78;  39.69;   528;   918;   112;    26;     4;     8;  -112;  -112;   3.2; drag-lps8-05; 5; 7; 125000; 484
2023-06-08 10:17:49; hka-aqm-am005;  25.76;  39.76;   534;   897;    92;    21;     2;     0;  -109;  -109;   4.2; drag-lps8-05; 2; 7; 125000; 485
2023-06-08 10:32:55; hka-aqm-am005;  25.76;  39.79;   530;   895;   124;    30;     2;     0;  -122;  -122;  -7.2; drag-lps8-03; 6; 7; 125000; 486
2023-06-08 10:48:01; hka-aqm-am005;  25.79;  39.76;   541;   882;   140;    35;     4;     8;  -113;  -113;   1.2; drag-lps8-05; 3; 7; 125000; 487
2023-06-08 11:03:08; hka-aqm-am005;  25.83;  39.76;   529;   887;   197;    54;     4;     8;  -109;  -109;   4.8; drag-lps8-05; 7; 7; 125000; 488
2023-06-08 11:18:14; hka-aqm-am005;  25.90;  39.76;   540;   885;   307;    89;     1;     0;  -111;  -111;   4.5; drag-lps8-05; 4; 7; 125000; 489
2023-06-08 11:33:20; hka-aqm-am005;  25.98;  39.82;   534;   884;   277;    80;     4;     8;  -123;  -123;  -8.0; drag-lps8-03; 2; 7; 125000; 490
2023-06-08 11:41:57; hka-aqm-am005;  26.01;  39.89;   535;   878;   229;    63;     4;     8;  -108;  -108;   4.5; drag-lps8-05; 1; 7; 125000; 491
2023-06-08 11:47:59; hka-aqm-am005;  26.04;  39.89;   528;   887;   260;    74;     3;     0;  -110;  -110;   1.0; drag-lps8-05; 3; 7; 125000; 492
2023-06-08 12:03:05; hka-aqm-am005;  26.04;  39.89;   533;   869;   220;    61;     3;     3;  -126;  -126;  -6.8; drag-lps8-03; 0; 7; 125000; 493
2023-06-08 12:18:12; hka-aqm-am005;  26.13;  39.76;   534;   861;   224;    62;     2;     2;  -118;  -118;  -1.5; drag-lps8-03; 4; 7; 125000; 494
2023-06-08 12:33:18; hka-aqm-am005;  26.08;  39.72;   529;   840;   239;    65;     3;     5;  -116;  -116;  -3.5; drag-lps8-03; 6; 7; 125000; 495
2023-06-08 12:48:24; hka-aqm-am005;  26.17;  39.66;   532;   825;   251;    68;     3;     5;  -117;  -117;  -2.0; drag-lps8-03; 7; 7; 125000; 496
2023-06-08 13:03:31; hka-aqm-am005;  26.20;  39.69;   533;   814;   282;    76;     1;     3;  -120;  -120;  -4.5; drag-lps8-03; 5; 7; 125000; 497
2023-06-08 13:18:39; hka-aqm-am005;  26.22;  39.76;   530;   809;   322;    88;     3;     6;  -116;  -116;  -2.5; drag-lps8-03; 7; 7; 125000; 498
2023-06-08 13:33:45; hka-aqm-am005;  26.25;  39.49;   538;   804;   339;    92;     3;     7;  -117;  -117;  -1.8; drag-lps8-03; 5; 7; 125000; 499
2023-06-08 13:48:51; hka-aqm-am005;  26.35;  39.66;   533;   800;   357;    96;     1;     4;  -112;  -112;   2.5; drag-lps8-05; 3; 7; 125000; 500
2023-06-08 14:04:00; hka-aqm-am005;  26.37;  39.49;   534;   798;   370;    99;     4;     8;  -117;  -117;  -3.8; drag-lps8-03; 2; 7; 125000; 501
2023-06-08 14:19:06; hka-aqm-am005;  26.41;  39.23;   532;   796;   381;   100;     4;     8;  -108;  -108;   4.2; drag-lps8-05; 4; 7; 125000; 502
2023-06-08 14:34:13; hka-aqm-am005;  26.50;  39.36;   532;   794;   377;    98;     1;     4;  -116;  -116;  -3.5; drag-lps8-03; 6; 7; 125000; 503
2023-06-08 14:49:20; hka-aqm-am005;  26.50;  39.30;   528;   793;   353;    91;     4;     8;  -115;  -115;  -0.8; drag-lps8-03; 0; 7; 125000; 504
2023-06-08 15:04:26; hka-aqm-am005;  26.51;  39.39;   532;   794;   407;   103;     4;     8;  -111;  -111;   3.0; drag-lps8-05; 1; 7; 125000; 505
2023-06-08 15:19:33; hka-aqm-am005;  26.46;  39.33;   534;   789;   465;   117;     1;     5;  -113;  -113;   5.2; drag-lps8-05; 0; 7; 125000; 506
2023-06-08 15:24:39; hka-aqm-am005;  26.55;  39.23;   529;   790;   275;    66;     4;     8;  -114;  -114;  -1.0; drag-lps8-03; 7; 7; 125000; 507
2023-06-08 15:25:19; hka-aqm-am005;  26.51;  39.23;   532;   789;   206;    46;     1;     5;  -116;  -116;  -2.5; drag-lps8-03; 1; 7; 125000; 508
2023-06-08 15:40:26; hka-aqm-am005;  26.54;  39.13;   534;   786;   103;    27;     2;     6;  -116;  -116;  -2.5; drag-lps8-03; 2; 7; 125000; 509
2023-06-08 15:55:32; hka-aqm-am005;  26.48;  39.10;   530;   786;    50;    14;     4;     1;  -109;  -109;   0.8; drag-lps8-05; 5; 7; 125000; 510
2023-06-08 16:10:41; hka-aqm-am005;  26.42;  39.20;   528;   777;    44;    11;     4;     6;  -110;  -110;   2.2; drag-lps8-05; 3; 7; 125000; 511
2023-06-08 16:25:47; hka-aqm-am005;  26.37;  39.33;   528;   777;    43;    11;     4;     7;  -115;  -115;  -1.8; drag-lps8-03; 6; 7; 125000; 512
2023-06-08 16:40:53; hka-aqm-am005;  26.32;  39.53;   528;   781;    47;    12;     2;     6;  -112;  -112;   4.5; drag-lps8-05; 4; 7; 125000; 513
2023-06-08 16:56:01; hka-aqm-am005;  26.32;  39.59;   532;   781;    80;    20;     4;    11;  -112;  -112;   3.0; drag-lps8-05; 2; 7; 125000; 514
2023-06-08 17:11:07; hka-aqm-am005;  26.29;  39.62;   534;   777;   132;    33;     4;    11;  -116;  -116;  -1.2; drag-lps8-03; 5; 7; 125000; 515
2023-06-08 17:26:13; hka-aqm-am005;  26.25;  39.92;   530;   775;   236;    59;     1;     6;  -117;  -117;  -2.2; drag-lps8-03; 7; 7; 125000; 516
2023-06-08 17:41:21; hka-aqm-am005;  26.25;  39.95;   534;   775;   263;    66;     4;    11;  -112;  -112;   1.2; drag-lps8-05; 3; 7; 125000; 517
2023-06-08 17:56:27; hka-aqm-am005;  26.26;  39.99;   534;   777;   294;    74;     4;    11;  -113;  -113;   5.5; drag-lps8-05; 0; 7; 125000; 518
2023-06-08 18:11:33; hka-aqm-am005;  26.36;  39.89;   528;   780;   309;    78;     1;     3;  -122;  -122;  -6.8; drag-lps8-03; 1; 7; 125000; 519
2023-06-08 18:13:20; hka-aqm-am005;  26.38;  39.82;   528;   777;   496;   131;     4;    11;  -112;  -112;   2.8; drag-lps8-05; 6; 7; 125000; 520
2023-06-08 18:13:40; hka-aqm-am005;  26.39;  39.76;   528;   779;   552;   145;     2;     3;  -109;  -109;   4.2; drag-lps8-05; 4; 7; 125000; 521
2023-06-08 18:14:21; hka-aqm-am005;  26.38;  39.82;   528;   778;   474;   125;     2;     3;  -111;  -111;   3.0; drag-lps8-05; 6; 7; 125000; 522
2023-06-08 18:14:40; hka-aqm-am005;  26.43;  39.76;   528;   781;   373;    97;     2;     3;  -116;  -116;  -1.5; drag-lps8-03; 5; 7; 125000; 523
2023-06-08 18:29:46; hka-aqm-am005;  26.64;  39.39;   528;   800;   231;    54;     4;     5;  -113;  -113;   2.0; drag-lps8-05; 3; 7; 125000; 524
2023-06-08 18:44:52; hka-aqm-am005;  26.64;  39.43;   534;   804;   172;    38;     1;     1;  -112;  -112;   5.5; drag-lps8-05; 0; 7; 125000; 525
2023-06-08 19:00:01; hka-aqm-am005;  26.61;  39.66;   530;   783;   166;    35;     4;     5;  -116;  -116;  -1.8; drag-lps8-03; 4; 7; 125000; 526
2023-06-08 19:15:07; hka-aqm-am005;  26.56;  40.02;   528;   782;   145;    30;     4;     5;  -119;  -119;  -4.8; drag-lps8-03; 1; 7; 125000; 527
2023-06-08 19:30:13; hka-aqm-am005;  26.50;  40.15;   535;   786;   124;    25;     1;     3;  -108;  -108;   3.5; drag-lps8-05; 2; 7; 125000; 528
2023-06-08 19:45:21; hka-aqm-am005;  26.49;  40.18;   529;   779;   105;    21;     4;     5;  -118;  -118;  -3.2; drag-lps8-03; 7; 7; 125000; 529
2023-06-08 20:00:27; hka-aqm-am005;  26.46;  40.31;   529;   768;    85;    17;     4;     8;  -112;  -112;   2.8; drag-lps8-05; 3; 7; 125000; 530
2023-06-08 20:15:33; hka-aqm-am005;  26.43;  40.35;   528;   772;    70;    14;     3;     3;  -114;  -114;  -1.2; drag-lps8-03; 4; 7; 125000; 531
2023-06-08 20:30:41; hka-aqm-am005;  26.38;  40.54;   528;   764;    51;    10;     4;     8;  -108;  -108;   4.2; drag-lps8-05; 1; 7; 125000; 532
2023-06-08 20:45:48; hka-aqm-am005;  26.40;  40.54;   532;   773;    38;     8;     4;     8;  -109;  -109;   4.8; drag-lps8-05; 0; 7; 125000; 533
2023-06-08 21:00:54; hka-aqm-am005;  26.36;  40.71;   528;   780;    22;     4;     1;     5;  -109;  -109;   3.5; drag-lps8-05; 2; 7; 125000; 534
2023-06-08 21:16:02; hka-aqm-am005;  26.34;  40.74;   528;   783;    13;     2;     4;     8;  -112;  -112;   4.8; drag-lps8-05; 7; 7; 125000; 535
2023-06-08 21:31:08; hka-aqm-am005;  26.28;  40.87;   534;   780;     9;     1;     2;     3;  -111;  -111;   3.2; drag-lps8-05; 6; 7; 125000; 536
2023-06-08 21:46:14; hka-aqm-am005;  26.26;  40.68;   534;   789;     7;     1;     3;     3;  -110;  -110;   4.2; drag-lps8-05; 5; 7; 125000; 537
2023-06-08 22:01:21; hka-aqm-am005;  26.23;  40.68;   529;   804;     7;     0;     4;     8;  -114;  -114;  -2.5; drag-lps8-03; 1; 7; 125000; 538
2023-06-08 22:16:27; hka-aqm-am005;  26.22;  40.68;   532;   803;     7;     0;     4;     8;  -112;  -112;   0.5; drag-lps8-05; 5; 7; 125000; 539
2023-06-08 22:31:34; hka-aqm-am005;  26.18;  40.68;   532;   811;     7;     0;     2;     0;  -111;  -111;   0.8; drag-lps8-05; 3; 7; 125000; 540
2023-06-08 22:46:40; hka-aqm-am005;  26.14;  40.81;   535;   807;     7;     0;     4;     8;  -116;  -116;  -1.5; drag-lps8-03; 4; 7; 125000; 541
2023-06-08 23:01:46; hka-aqm-am005;  26.10;  41.00;   528;   807;     7;     0;     4;     8;  -118;  -118;  -3.2; drag-lps8-03; 7; 7; 125000; 542
2023-06-08 23:16:52; hka-aqm-am005;  26.06;  41.07;   528;   827;     7;     0;     1;     0;  -117;  -117;  -5.0; drag-lps8-03; 6; 7; 125000; 543
2023-06-08 23:32:01; hka-aqm-am005;  26.01;  41.20;   532;   820;     7;     0;     4;     8;  -110;  -110;   2.2; drag-lps8-05; 2; 7; 125000; 544
2023-06-08 23:47:07; hka-aqm-am005;  26.00;  41.23;   528;   814;     7;     0;     4;     8;  -114;  -114;   3.8; drag-lps8-05; 0; 7; 125000; 545
