# Logfile LoRaWAN TTN/TTS V3 logger version hka-log V 1.1
date_time;device_id;tmp;hum;CO2;VOC;vis;IR;WIFI;BLE;rssi;channel_rssi;snr;gateway;channel_index;spreading_factor;bandwidth;f_cnt
2022-12-31 00:01:27; hka-aqm-am109;  21.75;  48.29;   413;   683;     6;     2;     2;     2;   -46;   -46;   7.8; drag-lps8-01; 5; 8; 125000; 1162
2022-12-31 00:16:33; hka-aqm-am109;  21.78;  48.80;   411;   700;     4;     0;     2;     2;   -48;   -48;  11.2; drag-lps8-01; 7; 8; 125000; 1163
2022-12-31 00:31:39; hka-aqm-am109;  21.77;  49.22;   413;   719;     6;     2;     2;     2;   -45;   -45;   8.8; drag-lps8-01; 2; 8; 125000; 1164
2022-12-31 00:46:48; hka-aqm-am109;  21.78;  49.66;   415;   722;     4;     0;     2;     2;   -47;   -47;  11.8; drag-lps8-01; 6; 8; 125000; 1165
2022-12-31 01:01:54; hka-aqm-am109;  21.78;  49.41;   415;   699;     6;     2;     2;     2;   -46;   -46;   9.8; drag-lps8-01; 1; 8; 125000; 1166
2022-12-31 01:17:01; hka-aqm-am109;  21.80;  49.38;   418;   693;     4;     0;     2;     2;   -48;   -48;  12.0; drag-lps8-01; 4; 8; 125000; 1167
2022-12-31 01:32:07; hka-aqm-am109;  21.80;  49.82;   411;   679;     4;     0;     2;     2;   -48;   -48;  11.0; drag-lps8-01; 7; 8; 125000; 1168
2022-12-31 01:47:14; hka-aqm-am109;  21.80;  50.17;   417;   645;     4;     0;     2;     2;   -48;   -48;  10.5; drag-lps8-01; 0; 8; 125000; 1169
2022-12-31 02:02:20; hka-aqm-am109;  21.80;  50.17;   411;   695;     4;     0;     2;     2;   -49;   -49;  11.0; drag-lps8-01; 3; 8; 125000; 1170
2022-12-31 02:17:26; hka-aqm-am109;  21.78;  50.11;   417;   689;     4;     0;     2;     2;   -47;   -47;   8.5; drag-lps8-01; 5; 8; 125000; 1171
2022-12-31 02:47:39; hka-aqm-am109;  21.80;  49.09;   412;   683;     4;     0;     2;     2;   -48;   -48;  10.8; drag-lps8-01; 6; 8; 125000; 1173
2022-12-31 03:02:47; hka-aqm-am109;  21.80;  48.45;   411;   635;     4;     1;     2;     2;   -46;   -46;   8.5; drag-lps8-01; 5; 8; 125000; 1174
2022-12-31 03:17:53; hka-aqm-am109;  21.79;  47.78;   411;   665;     4;     0;     2;     2;   -47;   -47;   8.8; drag-lps8-01; 2; 8; 125000; 1175
2022-12-31 03:32:59; hka-aqm-am109;  21.78;  47.42;   416;   663;     4;     0;     2;     2;   -48;   -48;  12.5; drag-lps8-01; 4; 8; 125000; 1176
2022-12-31 03:48:08; hka-aqm-am109;  21.79;  47.01;   414;   661;     4;     0;     2;     2;   -47;   -47;   8.0; drag-lps8-01; 7; 8; 125000; 1177
2022-12-31 04:03:14; hka-aqm-am109;  21.78;  46.94;   413;   670;     4;     1;     2;     2;   -46;   -46;  10.2; drag-lps8-01; 1; 8; 125000; 1178
2022-12-31 04:18:20; hka-aqm-am109;  21.80;  47.23;   423;   657;     4;     0;     2;     2;   -49;   -49;  11.5; drag-lps8-01; 3; 8; 125000; 1179
2022-12-31 04:33:28; hka-aqm-am109;  21.78;  47.17;   412;   678;     4;     1;     2;     2;   -49;   -49;  11.2; drag-lps8-01; 0; 8; 125000; 1180
2022-12-31 04:48:34; hka-aqm-am109;  21.80;  47.33;   411;   669;     4;     0;     2;     2;   -47;   -47;  10.0; drag-lps8-01; 6; 8; 125000; 1181
2022-12-31 05:03:40; hka-aqm-am109;  21.80;  47.68;   414;   655;     4;     0;     2;     2;   -49;   -49;  11.2; drag-lps8-01; 3; 8; 125000; 1182
2022-12-31 05:18:47; hka-aqm-am109;  21.78;  47.68;   413;   641;     4;     1;     2;     2;   -48;   -48;  11.8; drag-lps8-01; 1; 8; 125000; 1183
2022-12-31 05:33:53; hka-aqm-am109;  21.80;  48.16;   411;   651;     6;     2;     2;     2;   -48;   -48;  11.5; drag-lps8-01; 4; 8; 125000; 1184
2022-12-31 05:48:59; hka-aqm-am109;  21.81;  48.10;   414;   655;     4;     0;     2;     2;   -49;   -49;  11.5; drag-lps8-01; 7; 8; 125000; 1185
2022-12-31 06:04:07; hka-aqm-am109;  21.81;  48.23;   417;   645;     4;     1;     2;     2;   -47;   -47;   8.2; drag-lps8-01; 2; 8; 125000; 1186
2022-12-31 06:19:14; hka-aqm-am109;  21.76;  48.32;   414;   645;     4;     1;     2;     2;   -47;   -47;   7.8; drag-lps8-01; 5; 8; 125000; 1187
2022-12-31 06:34:20; hka-aqm-am109;  21.80;  48.45;   415;   646;     6;     2;     2;     2;   -47;   -47;  10.0; drag-lps8-01; 4; 8; 125000; 1188
2022-12-31 06:49:26; hka-aqm-am109;  21.78;  48.48;   411;   645;     4;     1;     2;     2;   -48;   -48;  11.8; drag-lps8-01; 1; 8; 125000; 1189
2022-12-31 07:04:33; hka-aqm-am109;  21.78;  48.51;   413;   640;     6;     2;     2;     2;   -48;   -48;  11.5; drag-lps8-01; 6; 8; 125000; 1190
2022-12-31 07:19:39; hka-aqm-am109;  21.80;  48.13;   411;   643;     6;     2;     2;     2;   -47;   -47;   8.8; drag-lps8-01; 5; 8; 125000; 1191
2022-12-31 07:34:47; hka-aqm-am109;  21.78;  47.84;   418;   639;     4;     0;     2;     2;   -48;   -48;  11.2; drag-lps8-01; 3; 8; 125000; 1192
2022-12-31 07:49:54; hka-aqm-am109;  21.79;  47.55;   417;   660;     4;     1;     2;     2;   -49;   -49;  11.2; drag-lps8-01; 0; 8; 125000; 1193
2022-12-31 08:05:00; hka-aqm-am109;  21.78;  47.33;   415;   637;     4;     0;     2;     2;   -49;   -49;  11.2; drag-lps8-01; 7; 8; 125000; 1194
2022-12-31 08:20:07; hka-aqm-am109;  21.76;  47.23;   413;   633;     4;     0;     2;     2;   -47;   -47;   8.8; drag-lps8-01; 2; 8; 125000; 1195
2022-12-31 08:35:14; hka-aqm-am109;  21.78;  47.07;   415;   630;     6;     1;     2;     2;   -49;   -49;  11.2; drag-lps8-01; 3; 8; 125000; 1196
2022-12-31 08:50:20; hka-aqm-am109;  21.78;  46.97;   413;   645;     8;     2;     2;     2;   -48;   -48;  11.8; drag-lps8-01; 1; 8; 125000; 1197
2022-12-31 09:05:26; hka-aqm-am109;  21.78;  46.81;   415;   609;     9;     2;     2;     2;   -46;   -46;   8.0; drag-lps8-01; 5; 8; 125000; 1198
2022-12-31 09:20:33; hka-aqm-am109;  21.79;  46.62;   419;   628;    14;     5;     2;     2;   -48;   -48;  11.8; drag-lps8-01; 4; 8; 125000; 1199
2022-12-31 09:35:39; hka-aqm-am109;  21.79;  46.30;   411;   629;    24;     7;     2;     2;   -47;   -47;  10.0; drag-lps8-01; 6; 8; 125000; 1200
2022-12-31 09:50:46; hka-aqm-am109;  21.78;  46.20;   411;   619;    41;    12;     2;     2;   -47;   -47;   8.5; drag-lps8-01; 2; 8; 125000; 1201
2022-12-31 10:05:52; hka-aqm-am109;  21.80;  45.91;   415;   619;    39;    11;     2;     2;   -49;   -49;  11.8; drag-lps8-01; 0; 8; 125000; 1202
2022-12-31 10:20:59; hka-aqm-am109;  21.80;  45.75;   418;   624;    46;    13;     2;     2;   -49;   -49;  11.5; drag-lps8-01; 7; 8; 125000; 1203
2022-12-31 10:36:07; hka-aqm-am109;  21.81;  45.75;   421;   612;    87;    26;     2;     2;   -49;   -49;  11.5; drag-lps8-01; 3; 8; 125000; 1204
2022-12-31 10:51:13; hka-aqm-am109;  21.80;  45.65;   411;   628;    84;    25;     2;     2;   -49;   -49;  12.2; drag-lps8-01; 0; 8; 125000; 1205
2022-12-31 11:06:20; hka-aqm-am109;  21.81;  45.68;   419;   626;    75;    21;     2;     2;   -46;   -46;  10.0; drag-lps8-01; 6; 8; 125000; 1206
2022-12-31 11:21:26; hka-aqm-am109;  21.82;  45.52;   411;   619;    86;    25;     2;     2;   -47;   -47;   8.2; drag-lps8-01; 5; 8; 125000; 1207
2022-12-31 11:36:32; hka-aqm-am109;  21.84;  45.30;   415;   616;   129;    38;     2;     2;   -48;   -48;  10.0; drag-lps8-01; 4; 8; 125000; 1208
2022-12-31 11:51:39; hka-aqm-am109;  21.86;  45.07;   415;   611;   150;    44;     2;     2;   -47;   -47;   8.2; drag-lps8-01; 2; 8; 125000; 1209
2022-12-31 12:06:46; hka-aqm-am109;  21.88;  44.84;   411;   610;   177;    53;     2;     2;   -49;   -49;  11.8; drag-lps8-01; 7; 8; 125000; 1210
2022-12-31 12:21:52; hka-aqm-am109;  21.93;  44.52;   415;   614;   185;    56;     2;     2;   -46;   -46;   9.8; drag-lps8-01; 1; 8; 125000; 1211
2022-12-31 12:36:59; hka-aqm-am109;  21.94;  44.26;   411;   629;   155;    47;     2;     2;   -48;   -48;  10.5; drag-lps8-01; 7; 8; 125000; 1212
2022-12-31 12:52:06; hka-aqm-am109;  21.95;  44.13;   415;   651;   134;    40;     2;     2;   -48;   -48;  12.2; drag-lps8-01; 1; 8; 125000; 1213
2022-12-31 13:07:12; hka-aqm-am109;  21.98;  43.97;   415;   647;   149;    45;     2;     2;   -49;   -49;  12.5; drag-lps8-01; 3; 8; 125000; 1214
2022-12-31 13:22:19; hka-aqm-am109;  21.98;  43.45;   411;   648;    93;    27;     2;     2;   -47;   -47;  10.2; drag-lps8-01; 6; 8; 125000; 1215
2022-12-31 13:37:27; hka-aqm-am109;  21.99;  43.35;   412;   645;    86;    25;     2;     2;   -47;   -47;   8.0; drag-lps8-01; 5; 8; 125000; 1216
2022-12-31 13:52:33; hka-aqm-am109;  22.00;  43.29;   411;   644;    68;    19;     2;     2;   -48;   -48;  12.2; drag-lps8-01; 4; 8; 125000; 1217
2022-12-31 14:07:39; hka-aqm-am109;  21.98;  43.12;   412;   632;    38;    11;     2;     2;   -46;   -46;   8.5; drag-lps8-01; 2; 8; 125000; 1218
2022-12-31 14:22:46; hka-aqm-am109;  21.98;  43.12;   415;   600;    39;    10;     2;     2;   -48;   -48;  10.0; drag-lps8-01; 0; 8; 125000; 1219
2022-12-31 14:37:53; hka-aqm-am109;  21.98;  43.09;   417;   624;    32;     8;     2;     2;   -47;   -47;   9.0; drag-lps8-01; 7; 8; 125000; 1220
2022-12-31 14:52:59; hka-aqm-am109;  21.98;  42.99;   417;   651;    22;     6;     2;     2;   -49;   -49;  11.8; drag-lps8-01; 3; 8; 125000; 1221
2022-12-31 15:08:06; hka-aqm-am109;  21.98;  43.16;   411;   644;    18;     5;     2;     2;   -48;   -48;  11.5; drag-lps8-01; 4; 8; 125000; 1222
2022-12-31 15:23:12; hka-aqm-am109;  21.96;  43.22;   411;   650;    14;     4;     2;     2;   -47;   -47;   8.2; drag-lps8-01; 5; 8; 125000; 1223
2022-12-31 15:38:18; hka-aqm-am109;  21.94;  43.22;   411;   618;    11;     3;     2;     2;   -45;   -45;   8.5; drag-lps8-01; 2; 8; 125000; 1224
2022-12-31 15:53:26; hka-aqm-am109;  21.92;  42.96;   411;   647;     9;     2;     2;     2;   -47;   -47;  11.8; drag-lps8-01; 6; 8; 125000; 1225
2022-12-31 16:08:33; hka-aqm-am109;  21.93;  42.70;   412;   657;     7;     1;     2;     2;   -49;   -49;  12.0; drag-lps8-01; 0; 8; 125000; 1226
2022-12-31 16:23:39; hka-aqm-am109;  21.93;  42.44;   417;   658;     5;     1;     2;     2;   -46;   -46;  10.5; drag-lps8-01; 1; 8; 125000; 1227
2022-12-31 16:38:47; hka-aqm-am109;  21.90;  42.38;   421;   654;     4;     0;     2;     2;   -48;   -48;  11.2; drag-lps8-01; 7; 8; 125000; 1228
2022-12-31 16:53:53; hka-aqm-am109;  21.90;  42.38;   417;   667;     4;     0;     2;     2;   -46;   -46;   8.0; drag-lps8-01; 2; 8; 125000; 1229
2022-12-31 17:08:59; hka-aqm-am109;  21.91;  42.38;   412;   685;     4;     0;     2;     2;   -48;   -48;  10.0; drag-lps8-01; 0; 8; 125000; 1230
2022-12-31 17:24:06; hka-aqm-am109;  21.90;  42.44;   413;   647;     4;     1;     2;     2;   -48;   -48;  12.2; drag-lps8-01; 6; 8; 125000; 1231
2022-12-31 17:39:12; hka-aqm-am109;  21.89;  42.44;   410;   705;     4;     0;     2;     2;   -48;   -48;  10.8; drag-lps8-01; 3; 8; 125000; 1232
2022-12-31 17:54:19; hka-aqm-am109;  21.89;  42.51;   415;   710;     4;     0;     2;     2;   -48;   -48;   8.5; drag-lps8-01; 5; 8; 125000; 1233
2022-12-31 18:09:27; hka-aqm-am109;  21.88;  42.44;   412;   678;     6;     2;     2;     2;   -46;   -46;  10.0; drag-lps8-01; 4; 8; 125000; 1234
2022-12-31 18:24:33; hka-aqm-am109;  21.88;  42.47;   413;   727;     6;     2;     2;     2;   -48;   -48;  11.8; drag-lps8-01; 1; 8; 125000; 1235
2022-12-31 18:39:39; hka-aqm-am109;  21.87;  42.51;   413;   713;     4;     0;     2;     2;   -49;   -49;  12.2; drag-lps8-01; 0; 8; 125000; 1236
2022-12-31 18:54:47; hka-aqm-am109;  21.88;  42.51;   410;   756;     4;     0;     2;     2;   -49;   -49;  10.5; drag-lps8-01; 7; 8; 125000; 1237
2022-12-31 19:09:53; hka-aqm-am109;  21.87;  42.51;   417;   705;     4;     0;     2;     2;   -46;   -46;   8.2; drag-lps8-01; 5; 8; 125000; 1238
2022-12-31 19:24:59; hka-aqm-am109;  21.86;  42.47;   411;   768;     4;     0;     2;     2;   -48;   -48;  10.8; drag-lps8-01; 3; 8; 125000; 1239
2022-12-31 19:40:06; hka-aqm-am109;  21.84;  42.51;   411;   760;     5;     1;     2;     2;   -48;   -48;  12.2; drag-lps8-01; 4; 8; 125000; 1240
2022-12-31 19:55:12; hka-aqm-am109;  21.85;  42.51;   413;   760;     4;     0;     2;     2;   -47;   -47;   8.8; drag-lps8-01; 2; 8; 125000; 1241
2022-12-31 20:10:18; hka-aqm-am109;  21.86;  42.38;   412;   764;     4;     0;     2;     2;   -48;   -48;  12.0; drag-lps8-01; 1; 8; 125000; 1242
2022-12-31 20:25:26; hka-aqm-am109;  21.86;  42.34;   413;   768;     4;     0;     2;     2;   -48;   -48;  12.0; drag-lps8-01; 6; 8; 125000; 1243
2022-12-31 20:40:33; hka-aqm-am109;  21.86;  42.38;   418;   771;     4;     0;     2;     2;   -46;   -46;   8.2; drag-lps8-01; 2; 8; 125000; 1244
2022-12-31 20:55:39; hka-aqm-am109;  21.86;  42.38;   413;   778;     4;     0;     2;     2;   -46;   -46;   8.0; drag-lps8-01; 5; 8; 125000; 1245
2022-12-31 21:10:47; hka-aqm-am109;  21.86;  42.51;   417;   780;     4;     0;     2;     2;   -49;   -49;  12.8; drag-lps8-01; 0; 8; 125000; 1246
2022-12-31 21:25:53; hka-aqm-am109;  21.86;  42.57;   417;   843;     4;     0;     2;     2;   -47;   -47;  10.0; drag-lps8-01; 7; 8; 125000; 1247
2022-12-31 21:40:59; hka-aqm-am109;  21.85;  42.64;   411;   866;     4;     0;     2;     2;   -49;   -49;  12.0; drag-lps8-01; 3; 8; 125000; 1248
2022-12-31 21:56:07; hka-aqm-am109;  21.84;  42.60;   411;   823;     4;     0;     2;     2;   -46;   -46;   9.8; drag-lps8-01; 1; 8; 125000; 1249
2022-12-31 22:11:13; hka-aqm-am109;  21.85;  42.57;   415;   788;     4;     0;     2;     2;   -48;   -48;  11.8; drag-lps8-01; 4; 8; 125000; 1250
2022-12-31 22:26:19; hka-aqm-am109;  21.85;  42.54;   417;   724;     4;     0;     2;     2;   -47;   -47;   9.8; drag-lps8-01; 6; 8; 125000; 1251
2022-12-31 22:41:26; hka-aqm-am109;  21.84;  42.47;   421;   746;     6;     2;     2;     2;   -46;   -46;   8.0; drag-lps8-01; 2; 8; 125000; 1252
2022-12-31 22:56:32; hka-aqm-am109;  21.86;  42.31;   413;   683;     6;     2;     2;     2;   -48;   -48;   9.5; drag-lps8-01; 7; 8; 125000; 1253
2022-12-31 23:11:38; hka-aqm-am109;  21.85;  42.31;   418;   682;     4;     1;     2;     2;   -48;   -48;  12.2; drag-lps8-01; 1; 8; 125000; 1254
2022-12-31 23:26:57; hka-aqm-am109;  21.84;  42.18;   411;   683;     4;     1;     2;     2;   -49;   -49;  11.8; drag-lps8-01; 0; 8; 125000; 1256
2022-12-31 23:42:03; hka-aqm-am109;  21.86;  42.05;   412;   679;     6;     2;     1;     0;   -47;   -47;  12.0; drag-lps8-01; 4; 8; 125000; 1257
2022-12-31 23:57:09; hka-aqm-am109;  21.86;  41.79;   413;   654;     4;     0;     2;     2;   -47;   -47;  10.5; drag-lps8-01; 6; 8; 125000; 1258
