# Logfile LoRaWAN TTN/TTS V3 logger version hka-log V 1.1
date_time;device_id;tmp;hum;CO2;VOC;vis;IR;WIFI;BLE;rssi;channel_rssi;snr;gateway;channel_index;spreading_factor;bandwidth;f_cnt
2023-06-14 00:10:57; hka-aqm-am116;  29.66;  26.76;   472;  1412;     5;     1;     3;     0;   -99;   -99;   8.5; drag-lps8-05; 1; 7; 125000; 887
2023-06-14 00:26:10; hka-aqm-am116;  29.72;  26.70;   462;  1405;     5;     0;     3;     0;   -99;   -99;   7.0; drag-lps8-05; 5; 7; 125000; 889
2023-06-14 00:41:16; hka-aqm-am116;  29.72;  26.66;   460;  1416;     5;     0;     3;     0;  -109;  -109;   5.8; drag-lps8-03; 1; 7; 125000; 890
2023-06-14 00:56:22; hka-aqm-am116;  29.75;  26.63;   452;  1391;     5;     0;     1;     0;  -116;  -116;  -0.8; drag-lps8-03; 3; 7; 125000; 891
2023-06-14 01:11:28; hka-aqm-am116;  29.77;  26.63;   458;  1395;     8;     3;     3;     0;  -100;  -100;   9.2; drag-lps8-05; 0; 7; 125000; 892
2023-06-14 01:26:35; hka-aqm-am116;  29.80;  26.63;   450;  1342;     8;     3;     3;     0;  -100;  -100;   9.2; drag-lps8-05; 7; 7; 125000; 893
2023-06-14 01:41:41; hka-aqm-am116;  29.80;  26.59;   443;  1354;     5;     0;     3;     0;   -96;   -96;   6.0; drag-lps8-05; 2; 7; 125000; 894
2023-06-14 01:56:47; hka-aqm-am116;  29.81;  26.63;   445;  1287;     8;     3;     3;     0;  -113;  -113;   3.2; drag-lps8-03; 6; 7; 125000; 895
2023-06-14 02:11:53; hka-aqm-am116;  29.82;  26.56;   447;  1305;     5;     0;     3;     0;   -99;   -99;   7.0; drag-lps8-05; 5; 7; 125000; 896
2023-06-14 02:26:59; hka-aqm-am116;  29.81;  26.56;   433;  1282;     5;     0;     3;     0;   -99;   -99;   9.8; drag-lps8-05; 4; 7; 125000; 897
2023-06-14 02:42:07; hka-aqm-am116;  29.80;  26.59;   435;  1271;     5;     0;     3;     0;   -97;   -97;   6.8; drag-lps8-05; 2; 7; 125000; 898
2023-06-14 02:57:14; hka-aqm-am116;  29.80;  26.59;   432;  1245;     8;     3;     3;     0;   -99;   -99;   8.2; drag-lps8-05; 1; 7; 125000; 899
2023-06-14 03:12:20; hka-aqm-am116;  29.80;  26.63;   427;  1249;     5;     2;     3;     1;   -97;   -97;   7.8; drag-lps8-05; 6; 7; 125000; 900
2023-06-14 03:27:27; hka-aqm-am116;  29.79;  26.63;   426;  1225;     5;     0;     3;     1;  -114;  -114;   2.2; drag-lps8-03; 4; 7; 125000; 901
2023-06-14 03:42:33; hka-aqm-am116;  29.78;  26.63;   429;  1177;     5;     1;     3;     1;  -113;  -113;   5.2; drag-lps8-03; 7; 7; 125000; 902
2023-06-14 03:57:40; hka-aqm-am116;  29.79;  26.63;   424;  1186;     5;     0;     3;     1;   -99;   -99;   7.0; drag-lps8-05; 5; 7; 125000; 903
2023-06-14 04:12:47; hka-aqm-am116;  29.77;  26.63;   421;  1125;     5;     0;     3;     1;  -101;  -101;   7.5; drag-lps8-05; 3; 7; 125000; 904
2023-06-14 04:27:53; hka-aqm-am116;  29.72;  26.66;   426;  1156;     5;     2;     3;     1;  -112;  -112;   4.8; drag-lps8-03; 0; 7; 125000; 905
2023-06-14 04:42:59; hka-aqm-am116;  29.73;  26.70;   426;  1113;     5;     0;     3;     1;  -114;  -114;   2.8; drag-lps8-03; 5; 7; 125000; 906
2023-06-14 04:58:06; hka-aqm-am116;  29.72;  26.66;   417;  1124;     7;     1;     3;     1;   -99;   -99;   8.8; drag-lps8-05; 6; 7; 125000; 907
2023-06-14 05:13:12; hka-aqm-am116;  29.13;  27.31;   418;  1059;    12;     4;     3;     1;   -97;   -97;   6.8; drag-lps8-05; 2; 7; 125000; 908
2023-06-14 05:28:27; hka-aqm-am116;  28.81;  27.51;   424;   987;    17;     3;     4;     1;  -100;  -100;   8.0; drag-lps8-05; 4; 7; 125000; 910
2023-06-14 05:43:40; hka-aqm-am116;  28.63;  27.65;   415;  1001;    27;     5;     4;     1;  -113;  -113;   1.2; drag-lps8-03; 3; 7; 125000; 912
2023-06-14 05:58:47; hka-aqm-am116;  28.47;  27.75;   415;   988;    38;     6;     4;     1;  -113;  -113;   4.5; drag-lps8-03; 0; 7; 125000; 913
2023-06-14 06:13:53; hka-aqm-am116;  28.53;  27.62;   412;   974;    48;     8;     4;     1;   -97;   -97;   6.8; drag-lps8-05; 2; 7; 125000; 914
2023-06-14 06:28:59; hka-aqm-am116;  28.42;  27.72;   410;   977;    60;    12;     4;     1;  -111;  -111;   5.5; drag-lps8-03; 0; 7; 125000; 915
2023-06-14 06:33:06; hka-aqm-am116;  28.38;  27.79;   410;   979;   370;    50;     4;     1;  -112;  -112;  -0.5; drag-lps8-05; 6; 7; 125000; 916
2023-06-14 06:36:27; hka-aqm-am116;  28.40;  28.02;   411;   964;    62;    11;     3;     0;  -120;  -120;  -1.5; drag-lps8-03; 3; 7; 125000; 917
2023-06-14 06:51:33; hka-aqm-am116;  28.33;  28.53;   424;   995;    73;    13;     2;     0;   -91;   -91;   9.5; drag-lps8-05; 1; 7; 125000; 918
2023-06-14 07:06:39; hka-aqm-am116;  28.32;  28.47;   432;   961;    93;    20;     4;     1;  -114;  -114;   3.8; drag-lps8-03; 7; 7; 125000; 919
2023-06-14 07:21:47; hka-aqm-am116;  28.32;  28.40;   424;   931;   108;    25;     4;     1;   -94;   -94;   7.0; drag-lps8-05; 5; 7; 125000; 920
2023-06-14 07:36:53; hka-aqm-am116;  28.49;  28.13;   420;  1001;   118;    26;     4;     1;  -113;  -113;   3.8; drag-lps8-03; 4; 7; 125000; 921
2023-06-14 07:51:59; hka-aqm-am116;  28.56;  28.02;   423;  1001;   126;    29;     4;     1;   -95;   -95;   8.5; drag-lps8-05; 1; 7; 125000; 922
2023-06-14 08:07:06; hka-aqm-am116;  28.70;  27.85;   418;   982;   137;    34;     4;     1;   -95;   -95;   8.8; drag-lps8-05; 0; 7; 125000; 923
2023-06-14 08:22:12; hka-aqm-am116;  28.73;  27.79;   427;   943;   142;    35;     4;     1;   -95;   -95;   8.0; drag-lps8-05; 3; 7; 125000; 924
2023-06-14 08:37:18; hka-aqm-am116;  28.84;  27.75;   419;   963;   153;    40;     4;     1;  -108;  -108;   4.0; drag-lps8-03; 2; 7; 125000; 925
2023-06-14 08:52:25; hka-aqm-am116;  28.96;  27.65;   418;   958;   160;    41;     4;     1;  -110;  -110;   1.8; drag-lps8-03; 6; 7; 125000; 926
2023-06-14 09:07:31; hka-aqm-am116;  29.04;  27.58;   418;   973;   168;    44;     4;     1;   -99;   -99;   9.2; drag-lps8-05; 7; 7; 125000; 927
2023-06-14 09:22:38; hka-aqm-am116;  29.12;  27.55;   424;   977;   178;    47;     4;     7;   -97;   -97;   6.8; drag-lps8-05; 5; 7; 125000; 928
2023-06-14 09:37:47; hka-aqm-am116;  29.23;  27.51;   430;  1015;   192;    53;     4;     7;  -112;  -112;   3.5; drag-lps8-03; 4; 7; 125000; 929
2023-06-14 09:52:53; hka-aqm-am116;  28.41;  28.70;   414;   481;   212;    59;     4;     7;   -95;   -95;   7.8; drag-lps8-05; 2; 7; 125000; 930
2023-06-14 10:07:59; hka-aqm-am116;  27.87;  29.48;   414;   547;   228;    63;     4;     8;   -96;   -96;   8.8; drag-lps8-05; 3; 7; 125000; 931
2023-06-14 10:23:06; hka-aqm-am116;  27.88;  28.94;   403;   561;   247;    69;     4;     8;  -123;  -123;  -6.2; drag-lps8-03; 7; 7; 125000; 932
2023-06-14 10:38:19; hka-aqm-am116;  27.54;  29.11;   402;   575;   282;    78;     4;     8;   -99;   -99;   7.8; drag-lps8-05; 1; 7; 125000; 934
2023-06-14 10:53:27; hka-aqm-am116;  27.70;  28.87;   403;   707;   322;    88;     4;    11;  -122;  -122;  -4.5; drag-lps8-03; 5; 7; 125000; 935
2023-06-14 11:08:33; hka-aqm-am116;  27.92;  29.01;   404;   700;   349;    96;     4;    11;  -100;  -100;   7.8; drag-lps8-05; 6; 7; 125000; 936
2023-06-14 11:23:39; hka-aqm-am116;  28.18;  28.43;   416;   848;   364;   102;     3;    13;  -119;  -119;  -2.0; drag-lps8-03; 0; 7; 125000; 937
2023-06-14 11:38:47; hka-aqm-am116;  28.18;  28.53;   416;   683;   377;   105;     4;    19;  -110;  -110;   2.0; drag-lps8-03; 2; 7; 125000; 938
2023-06-14 11:53:53; hka-aqm-am116;  28.33;  27.55;   411;   738;   390;   106;     5;    19;  -110;  -110;   3.8; drag-lps8-03; 1; 7; 125000; 939
2023-06-14 12:09:06; hka-aqm-am116;  28.10;  27.79;   406;   551;   409;   109;     5;    19;  -122;  -122;  -4.8; drag-lps8-03; 4; 7; 125000; 941
2023-06-14 12:24:12; hka-aqm-am116;  28.60;  26.56;   402;   851;   485;   129;     5;    19;  -113;  -113;   0.2; drag-lps8-03; 0; 7; 125000; 942
2023-06-14 12:25:24; hka-aqm-am116;  28.42;  26.56;   405;   726;   305;    70;     5;    19;  -116;  -116;  -2.8; drag-lps8-03; 6; 7; 125000; 943
2023-06-14 12:26:06; hka-aqm-am116;  28.50;  26.63;   398;   650;   410;   106;     3;     7;  -113;  -113; nan; drag-lps8-03; 7; 7; 125000; 944
2023-06-14 12:26:26; hka-aqm-am116;  28.52;  26.63;   396;   659;   503;   135;     1;     7;   -97;   -97;   9.2; drag-lps8-05; 3; 7; 125000; 945
2023-06-14 12:27:46; hka-aqm-am116;  28.49;  26.42;   394;   638;   279;    62;     1;    10;  -114;  -114;  -0.8; drag-lps8-03; 1; 7; 125000; 946
2023-06-14 12:28:06; hka-aqm-am116;  28.50;  26.53;   392;   615;   454;   119;     1;     7;  -118;  -118;  -5.0; drag-lps8-03; 3; 7; 125000; 947
2023-06-14 12:29:26; hka-aqm-am116;  28.60;  26.49;   387;   620;   374;    94;     1;     8;  -116;  -116;  -1.2; drag-lps8-03; 4; 7; 125000; 948
2023-06-14 12:29:45; hka-aqm-am116;  28.58;  26.42;   387;   650;   277;    61;     1;     7;  -112;  -112;  -0.5; drag-lps8-03; 6; 7; 125000; 949
2023-06-14 12:30:26; hka-aqm-am116;  28.55;  26.46;   391;   627;   457;   122;     1;     8;  -120;  -120;  -1.5; drag-lps8-03; 0; 7; 125000; 950
2023-06-14 12:31:26; hka-aqm-am116;  28.56;  26.42;   387;   613;   401;   103;     1;     9;  -113;  -113;   1.8; drag-lps8-03; 7; 7; 125000; 951
2023-06-14 12:31:45; hka-aqm-am116;  28.57;  26.42;   387;   620;   502;   133;     1;     9;   -94;   -94;   7.2; drag-lps8-05; 2; 7; 125000; 952
2023-06-14 12:32:46; hka-aqm-am116;  28.56;  26.39;   386;   637;   448;   115;     2;     9;   -95;   -95;   5.5; drag-lps8-05; 5; 7; 125000; 953
2023-06-14 12:33:05; hka-aqm-am116;  28.58;  26.42;   386;   652;   297;    67;     2;     8;  -111;  -111;   2.5; drag-lps8-03; 2; 7; 125000; 954
2023-06-14 12:34:05; hka-aqm-am116;  28.62;  26.49;   388;   739;   266;    59;     3;     9;   -97;   -97;   8.2; drag-lps8-05; 7; 7; 125000; 955
2023-06-14 12:36:24; hka-aqm-am116;  28.71;  26.18;   388;   860;   351;    87;     3;     9;  -118;  -118;  -5.5; drag-lps8-03; 3; 7; 125000; 956
2023-06-14 12:36:45; hka-aqm-am116;  28.65;  26.08;   387;   809;   491;   130;     1;     9;  -116;  -116;  -3.5; drag-lps8-03; 1; 7; 125000; 957
2023-06-14 12:37:05; hka-aqm-am116;  28.70;  26.05;   387;   779;   384;    97;     0;    10;  -114;  -114;  -0.2; drag-lps8-03; 0; 7; 125000; 958
2023-06-14 12:37:25; hka-aqm-am116;  28.68;  26.08;   387;   754;   442;   116;     0;    10;   -95;   -95;   6.0; drag-lps8-05; 5; 7; 125000; 959
2023-06-14 12:39:06; hka-aqm-am116;  28.74;  26.08;   388;   781;   343;    82;     1;    13;   -97;   -97;   8.5; drag-lps8-05; 6; 7; 125000; 960
2023-06-14 12:39:45; hka-aqm-am116;  28.76;  25.95;   387;   763;   413;   105;     1;    11;   -97;   -97;  10.0; drag-lps8-05; 6; 7; 125000; 962
2023-06-14 12:48:04; hka-aqm-am116;  28.92;  25.40;   388;   789;   368;    92;     3;    13;  -114;  -114;  -1.2; drag-lps8-03; 2; 7; 125000; 963
2023-06-14 12:48:24; hka-aqm-am116;  28.90;  25.02;   386;   765;   266;    58;     0;     8;   -99;   -99;   9.0; drag-lps8-05; 7; 7; 125000; 964
2023-06-14 12:49:25; hka-aqm-am116;  28.70;  25.19;   384;   602;   420;   106;     3;     8;   -97;   -97;   4.8; drag-lps8-05; 5; 7; 125000; 965
2023-06-14 12:49:45; hka-aqm-am116;  28.71;  25.26;   384;   568;   493;   131;     1;     8;  -111;  -111;   1.2; drag-lps8-03; 4; 7; 125000; 966
2023-06-14 12:50:05; hka-aqm-am116;  28.71;  25.33;   384;   544;   437;   112;     1;     8;   -97;   -97;   8.5; drag-lps8-05; 3; 7; 125000; 967
2023-06-14 12:51:46; hka-aqm-am116;  28.71;  25.54;   384;   569;   376;    92;     3;    10;  -121;  -121;  -6.0; drag-lps8-03; 1; 7; 125000; 968
2023-06-14 12:52:44; hka-aqm-am116;  28.76;  25.47;   387;   627;   493;   128;     2;    10;  -114;  -114;   1.0; drag-lps8-03; 0; 7; 125000; 969
2023-06-14 13:02:05; hka-aqm-am116;  29.03;  25.54;   388;  1035;   345;    81;     3;    11;   -95;   -95;   7.8; drag-lps8-05; 6; 7; 125000; 970
2023-06-14 13:12:45; hka-aqm-am116;  29.22;  26.08;   402;  1103;   442;   112;     3;    13;   -97;   -97;   9.2; drag-lps8-05; 0; 7; 125000; 971
2023-06-14 13:13:05; hka-aqm-am116;  29.23;  26.08;   402;  1150;   390;    95;     2;     7;   -97;   -97;   7.8; drag-lps8-05; 1; 7; 125000; 972
2023-06-14 13:23:26; hka-aqm-am116;  29.39;  26.29;   416;  1336;   401;    94;     3;    11;  -123;  -123;  -5.2; drag-lps8-03; 7; 7; 125000; 973
2023-06-14 13:23:46; hka-aqm-am116;  29.43;  26.29;   417;  1319;   498;   125;     1;    11;  -100;  -100;   5.0; drag-lps8-05; 5; 7; 125000; 974
2023-06-14 13:25:05; hka-aqm-am116;  29.44;  26.29;   422;  1300;   509;   128;     2;    14;   -99;   -99;   7.2; drag-lps8-05; 2; 7; 125000; 975
2023-06-14 13:25:44; hka-aqm-am116;  29.51;  26.29;   426;  1324;   421;   103;     1;    11;   -96;   -96;   9.2; drag-lps8-05; 4; 7; 125000; 976
2023-06-14 13:26:25; hka-aqm-am116;  29.51;  26.29;   426;  1376;   554;   140;     3;    10;  -118;  -118;  -4.2; drag-lps8-03; 3; 7; 125000; 977
2023-06-14 13:27:46; hka-aqm-am116;  29.58;  26.25;   430;  1443;   511;   127;     3;    12;  -100;  -100;   7.8; drag-lps8-05; 6; 7; 125000; 978
2023-06-14 13:28:05; hka-aqm-am116;  29.62;  26.25;   430;  1471;   459;   113;     1;    12;   -98;   -98;   7.8; drag-lps8-05; 3; 7; 125000; 979
2023-06-14 13:29:06; hka-aqm-am116;  29.68;  26.22;   433;  1577;   558;   139;     2;    13;  -101;  -101;   8.2; drag-lps8-05; 1; 7; 125000; 980
2023-06-14 13:29:45; hka-aqm-am116;  29.65;  26.22;   439;  1600;   356;    80;     3;    13;   -97;   -97;   8.5; drag-lps8-05; 4; 7; 125000; 981
2023-06-14 13:30:06; hka-aqm-am116;  29.69;  26.22;   440;  1677;   468;   115;     1;    12;  -114;  -114;   2.2; drag-lps8-03; 0; 7; 125000; 983
2023-06-14 13:30:46; hka-aqm-am116;  29.73;  26.22;   443;  1664;   553;   139;     3;    13;  -113;  -113;  -0.2; drag-lps8-03; 2; 7; 125000; 985
2023-06-14 13:31:25; hka-aqm-am116;  29.75;  26.22;   446;  1675;   360;    82;     4;    15;  -112;  -112;  -0.5; drag-lps8-03; 1; 7; 125000; 986
2023-06-14 13:34:05; hka-aqm-am116;  29.85;  26.22;   465;  1752;   530;   128;     4;    18;   -97;   -97;   6.2; drag-lps8-05; 5; 7; 125000; 988
2023-06-14 13:35:45; hka-aqm-am116;  29.89;  26.22;   475;  1879;   603;   149;     4;    16;  -122;  -122;  -6.8; drag-lps8-03; 2; 7; 125000; 989
2023-06-14 13:36:26; hka-aqm-am116;  29.90;  26.15;   477;  1911;   466;   109;     3;    15;  -118;  -118;  -3.8; drag-lps8-03; 6; 7; 125000; 990
2023-06-14 13:37:06; hka-aqm-am116;  29.93;  26.22;   483;  1916;   561;   134;     2;    17;   -96;   -96;   9.2; drag-lps8-05; 4; 7; 125000; 991
2023-06-14 13:37:45; hka-aqm-am116;  29.93;  26.22;   485;  1953;   477;   112;     2;    17;  -112;  -112;  -1.5; drag-lps8-03; 3; 7; 125000; 992
2023-06-14 13:38:06; hka-aqm-am116;  29.97;  26.18;   486;  1966;   574;   137;     3;    11;  -114;  -114;  -0.5; drag-lps8-03; 7; 7; 125000; 993
2023-06-14 13:53:12; hka-aqm-am116;  30.30;  26.36;   552;  1863;   617;   150;     3;    16;  -107;  -107;   6.8; drag-lps8-05; 0; 7; 125000; 994
2023-06-14 13:53:24; hka-aqm-am116;  30.34;  26.36;   550;  1886;   285;    63;     3;    16;  -100;  -100;   3.0; drag-lps8-05; 5; 7; 125000; 995
2023-06-14 14:08:30; hka-aqm-am116;  30.73;  28.19;   723;  2271;   410;    94;     3;     7;  -120;  -120;  -5.5; drag-lps8-03; 6; 7; 125000; 996
2023-06-14 14:12:05; hka-aqm-am116;  30.65;  28.40;   767;  2252;   502;   114;     4;     7;  -114;  -114;   0.5; drag-lps8-03; 4; 7; 125000; 997
2023-06-14 14:13:45; hka-aqm-am116;  30.70;  28.43;   774;  2351;   750;   173;     4;     7;  -109;  -109;   3.0; drag-lps8-03; 3; 7; 125000; 998
2023-06-14 14:14:06; hka-aqm-am116;  30.67;  28.60;   778;  2377;   574;   130;     4;     7;  -102;  -102;   7.0; drag-lps8-05; 7; 7; 125000; 999
2023-06-14 14:14:25; hka-aqm-am116;  30.68;  28.53;   780;  2408;   643;   147;     4;     8;  -102;  -102;   8.2; drag-lps8-05; 1; 7; 125000; 1000
2023-06-14 14:14:45; hka-aqm-am116;  30.65;  28.53;   783;  2430;   558;   125;     4;     8;  -100;  -100;   6.0; drag-lps8-05; 2; 7; 125000; 1001
2023-06-14 14:15:26; hka-aqm-am116;  30.66;  28.53;   789;  2473;   491;   109;     2;     6;  -112;  -112;   2.8; drag-lps8-03; 3; 7; 125000; 1002
2023-06-14 14:17:04; hka-aqm-am116;  30.70;  28.60;   804;  2481;   539;   121;     2;     7;  -103;  -103;   6.0; drag-lps8-05; 5; 7; 125000; 1003
2023-06-14 14:17:24; hka-aqm-am116;  30.69;  28.70;   806;  2508;   719;   166;     2;     7;  -108;  -108;   5.0; drag-lps8-03; 1; 7; 125000; 1004
2023-06-14 14:17:45; hka-aqm-am116;  30.70;  28.67;   807;  2526;   575;   129;     1;     5;  -108;  -108;   6.8; drag-lps8-03; 4; 7; 125000; 1005
2023-06-14 14:18:26; hka-aqm-am116;  30.77;  28.74;   811;  2565;   864;   201;     3;     5;  -115;  -115;  -0.8; drag-lps8-03; 2; 7; 125000; 1006
2023-06-14 14:18:46; hka-aqm-am116;  30.74;  28.74;   813;  2582;   998;   233;     3;     5;  -112;  -112;   5.5; drag-lps8-03; 0; 7; 125000; 1007
2023-06-14 14:19:05; hka-aqm-am116;  30.73;  28.74;   816;  2520;  1178;   277;     2;     4;  -103;  -103;   7.0; drag-lps8-05; 6; 7; 125000; 1008
2023-06-14 14:21:45; hka-aqm-am116;  30.80;  28.97;   840;  2613;   954;   221;     3;     6;  -113;  -113;   3.8; drag-lps8-03; 7; 7; 125000; 1009
2023-06-14 14:22:05; hka-aqm-am116;  30.75;  28.84;   844;  2637;   586;   127;     2;     6;  -102;  -102;   6.5; drag-lps8-05; 2; 7; 125000; 1010
2023-06-14 14:23:05; hka-aqm-am116;  30.81;  28.94;   855;  2646;  1122;   263;     3;     8;  -109;  -109;   2.8; drag-lps8-03; 3; 7; 125000; 1011
2023-06-14 14:23:44; hka-aqm-am116;  30.84;  28.94;   862;  2660;   766;   175;     2;     8;  -111;  -111;   3.5; drag-lps8-03; 1; 7; 125000; 1012
2023-06-14 14:24:06; hka-aqm-am116;  30.84;  28.81;   863;  2643;  1112;   260;     3;     6;  -100;  -100;   6.5; drag-lps8-05; 5; 7; 125000; 1013
2023-06-14 14:35:24; hka-aqm-am116;  31.03;  28.40;   865;  2712;   441;    93;     3;     6;  -100;  -100;   7.8; drag-lps8-05; 4; 7; 125000; 1014
2023-06-14 14:35:46; hka-aqm-am116;  31.05;  28.40;   858;  2685;   358;    73;     3;     4;  -108;  -108;   2.8; drag-lps8-03; 6; 7; 125000; 1015
2023-06-14 14:42:25; hka-aqm-am116;  31.07;  27.92;   809;  2622;   434;    94;     3;     6;  -120;  -120;  -2.5; drag-lps8-03; 0; 7; 125000; 1016
2023-06-14 14:43:05; hka-aqm-am116;  31.08;  27.79;   801;  2624;   718;   161;     2;     6;   -99;   -99;   9.8; drag-lps8-05; 7; 7; 125000; 1017
2023-06-14 14:43:25; hka-aqm-am116;  31.10;  27.72;   797;  2640;   588;   132;     1;     6;   -97;   -97;   8.8; drag-lps8-05; 6; 7; 125000; 1019
2023-06-14 14:44:04; hka-aqm-am116;  31.09;  27.79;   797;  2638;   458;    99;     3;     5;  -121;  -121;  -5.8; drag-lps8-03; 4; 7; 125000; 1021
2023-06-14 14:56:44; hka-aqm-am116;  31.14;  27.72;   726;  2397;   459;   100;     4;     9;  -108;  -108;   4.5; drag-lps8-03; 5; 7; 125000; 1022
2023-06-14 14:57:05; hka-aqm-am116;  31.14;  27.72;   726;  2425;   938;   215;     2;     5;   -97;   -97;   9.0; drag-lps8-05; 7; 7; 125000; 1023
2023-06-14 14:57:26; hka-aqm-am116;  31.20;  27.72;   726;  2437;   397;    83;     2;     5;  -108;  -108;   4.0; drag-lps8-03; 2; 7; 125000; 1024
2023-06-14 15:03:04; hka-aqm-am116;  31.30;  27.85;   743;  2520;   529;   114;     3;    11;   -95;   -95;   9.2; drag-lps8-05; 3; 7; 125000; 1025
2023-06-14 15:03:25; hka-aqm-am116;  31.23;  27.89;   744;  2554;  1183;   270;     0;     5;  -107;  -107;   5.5; drag-lps8-03; 5; 7; 125000; 1026
2023-06-14 15:03:46; hka-aqm-am116;  31.25;  27.85;   745;  2488;  1332;   307;     0;     5;   -93;   -93;   8.5; drag-lps8-05; 4; 7; 125000; 1027
2023-06-14 15:09:25; hka-aqm-am116;  31.43;  28.40;   803;  2661;   543;   114;     2;     7;   -97;   -97;   7.5; drag-lps8-05; 1; 7; 125000; 1028
2023-06-14 15:09:45; hka-aqm-am116;  31.43;  28.33;   808;  2733;  1209;   276;     1;     5;   -99;   -99;   8.8; drag-lps8-05; 3; 7; 125000; 1029
2023-06-14 15:10:25; hka-aqm-am116;  31.42;  28.26;   816;  2729;  1370;   313;     1;     3;  -109;  -109;   4.2; drag-lps8-03; 6; 7; 125000; 1030
2023-06-14 15:25:31; hka-aqm-am116;  31.80;  28.67;   936;  3037;  1408;   321;     2;     4;   -97;   -97;   9.0; drag-lps8-05; 0; 7; 125000; 1031
2023-06-14 15:40:37; hka-aqm-am116;  32.11;  28.94;  1060;  3234;  1567;   358;     3;     4;   -96;   -96;   6.5; drag-lps8-05; 2; 7; 125000; 1032
2023-06-14 15:55:24; hka-aqm-am116;  32.38;  29.28;  1146;  3620;  1581;   364;     3;     4;  -107;  -107;   6.5; drag-lps8-03; 7; 7; 125000; 1033
2023-06-14 15:55:44; hka-aqm-am116;  32.38;  29.25;  1147;  3615;   400;    79;     0;     1;  -107;  -107;   5.2; drag-lps8-03; 2; 7; 125000; 1034
2023-06-14 15:56:25; hka-aqm-am116;  32.37;  29.21;  1153;  3673;   497;   103;     1;     1;  -106;  -106;   6.8; drag-lps8-03; 4; 7; 125000; 1035
2023-06-14 15:56:46; hka-aqm-am116;  32.38;  29.28;  1156;  3632;   404;    79;     1;     1;  -108;  -108;   6.5; drag-lps8-03; 0; 7; 125000; 1036
2023-06-14 15:57:25; hka-aqm-am116;  32.38;  29.25;  1158;  3601;   789;   174;     1;     1;  -108;  -108;   5.2; drag-lps8-03; 1; 7; 125000; 1037
2023-06-14 15:57:46; hka-aqm-am116;  32.37;  29.42;  1159;  3660;  1805;   423;     1;     1;   -99;   -99;   8.8; drag-lps8-05; 3; 7; 125000; 1038
2023-06-14 15:58:05; hka-aqm-am116;  32.38;  29.28;  1160;  3618;  1743;   407;     0;     1;   -97;   -97;   8.5; drag-lps8-05; 6; 7; 125000; 1039
2023-06-14 15:58:25; hka-aqm-am116;  32.34;  29.55;  1161;  3604;   786;   174;     0;     1;   -95;   -95;   6.8; drag-lps8-05; 5; 7; 125000; 1040
2023-06-14 15:59:04; hka-aqm-am116;  32.34;  29.48;  1168;  3587;  1000;   223;     1;     1;  -107;  -107;   6.5; drag-lps8-03; 7; 7; 125000; 1041
2023-06-14 15:59:26; hka-aqm-am116;  32.36;  29.42;  1169;  3571;   655;   141;     2;     1;  -104;  -104;   6.0; drag-lps8-03; 5; 7; 125000; 1042
2023-06-14 15:59:45; hka-aqm-am116;  32.34;  29.35;  1171;  3580;   367;    73;     2;     1;  -105;  -105;   5.8; drag-lps8-03; 2; 7; 125000; 1043
2023-06-14 16:02:06; hka-aqm-am116;  32.35;  29.35;  1183;  3607;  1847;   428;     2;     1;  -107;  -107;   6.2; drag-lps8-03; 3; 7; 125000; 1044
2023-06-14 16:02:25; hka-aqm-am116;  32.37;  29.35;  1181;  3617;  1936;   449;     2;     1;   -96;   -96;   8.2; drag-lps8-05; 6; 7; 125000; 1045
2023-06-14 16:04:24; hka-aqm-am116;  32.36;  29.28;  1184;  3635;  1803;   423;     1;     1;  -103;  -103;   6.5; drag-lps8-03; 1; 7; 125000; 1046
2023-06-14 16:04:45; hka-aqm-am116;  32.38;  29.28;  1184;  3598;   420;    87;     0;     1;  -103;  -103;   7.5; drag-lps8-03; 4; 7; 125000; 1047
2023-06-14 16:05:25; hka-aqm-am116;  32.39;  29.21;  1182;  3484;   451;    96;     0;     1;  -107;  -107;   7.8; drag-lps8-03; 0; 7; 125000; 1048
2023-06-14 16:05:45; hka-aqm-am116;  32.42;  29.21;  1182;  3528;   535;   116;     2;     1;  -105;  -105;   6.2; drag-lps8-03; 6; 7; 125000; 1050
2023-06-14 16:06:05; hka-aqm-am116;  32.42;  29.18;  1181;  3546;   942;   214;     2;     1;   -96;   -96;   9.5; drag-lps8-05; 1; 7; 125000; 1052
2023-06-14 16:06:25; hka-aqm-am116;  32.40;  29.21;  1179;  3547;   689;   148;     0;     1;  -102;  -102;   7.2; drag-lps8-03; 4; 7; 125000; 1053
2023-06-14 16:06:45; hka-aqm-am116;  32.39;  29.14;  1179;  3445;  1144;   260;     0;     1;   -97;   -97;   9.8; drag-lps8-05; 3; 7; 125000; 1054
2023-06-14 16:07:05; hka-aqm-am116;  32.40;  29.14;  1178;  3473;  1212;   279;     0;     1;   -97;   -97;   9.0; drag-lps8-05; 0; 7; 125000; 1055
2023-06-14 16:07:25; hka-aqm-am116;  32.39;  29.14;  1177;  3518;  1461;   337;     0;     1;  -103;  -103;   5.0; drag-lps8-03; 2; 7; 125000; 1056
2023-06-14 16:07:46; hka-aqm-am116;  32.42;  29.14;  1175;  3520;  1915;   448;     0;     1;  -107;  -107;   8.2; drag-lps8-03; 7; 7; 125000; 1057
2023-06-14 16:12:44; hka-aqm-am116;  32.45;  28.94;  1159;  3500;  1780;   415;     2;     1;  -108;  -108;   7.8; drag-lps8-03; 0; 7; 125000; 1058
2023-06-14 16:13:05; hka-aqm-am116;  32.43;  28.91;  1155;  3493;  1882;   436;     1;     1;  -106;  -106;   6.0; drag-lps8-03; 5; 7; 125000; 1059
2023-06-14 16:23:26; hka-aqm-am116;  32.48;  25.88;  1062;  3255;  1703;   396;     2;     3;   -94;   -94;   7.8; drag-lps8-05; 1; 7; 125000; 1060
2023-06-14 16:23:46; hka-aqm-am116;  32.47;  26.29;  1015;  3147;  1691;   394;     2;     3;  -108;  -108;   4.8; drag-lps8-03; 3; 7; 125000; 1061
2023-06-14 16:24:44; hka-aqm-am116;  32.40;  24.78;   953;  2906;  1661;   385;     2;     2;  -106;  -106;   6.2; drag-lps8-03; 6; 7; 125000; 1062
2023-06-14 16:25:05; hka-aqm-am116;  32.33;  25.12;   877;  2645;  1635;   380;     1;     2;   -95;   -95;   6.8; drag-lps8-05; 2; 7; 125000; 1063
2023-06-14 16:25:26; hka-aqm-am116;  32.38;  25.30;   826;  2431;  1611;   372;     1;     2;  -109;  -109;   4.8; drag-lps8-03; 4; 7; 125000; 1064
2023-06-14 16:25:45; hka-aqm-am116;  32.33;  24.51;   792;  2302;  1594;   368;     2;     2;   -95;   -95;   8.5; drag-lps8-05; 7; 7; 125000; 1065
2023-06-14 16:27:06; hka-aqm-am116;  32.29;  24.03;   712;  1997;  1536;   353;     2;     2;  -106;  -106;   6.5; drag-lps8-03; 6; 7; 125000; 1066
2023-06-14 16:28:05; hka-aqm-am116;  32.31;  23.89;   686;  1875;  1493;   342;     2;     2;   -96;   -96;   8.5; drag-lps8-05; 3; 7; 125000; 1067
2023-06-14 16:29:06; hka-aqm-am116;  32.29;  23.68;   657;  1796;  1449;   331;     2;     2;   -95;   -95;   8.0; drag-lps8-05; 7; 7; 125000; 1068
2023-06-14 16:44:12; hka-aqm-am116;  31.96;  22.17;   424;   963;  1145;   258;     3;     4;   -95;   -95;   7.0; drag-lps8-05; 2; 7; 125000; 1069
2023-06-14 16:47:05; hka-aqm-am116;  32.06;  22.51;   430;  1221;  1071;   244;     3;     4;   -91;   -91;   6.5; drag-lps8-05; 5; 7; 125000; 1070
2023-06-14 16:47:26; hka-aqm-am116;  32.05;  22.37;   430;  1254;   980;   221;     2;     3;  -121;  -121;  -4.2; drag-lps8-03; 4; 7; 125000; 1071
2023-06-14 16:47:45; hka-aqm-am116;  32.10;  22.37;   430;  1256;  1054;   239;     2;     3;   -95;   -95;   9.5; drag-lps8-05; 0; 7; 125000; 1073
2023-06-14 16:48:05; hka-aqm-am116;  32.11;  22.24;   430;  1257;  1124;   256;     0;     3;  -121;  -121;  -4.2; drag-lps8-03; 5; 7; 125000; 1075
2023-06-14 16:48:45; hka-aqm-am116;  32.09;  22.10;   431;  1271;   991;   224;     1;     4;  -112;  -112;   3.5; drag-lps8-03; 4; 7; 125000; 1076
2023-06-14 16:49:05; hka-aqm-am116;  32.09;  22.17;   431;  1239;   398;    80;     1;     4;   -95;   -95;   8.5; drag-lps8-05; 6; 7; 125000; 1077
2023-06-14 16:49:26; hka-aqm-am116;  32.05;  22.17;   432;  1218;   320;    62;     3;     4;   -96;   -96;   9.2; drag-lps8-05; 3; 7; 125000; 1078
2023-06-14 16:52:46; hka-aqm-am116;  32.03;  21.82;   426;  1188;   663;   147;     3;     3;  -113;  -113;   4.0; drag-lps8-03; 0; 7; 125000; 1079
2023-06-14 16:53:06; hka-aqm-am116;  31.98;  21.61;   425;  1159;   958;   216;     0;     2;   -96;   -96;   8.8; drag-lps8-05; 7; 7; 125000; 1080
2023-06-14 16:53:44; hka-aqm-am116;  31.93;  21.61;   428;  1113;  1036;   238;     0;     2;  -112;  -112;   2.8; drag-lps8-03; 2; 7; 125000; 1082
2023-06-14 16:58:44; hka-aqm-am116;  31.90;  21.79;   422;  1063;   785;   179;     2;     2;   -95;   -95;   8.0; drag-lps8-05; 5; 7; 125000; 1083
2023-06-14 17:13:25; hka-aqm-am116;  31.63;  21.89;   421;   857;   260;    50;     3;     3;   -96;   -96;   9.0; drag-lps8-05; 1; 7; 125000; 1084
2023-06-14 17:14:04; hka-aqm-am116;  31.63;  21.89;   424;   876;   445;   101;     2;     2;  -120;  -120;  -2.8; drag-lps8-03; 4; 7; 125000; 1085
2023-06-14 17:14:25; hka-aqm-am116;  31.62;  21.82;   423;   854;   317;    67;     2;     2;   -95;   -95;   8.5; drag-lps8-05; 3; 7; 125000; 1086
2023-06-14 17:15:04; hka-aqm-am116;  31.64;  21.89;   427;   847;   390;    86;     3;     2;  -113;  -113;   1.5; drag-lps8-03; 7; 7; 125000; 1087
2023-06-14 17:21:26; hka-aqm-am116;  31.68;  22.44;   415;  1147;   321;    69;     1;     6;  -100;  -100;   7.8; drag-lps8-05; 0; 7; 125000; 1088
2023-06-14 17:21:45; hka-aqm-am116;  31.68;  22.55;   414;  1176;   238;    44;     0;     6;  -100;  -100;   7.2; drag-lps8-05; 6; 7; 125000; 1089
2023-06-14 17:23:44; hka-aqm-am116;  31.47;  21.89;   428;  1153;   362;    82;     3;     6;  -102;  -102;   8.2; drag-lps8-05; 1; 7; 125000; 1090
2023-06-14 17:29:06; hka-aqm-am116;  31.43;  22.24;   427;  1018;   226;    43;     3;     7;  -119;  -119;  -0.8; drag-lps8-03; 0; 7; 125000; 1091
2023-06-14 17:33:06; hka-aqm-am116;  31.26;  22.24;   418;   958;   319;    72;     3;     6;   -99;   -99;   8.8; drag-lps8-05; 4; 7; 125000; 1092
2023-06-14 17:35:06; hka-aqm-am116;  31.15;  22.44;   410;   756;   262;    55;     3;     6;  -108;  -108;   4.2; drag-lps8-03; 6; 7; 125000; 1093
2023-06-14 17:44:24; hka-aqm-am116;  30.88;  22.51;   394;   640;   311;    70;     2;     7;  -101;  -101;   7.8; drag-lps8-05; 3; 7; 125000; 1094
2023-06-14 17:59:37; hka-aqm-am116;  30.93;  22.99;   404;   805;   242;    50;     1;     3;  -102;  -102;   7.2; drag-lps8-05; 7; 7; 125000; 1096
2023-06-14 18:14:46; hka-aqm-am116;  30.95;  22.58;   391;   902;   192;    39;     3;     3;  -101;  -101;   7.0; drag-lps8-05; 5; 7; 125000; 1097
2023-06-14 18:29:52; hka-aqm-am116;  30.96;  22.58;   397;  1001;   179;    37;     3;     5;  -109;  -109;   4.5; drag-lps8-03; 7; 7; 125000; 1098
2023-06-14 18:34:25; hka-aqm-am116;  30.94;  22.51;   394;  1231;   283;    54;     3;     5;  -100;  -100;  10.2; drag-lps8-05; 4; 7; 125000; 1100
2023-06-14 18:34:44; hka-aqm-am116;  30.94;  22.51;   394;  1231;   465;    93;     2;     0;  -100;  -100;   7.2; drag-lps8-05; 2; 7; 125000; 1101
2023-06-14 18:49:51; hka-aqm-am116;  31.32;  22.58;   406;  1632;   431;    84;     4;     0;  -100;  -100;   8.5; drag-lps8-05; 3; 7; 125000; 1102
2023-06-14 19:04:57; hka-aqm-am116;  31.55;  22.58;   412;  1705;   372;    73;     4;     1;  -106;  -106;   6.5; drag-lps8-03; 1; 7; 125000; 1103
2023-06-14 19:07:45; hka-aqm-am116;  31.59;  22.58;   412;  1811;   439;    95;     4;     2;  -108;  -108;   4.5; drag-lps8-03; 5; 7; 125000; 1104
2023-06-14 19:08:25; hka-aqm-am116;  31.58;  22.58;   409;  1732;   386;    78;     1;     1;   -97;   -97;   8.8; drag-lps8-05; 0; 7; 125000; 1105
2023-06-14 19:23:31; hka-aqm-am116;  31.73;  22.68;   413;  1821;   313;    62;     3;     1;   -98;   -98;   8.2; drag-lps8-05; 7; 7; 125000; 1106
2023-06-14 19:38:37; hka-aqm-am116;  31.74;  22.72;   414;  1823;   266;    51;     2;     0;  -107;  -107;   7.0; drag-lps8-03; 0; 7; 125000; 1107
2023-06-14 19:53:46; hka-aqm-am116;  31.70;  22.93;   411;  1884;   215;    41;     4;     1;   -99;   -99;   9.0; drag-lps8-05; 1; 7; 125000; 1108
2023-06-14 20:08:52; hka-aqm-am116;  31.67;  23.06;   415;  1920;   175;    35;     4;     1;  -108;  -108;   5.5; drag-lps8-03; 5; 7; 125000; 1109
2023-06-14 20:23:58; hka-aqm-am116;  31.59;  23.20;   414;  1891;   135;    26;     1;     0;   -99;   -99;   9.5; drag-lps8-05; 4; 7; 125000; 1110
2023-06-14 20:39:05; hka-aqm-am116;  31.55;  23.34;   415;  1867;   101;    20;     4;     1;  -107;  -107;   5.8; drag-lps8-03; 3; 7; 125000; 1111
2023-06-14 20:54:11; hka-aqm-am116;  31.49;  23.48;   417;  1988;    66;    14;     4;     1;  -108;  -108;   3.5; drag-lps8-03; 6; 7; 125000; 1112
2023-06-14 21:09:17; hka-aqm-am116;  31.43;  23.65;   423;  2016;    37;     8;     2;     0;   -99;   -99;   6.8; drag-lps8-05; 2; 7; 125000; 1113
2023-06-14 21:24:25; hka-aqm-am116;  31.33;  23.82;   421;  2008;    17;     4;     4;     1;   -98;   -98;   8.0; drag-lps8-05; 3; 7; 125000; 1114
2023-06-14 21:39:31; hka-aqm-am116;  31.22;  23.96;   424;  2051;     8;     1;     4;     1;  -107;  -107;   7.5; drag-lps8-03; 0; 7; 125000; 1115
2023-06-14 21:54:37; hka-aqm-am116;  31.15;  24.10;   420;  2062;     6;     1;     1;     0;  -106;  -106;   6.5; drag-lps8-03; 6; 7; 125000; 1116
2023-06-14 22:09:44; hka-aqm-am116;  31.07;  24.23;   425;  2034;     5;     1;     4;     1;  -105;  -105;   5.5; drag-lps8-03; 2; 7; 125000; 1117
2023-06-14 22:24:51; hka-aqm-am116;  31.00;  24.37;   422;  2055;     5;     0;     4;     1;   -97;   -97;   8.5; drag-lps8-05; 4; 7; 125000; 1118
2023-06-14 22:39:57; hka-aqm-am116;  30.94;  24.51;   418;  2068;     5;     1;     2;     0;  -105;  -105;   6.0; drag-lps8-03; 5; 7; 125000; 1119
2023-06-14 22:55:11; hka-aqm-am116;  30.88;  24.64;   436;  2022;     5;     0;     4;     1;  -106;  -106;   5.5; drag-lps8-03; 1; 7; 125000; 1121
2023-06-14 23:10:18; hka-aqm-am116;  30.82;  24.71;   421;  2045;     6;     1;     1;     0;  -108;  -108;   4.0; drag-lps8-03; 2; 7; 125000; 1122
2023-06-14 23:25:25; hka-aqm-am116;  30.76;  24.85;   421;  2012;     5;     0;     4;     1;  -100;  -100;   7.2; drag-lps8-05; 5; 7; 125000; 1123
2023-06-14 23:40:31; hka-aqm-am116;  30.71;  24.92;   420;  2071;     5;     0;     4;     1;   -99;   -99;   8.5; drag-lps8-05; 1; 7; 125000; 1124
2023-06-14 23:55:45; hka-aqm-am116;  30.65;  25.06;   414;  2009;     8;     3;     4;     1;   -96;   -96;   8.0; drag-lps8-05; 4; 7; 125000; 1126
