# Logfile LoRaWAN TTN/TTS V3 logger version hka-log V 1.1
date_time;device_id;tmp;hum;CO2;VOC;vis;IR;WIFI;BLE;rssi;channel_rssi;snr;gateway;channel_index;spreading_factor;bandwidth;f_cnt
2023-03-09 00:02:14; hka-aqm-am004;  21.54;  38.51;   560;   740;     6;     0;     2;     1;  -118;  -118;  -1.2; drag-lps8-03; 4; 7; 125000; 64
2023-03-09 00:17:20; hka-aqm-am004;  21.56;  38.37;   546;   725;     6;     2;     0;     0;  -121;  -121;  -4.2; drag-lps8-03; 3; 7; 125000; 65
2023-03-09 00:32:26; hka-aqm-am004;  21.60;  38.31;   527;   716;     6;     0;     0;     0;  -103;  -103;   6.0; drag-lps8-05; 5; 7; 125000; 66
2023-03-09 00:47:34; hka-aqm-am004;  21.64;  38.31;   520;   711;     6;     0;     1;     0;  -124;  -124;  -3.5; drag-lps8-03; 7; 7; 125000; 67
2023-03-09 01:02:40; hka-aqm-am004;  21.69;  38.24;   508;   684;     6;     0;     2;     0;  -105;  -105;   7.2; drag-lps8-05; 1; 7; 125000; 68
2023-03-09 01:17:47; hka-aqm-am004;  21.74;  38.18;   496;   686;     7;     2;     3;     4;  -103;  -103;   6.5; drag-lps8-05; 6; 7; 125000; 69
2023-03-09 01:32:54; hka-aqm-am004;  21.75;  38.08;   489;   666;     6;     1;     3;     4;  -105;  -105;   7.8; drag-lps8-05; 0; 7; 125000; 70
2023-03-09 01:48:00; hka-aqm-am004;  21.76;  38.01;   481;   665;     8;     2;     2;     0;  -122;  -122;  -3.0; drag-lps8-03; 4; 7; 125000; 71
2023-03-09 02:03:07; hka-aqm-am004;  21.80;  37.98;   475;   636;     8;     3;     3;     4;  -102;  -102;   5.2; drag-lps8-05; 2; 7; 125000; 72
2023-03-09 02:18:13; hka-aqm-am004;  21.79;  38.01;   459;   667;     6;     0;     3;     4;  -105;  -105;   6.2; drag-lps8-05; 3; 7; 125000; 73
2023-03-09 02:33:19; hka-aqm-am004;  21.82;  38.08;   449;   651;     6;     2;     3;     4;  -106;  -106;   8.0; drag-lps8-05; 0; 7; 125000; 74
2023-03-09 02:48:25; hka-aqm-am004;  21.84;  38.04;   444;   643;     6;     0;     1;     0;  -105;  -105;   7.0; drag-lps8-05; 7; 7; 125000; 75
2023-03-09 03:03:33; hka-aqm-am004;  21.86;  38.04;   444;   631;     6;     1;     3;     4;  -118;  -118;  -0.5; drag-lps8-03; 4; 7; 125000; 76
2023-03-09 03:18:39; hka-aqm-am004;  21.87;  38.04;   438;   624;     6;     0;     3;     4;  -103;  -103;   5.8; drag-lps8-05; 6; 7; 125000; 77
2023-03-09 03:33:46; hka-aqm-am004;  21.85;  38.11;   434;   615;     6;     1;     3;     4;  -117;  -117;  -0.8; drag-lps8-03; 5; 7; 125000; 78
2023-03-09 03:48:54; hka-aqm-am004;  21.88;  38.14;   426;   616;     6;     1;     3;     4;  -119;  -119;  -0.8; drag-lps8-03; 1; 7; 125000; 79
2023-03-09 04:04:00; hka-aqm-am004;  21.85;  38.11;   424;   586;     6;     2;     2;     0;  -120;  -120;  -2.0; drag-lps8-03; 3; 7; 125000; 80
2023-03-09 04:19:07; hka-aqm-am004;  21.85;  38.04;   422;   613;     6;     1;     2;     0;  -105;  -105;   5.8; drag-lps8-05; 2; 7; 125000; 81
2023-03-09 04:34:15; hka-aqm-am004;  21.87;  38.01;   418;   627;     6;     2;     1;     0;  -105;  -105;   5.8; drag-lps8-05; 3; 7; 125000; 82
2023-03-09 04:49:21; hka-aqm-am004;  21.82;  38.31;   428;   583;    57;     7;     1;     0;  -120;  -120;  -0.5; drag-lps8-03; 0; 7; 125000; 83
2023-03-09 05:04:27; hka-aqm-am004;  21.74;  37.81;   440;   540;    57;     7;     3;     4;  -102;  -102;   8.5; drag-lps8-05; 7; 7; 125000; 84
2023-03-09 05:15:54; hka-aqm-am004;  21.72;  37.61;   441;   504;     6;     4;     3;     4;  -118;  -118;  -0.5; drag-lps8-03; 5; 7; 125000; 85
2023-03-09 05:31:01; hka-aqm-am004;  21.76;  37.68;   441;   553;     6;     0;     2;     0;  -122;  -122;  -4.0; drag-lps8-03; 6; 7; 125000; 86
2023-03-09 05:46:07; hka-aqm-am004;  21.82;  37.58;   432;   600;     6;     0;     2;     0;  -121;  -121;  -3.0; drag-lps8-03; 2; 7; 125000; 87
2023-03-09 06:01:15; hka-aqm-am004;  21.85;  37.51;   434;   609;     6;     0;     2;     0;  -101;  -101;   7.2; drag-lps8-05; 4; 7; 125000; 88
2023-03-09 06:16:21; hka-aqm-am004;  21.88;  37.45;   430;   593;     6;     0;     2;     0;  -122;  -122;  -3.5; drag-lps8-03; 1; 7; 125000; 89
2023-03-09 06:31:28; hka-aqm-am004;  21.92;  37.35;   423;   610;     6;     1;     2;     0;  -101;  -101;   8.2; drag-lps8-05; 4; 7; 125000; 90
2023-03-09 06:46:34; hka-aqm-am004;  21.94;  37.32;   420;   643;    10;     3;     2;     0;  -102;  -102;   7.8; drag-lps8-05; 0; 7; 125000; 91
2023-03-09 07:01:40; hka-aqm-am004;  21.95;  37.25;   419;   665;    14;     3;     2;     0;  -121;  -121;  -2.8; drag-lps8-03; 6; 7; 125000; 92
2023-03-09 07:16:47; hka-aqm-am004;  21.98;  37.18;   417;   633;    23;     7;     2;     0;  -102;  -102;   6.2; drag-lps8-05; 1; 7; 125000; 93
2023-03-09 07:31:55; hka-aqm-am004;  21.99;  37.12;   418;   625;    30;     7;     2;     0;  -105;  -105;   5.8; drag-lps8-05; 2; 7; 125000; 94
2023-03-09 07:47:01; hka-aqm-am004;  21.98;  37.05;   416;   626;    67;    21;     2;     0;  -103;  -103;   6.0; drag-lps8-05; 3; 7; 125000; 95
2023-03-09 08:02:08; hka-aqm-am004;  22.01;  36.98;   414;   672;   117;    36;     2;     1;  -120;  -120;  -1.0; drag-lps8-03; 5; 7; 125000; 96
2023-03-09 08:17:15; hka-aqm-am004;  22.04;  36.85;   411;   628;   120;    36;     2;     1;  -107;  -107;   7.5; drag-lps8-05; 7; 7; 125000; 97
2023-03-09 08:32:21; hka-aqm-am004;  22.06;  36.75;   413;   615;   111;    33;     2;     1;  -124;  -124;  -4.0; drag-lps8-03; 4; 7; 125000; 98
2023-03-09 08:47:27; hka-aqm-am004;  22.10;  36.65;   411;   627;   105;    32;     3;     1;  -124;  -124;  -5.2; drag-lps8-03; 1; 7; 125000; 99
2023-03-09 09:02:34; hka-aqm-am004;  22.17;  36.52;   412;   617;   242;    74;     3;     1;  -122;  -122;  -3.0; drag-lps8-03; 3; 7; 125000; 100
2023-03-09 09:17:40; hka-aqm-am004;  22.23;  36.45;   409;   599;   160;    50;     3;     1;  -125;  -125;  -8.0; drag-lps8-03; 2; 7; 125000; 101
2023-03-09 09:32:47; hka-aqm-am004;  22.25;  36.39;   409;   606;   133;    42;     2;     0;  -105;  -105;   7.0; drag-lps8-05; 6; 7; 125000; 102
2023-03-09 09:47:54; hka-aqm-am004;  22.24;  36.35;   406;   622;   108;    32;     3;     1;  -108;  -108;   8.0; drag-lps8-05; 7; 7; 125000; 103
2023-03-09 10:03:01; hka-aqm-am004;  22.26;  36.32;   406;   618;   169;    52;     3;     1;  -107;  -107;   7.8; drag-lps8-05; 0; 7; 125000; 104
2023-03-09 10:18:07; hka-aqm-am004;  22.28;  36.25;   405;   621;   170;    52;     3;     1;  -105;  -105;   6.2; drag-lps8-05; 5; 7; 125000; 105
2023-03-09 10:33:15; hka-aqm-am004;  22.33;  36.19;   408;   610;   218;    68;     3;     1;  -107;  -107;   8.0; drag-lps8-05; 0; 7; 125000; 106
2023-03-09 10:48:21; hka-aqm-am004;  22.31;  37.41;   424;   534;   203;    62;     3;     1;  -119;  -119;  -1.0; drag-lps8-03; 4; 7; 125000; 107
2023-03-09 11:03:27; hka-aqm-am004;  22.05;  38.67;   430;   468;   386;   120;     3;     1;  -103;  -103;   5.8; drag-lps8-05; 2; 7; 125000; 108
2023-03-09 11:18:36; hka-aqm-am004;  21.77;  39.62;   432;   474;   158;    50;     3;     1;  -117;  -117;  -1.2; drag-lps8-03; 6; 7; 125000; 109
2023-03-09 11:25:35; hka-aqm-am004;  21.58;  39.82;   421;   508;   493;   158;     3;     1;  -106;  -106;   4.8; drag-lps8-05; 1; 7; 125000; 110
2023-03-09 11:25:55; hka-aqm-am004;  21.57;  39.82;   422;   510;   558;   178;     1;     0;  -108;  -108;   5.8; drag-lps8-05; 3; 7; 125000; 111
2023-03-09 11:26:15; hka-aqm-am004;  21.58;  39.89;   423;   513;   610;   194;     0;     0;  -115;  -115;   1.2; drag-lps8-03; 5; 7; 125000; 112
2023-03-09 11:27:14; hka-aqm-am004;  21.56;  39.95;   431;   540;   692;   223;     0;     0;  -108;  -108;   6.0; drag-lps8-05; 7; 7; 125000; 113
2023-03-09 11:28:33; hka-aqm-am004;  21.56;  40.02;   444;   539;   658;   212;     1;     0;  -106;  -106;   4.5; drag-lps8-05; 2; 7; 125000; 114
2023-03-09 11:30:34; hka-aqm-am004;  21.56;  40.05;   452;   578;   815;   263;     1;     0;  -115;  -115; nan; drag-lps8-03; 6; 7; 125000; 115
2023-03-09 11:31:15; hka-aqm-am004;  21.56;  40.05;   456;   572;   703;   225;     0;     0;  -118;  -118;  -0.8; drag-lps8-03; 1; 7; 125000; 116
2023-03-09 11:32:34; hka-aqm-am004;  21.59;  40.05;   451;   581;   797;   260;     0;     0;  -102;  -102;   6.8; drag-lps8-05; 4; 7; 125000; 117
2023-03-09 11:32:55; hka-aqm-am004;  21.57;  40.08;   450;   580;   703;   227;     0;     0;  -119;  -119;   1.8; drag-lps8-03; 7; 7; 125000; 118
2023-03-09 11:33:35; hka-aqm-am004;  21.58;  40.08;   453;   583;   648;   209;     0;     0;  -119;  -119;   0.5; drag-lps8-03; 0; 7; 125000; 119
2023-03-09 11:38:34; hka-aqm-am004;  21.68;  40.02;   458;   616;   754;   242;     2;     1;  -115;  -115;   2.0; drag-lps8-03; 5; 7; 125000; 120
2023-03-09 11:38:54; hka-aqm-am004;  21.69;  40.05;   459;   636;   811;   259;     1;     1;  -118;  -118;   0.5; drag-lps8-03; 3; 7; 125000; 121
2023-03-09 11:40:35; hka-aqm-am004;  21.70;  40.02;   472;   650;  1520;   499;     2;     1;  -115;  -115; nan; drag-lps8-03; 6; 7; 125000; 122
2023-03-09 11:40:55; hka-aqm-am004;  21.70;  39.95;   470;   630;  1127;   365;     0;     1;  -120;  -120;  -0.2; drag-lps8-03; 0; 7; 125000; 123
2023-03-09 11:41:15; hka-aqm-am004;  21.70;  39.95;   469;   659;  1187;   385;     0;     1;  -116;  -116;  -1.8; drag-lps8-03; 5; 7; 125000; 124
2023-03-09 11:42:14; hka-aqm-am004;  21.76;  39.95;   477;   668;  1281;   415;     2;     1;  -105;  -105;   7.2; drag-lps8-05; 4; 7; 125000; 125
2023-03-09 11:42:54; hka-aqm-am004;  21.74;  39.95;   479;   680;  1223;   395;     2;     1;  -116;  -116; nan; drag-lps8-03; 7; 7; 125000; 126
2023-03-09 11:43:14; hka-aqm-am004;  21.77;  39.95;   476;   706;  1296;   421;     1;     1;  -117;  -117;  -0.8; drag-lps8-03; 1; 7; 125000; 127
2023-03-09 11:43:35; hka-aqm-am004;  21.77;  39.95;   474;   708;  1114;   356;     1;     1;  -108;  -108;   4.2; drag-lps8-05; 2; 7; 125000; 128
2023-03-09 11:44:14; hka-aqm-am004;  21.78;  39.89;   478;   709;   878;   279;     2;     2;  -107;  -107;   4.8; drag-lps8-05; 3; 7; 125000; 129
2023-03-09 11:45:16; hka-aqm-am004;  21.83;  39.89;   477;   707;   797;   250;     2;     2;  -106;  -106;   6.2; drag-lps8-05; 4; 7; 125000; 130
2023-03-09 11:46:15; hka-aqm-am004;  21.86;  39.89;   478;   719;   966;   303;     0;     1;  -118;  -118;  -3.5; drag-lps8-03; 7; 7; 125000; 131
2023-03-09 11:46:36; hka-aqm-am004;  21.88;  39.85;   478;   753;   862;   271;     2;     1;  -118;  -118;   1.0; drag-lps8-03; 0; 7; 125000; 132
2023-03-09 11:47:16; hka-aqm-am004;  21.88;  39.89;   483;   747;   794;   249;     2;     1;  -119;  -119;  -2.0; drag-lps8-03; 1; 7; 125000; 133
2023-03-09 11:49:14; hka-aqm-am004;  21.94;  39.82;   501;   744;  1084;   344;     1;     1;  -114;  -114; nan; drag-lps8-03; 6; 7; 125000; 134
2023-03-09 11:49:35; hka-aqm-am004;  21.91;  39.79;   499;   745;   958;   302;     0;     1;  -104;  -104;   6.0; drag-lps8-05; 2; 7; 125000; 135
2023-03-09 11:49:55; hka-aqm-am004;  21.94;  39.76;   498;   768;  1040;   329;     0;     1;  -107;  -107;   5.0; drag-lps8-05; 3; 7; 125000; 136
2023-03-09 11:50:15; hka-aqm-am004;  21.94;  39.76;   498;   762;  1518;   493;     0;     1;  -106;  -106;   6.0; drag-lps8-05; 5; 7; 125000; 137
2023-03-09 11:50:35; hka-aqm-am004;  21.95;  39.76;   498;   757;   924;   290;     0;     1;  -107;  -107;   5.0; drag-lps8-05; 3; 7; 125000; 138
2023-03-09 11:50:55; hka-aqm-am004;  21.96;  39.76;   497;   754;   857;   268;     0;     1;  -108;  -108;   6.5; drag-lps8-05; 0; 7; 125000; 139
2023-03-09 11:51:15; hka-aqm-am004;  21.96;  39.76;   497;   756;   787;   245;     0;     1;  -118;  -118;  -0.2; drag-lps8-03; 1; 7; 125000; 140
2023-03-09 11:52:35; hka-aqm-am004;  22.02;  39.69;   501;   751;   901;   282;     0;     1;  -123;  -123;  -3.8; drag-lps8-03; 2; 7; 125000; 141
2023-03-09 11:52:56; hka-aqm-am004;  22.03;  39.69;   502;   755;   831;   259;     0;     1;  -109;  -109;   5.8; drag-lps8-05; 7; 7; 125000; 142
2023-03-09 11:53:35; hka-aqm-am004;  22.03;  39.69;   506;   764;  1196;   381;     0;     1;  -107;  -107;   7.8; drag-lps8-05; 4; 7; 125000; 143
2023-03-09 11:53:55; hka-aqm-am004;  22.05;  39.69;   505;   767;  1479;   482;     0;     1;  -117;  -117;   0.5; drag-lps8-03; 5; 7; 125000; 144
2023-03-09 11:54:15; hka-aqm-am004;  22.06;  39.66;   504;   768;  1378;   446;     1;     1;  -106;  -106;   5.2; drag-lps8-05; 6; 7; 125000; 145
2023-03-09 11:54:36; hka-aqm-am004;  22.07;  39.62;   504;   766;  1480;   481;     1;     1;  -120;  -120;  -0.5; drag-lps8-03; 0; 7; 125000; 146
2023-03-09 11:55:15; hka-aqm-am004;  22.08;  39.62;   508;   713;  1551;   508;     0;     1;  -108;  -108;   7.0; drag-lps8-05; 7; 7; 125000; 147
2023-03-09 11:55:55; hka-aqm-am004;  22.10;  39.62;   507;   725;  1472;   479;     0;     1;  -106;  -106;   4.8; drag-lps8-05; 2; 7; 125000; 148
2023-03-09 11:56:16; hka-aqm-am004;  22.13;  39.56;   507;   740;  1365;   443;     0;     1;  -119;  -119;  -2.2; drag-lps8-03; 6; 7; 125000; 149
2023-03-09 11:56:35; hka-aqm-am004;  22.13;  39.62;   507;   753;  1434;   466;     0;     1;  -108;  -108;   6.0; drag-lps8-05; 1; 7; 125000; 150
2023-03-09 11:56:55; hka-aqm-am004;  22.17;  39.59;   507;   761;  1049;   334;     0;     1;  -105;  -105;   4.5; drag-lps8-05; 5; 7; 125000; 151
2023-03-09 11:57:15; hka-aqm-am004;  22.17;  39.62;   507;   789;  1199;   385;     0;     1;  -106;  -106;   6.5; drag-lps8-05; 4; 7; 125000; 152
2023-03-09 11:57:55; hka-aqm-am004;  22.19;  39.56;   511;   786;  1531;   501;     0;     1;  -107;  -107;   6.2; drag-lps8-05; 3; 7; 125000; 153
2023-03-09 11:59:16; hka-aqm-am004;  22.24;  39.53;   509;   778;  1475;   488;     0;     1;  -109;  -109;   6.8; drag-lps8-05; 0; 7; 125000; 154
2023-03-09 12:00:35; hka-aqm-am004;  22.28;  39.30;   510;   800;   728;   235;     0;     1;  -117;  -117;  -1.0; drag-lps8-03; 6; 7; 125000; 155
2023-03-09 12:01:15; hka-aqm-am004;  22.30;  39.13;   508;   798;   836;   272;     0;     1;  -117;  -117; nan; drag-lps8-03; 4; 7; 125000; 156
2023-03-09 12:02:35; hka-aqm-am004;  22.34;  38.70;   496;   764;   971;   316;     0;     1;  -120;  -120;  -3.5; drag-lps8-03; 2; 7; 125000; 157
2023-03-09 12:02:55; hka-aqm-am004;  22.35;  38.87;   491;   756;   781;   253;     0;     1;  -108;  -108;   4.2; drag-lps8-05; 3; 7; 125000; 158
2023-03-09 12:06:55; hka-aqm-am004;  22.45;  38.93;   502;   799;   813;   265;     1;     1;  -107;  -107;   7.8; drag-lps8-05; 7; 7; 125000; 159
2023-03-09 12:07:35; hka-aqm-am004;  22.47;  38.93;   502;   771;   729;   237;     1;     0;  -116;  -116;  -1.0; drag-lps8-03; 5; 7; 125000; 160
2023-03-09 12:11:14; hka-aqm-am004;  22.55;  38.83;   509;   797;   810;   265;     1;     0;  -120;  -120;  -2.5; drag-lps8-03; 1; 7; 125000; 161
2023-03-09 12:11:34; hka-aqm-am004;  22.58;  38.83;   508;   800;  1226;   408;     0;     0;  -106;  -106;   4.2; drag-lps8-05; 5; 7; 125000; 162
2023-03-09 12:12:16; hka-aqm-am004;  22.57;  38.83;   511;   796;   950;   312;     1;     0;  -119;  -119;  -1.0; drag-lps8-03; 6; 7; 125000; 163
2023-03-09 12:12:35; hka-aqm-am004;  22.58;  38.83;   508;   803;   878;   286;     0;     0;  -118;  -118;   0.5; drag-lps8-03; 4; 7; 125000; 164
2023-03-09 12:13:15; hka-aqm-am004;  22.63;  38.77;   505;   788;   705;   230;     1;     0;  -106;  -106;   6.8; drag-lps8-05; 1; 7; 125000; 165
2023-03-09 12:14:55; hka-aqm-am004;  22.65;  38.74;   512;   818;   967;   314;     0;     1;  -108;  -108;   7.5; drag-lps8-05; 7; 7; 125000; 166
2023-03-09 12:15:34; hka-aqm-am004;  22.68;  38.70;   517;   813;   762;   246;     0;     1;  -105;  -105;   5.5; drag-lps8-05; 2; 7; 125000; 167
2023-03-09 12:15:55; hka-aqm-am004;  22.69;  38.77;   516;   810;  1161;   381;     0;     1;  -107;  -107;   5.5; drag-lps8-05; 3; 7; 125000; 168
2023-03-09 12:16:15; hka-aqm-am004;  22.70;  38.74;   516;   811;  1035;   335;     1;     1;  -105;  -105;   6.2; drag-lps8-05; 0; 7; 125000; 169
2023-03-09 12:16:35; hka-aqm-am004;  22.70;  38.74;   517;   796;  1351;   444;     1;     1;  -104;  -104;   6.2; drag-lps8-05; 4; 7; 125000; 170
2023-03-09 12:16:56; hka-aqm-am004;  22.71;  38.70;   518;   799;  1424;   467;     0;     1;  -118;  -118;  -1.2; drag-lps8-03; 3; 7; 125000; 171
2023-03-09 12:18:15; hka-aqm-am004;  22.74;  38.70;   525;   827;  1166;   374;     1;     1;  -116;  -116;   0.2; drag-lps8-03; 5; 7; 125000; 172
2023-03-09 12:18:35; hka-aqm-am004;  22.80;  38.67;   525;   871;  1383;   448;     1;     1;  -108;  -108;   7.5; drag-lps8-05; 0; 7; 125000; 173
2023-03-09 12:18:55; hka-aqm-am004;  22.79;  38.64;   524;   846;  1254;   405;     0;     1;  -122;  -122;  -3.0; drag-lps8-03; 1; 7; 125000; 174
2023-03-09 12:19:16; hka-aqm-am004;  22.80;  38.64;   524;   841;  1031;   332;     0;     1;  -124;  -124;  -5.0; drag-lps8-03; 2; 7; 125000; 175
2023-03-09 12:19:36; hka-aqm-am004;  22.82;  38.64;   524;   835;  1209;   388;     0;     1;  -120;  -120;  -1.5; drag-lps8-03; 7; 7; 125000; 176
2023-03-09 12:19:55; hka-aqm-am004;  22.84;  38.64;   524;   832;  1074;   343;     0;     1;  -118;  -118;  -1.8; drag-lps8-03; 6; 7; 125000; 177
2023-03-09 12:20:16; hka-aqm-am004;  22.85;  38.64;   524;   831;  1168;   372;     0;     1;  -124;  -124;  -5.0; drag-lps8-03; 2; 7; 125000; 178
2023-03-09 12:20:35; hka-aqm-am004;  22.86;  38.60;   525;   896;  1013;   321;     0;     1;  -107;  -107;   6.8; drag-lps8-05; 4; 7; 125000; 179
2023-03-09 12:20:56; hka-aqm-am004;  22.87;  38.60;   526;   868;   940;   295;     0;     1;  -106;  -106;   4.5; drag-lps8-05; 3; 7; 125000; 180
2023-03-09 12:21:15; hka-aqm-am004;  22.90;  38.57;   526;   853;   859;   267;     0;     1;  -104;  -104;   6.0; drag-lps8-05; 5; 7; 125000; 181
2023-03-09 12:22:14; hka-aqm-am004;  22.92;  38.57;   535;   843;   930;   292;     0;     1;  -120;  -120;  -2.0; drag-lps8-03; 7; 7; 125000; 182
2023-03-09 12:22:36; hka-aqm-am004;  22.94;  38.54;   533;   818;  1157;   370;     1;     1;  -123;  -123;  -4.2; drag-lps8-03; 1; 7; 125000; 183
2023-03-09 12:22:55; hka-aqm-am004;  22.95;  38.51;   531;   815;  1418;   460;     1;     1;  -105;  -105;   6.8; drag-lps8-05; 6; 7; 125000; 184
2023-03-09 12:23:15; hka-aqm-am004;  22.95;  38.51;   531;   820;  1260;   407;     0;     1;  -121;  -121;  -1.2; drag-lps8-03; 0; 7; 125000; 185
2023-03-09 12:23:35; hka-aqm-am004;  22.96;  38.51;   531;   824;  1445;   469;     0;     1;  -120;  -120;  -1.5; drag-lps8-03; 3; 7; 125000; 186
2023-03-09 12:23:55; hka-aqm-am004;  23.00;  38.51;   531;   828;  1170;   376;     0;     1;  -118;  -118;   0.8; drag-lps8-03; 4; 7; 125000; 187
2023-03-09 12:24:15; hka-aqm-am004;  23.00;  38.51;   531;   831;  1077;   346;     0;     1;  -104;  -104;   5.8; drag-lps8-05; 2; 7; 125000; 188
2023-03-09 12:24:35; hka-aqm-am004;  23.00;  38.47;   531;   836;   952;   304;     0;     0;  -107;  -107;   6.8; drag-lps8-05; 1; 7; 125000; 189
2023-03-09 12:25:16; hka-aqm-am004;  23.02;  38.44;   536;   837;   723;   228;     1;     0;  -122;  -122;  -2.5; drag-lps8-03; 7; 7; 125000; 190
2023-03-09 12:25:35; hka-aqm-am004;  23.05;  38.44;   536;   842;   667;   212;     0;     0;  -106;  -106;   5.8; drag-lps8-05; 5; 7; 125000; 191
2023-03-09 12:35:35; hka-aqm-am004;  23.39;  38.01;   551;   868;   658;   209;     1;     0;  -120;  -120;  -1.5; drag-lps8-03; 0; 7; 125000; 192
2023-03-09 12:38:15; hka-aqm-am004;  23.46;  37.98;   549;   861;   695;   219;     0;     0;  -103;  -103;   6.2; drag-lps8-05; 6; 7; 125000; 193
2023-03-09 12:38:56; hka-aqm-am004;  23.48;  37.94;   552;   863;   884;   280;     0;     0;  -121;  -121;  -2.0; drag-lps8-03; 1; 7; 125000; 194
2023-03-09 12:40:36; hka-aqm-am004;  23.50;  37.91;   556;   864;   998;   320;     0;     0;  -117;  -117;   0.2; drag-lps8-03; 6; 7; 125000; 195
2023-03-09 12:40:55; hka-aqm-am004;  23.54;  37.91;   556;   868;   889;   283;     0;     0;  -106;  -106;   5.8; drag-lps8-05; 3; 7; 125000; 196
2023-03-09 12:41:16; hka-aqm-am004;  23.56;  37.91;   556;   875;   954;   307;     0;     0;  -122;  -122;  -3.0; drag-lps8-03; 2; 7; 125000; 197
2023-03-09 12:42:35; hka-aqm-am004;  23.58;  37.84;   561;   886;   789;   251;     1;     0;  -118;  -118;  -0.5; drag-lps8-03; 7; 7; 125000; 198
2023-03-09 12:43:36; hka-aqm-am004;  23.60;  37.78;   561;   876;   635;   201;     0;     0;  -115;  -115;   1.8; drag-lps8-03; 4; 7; 125000; 199
2023-03-09 12:43:56; hka-aqm-am004;  23.61;  37.75;   562;   875;   584;   184;     0;     0;  -115;  -115;   2.5; drag-lps8-03; 5; 7; 125000; 200
2023-03-09 12:45:35; hka-aqm-am004;  23.65;  37.71;   572;   875;   475;   150;     0;     0;  -103;  -103;   6.0; drag-lps8-05; 5; 7; 125000; 202
2023-03-09 12:56:15; hka-aqm-am004;  23.86;  36.69;   524;   772;   717;   229;     1;     0;  -119;  -119;   0.8; drag-lps8-03; 0; 7; 125000; 203
2023-03-09 13:01:54; hka-aqm-am004;  23.91;  36.52;   524;   690;   687;   218;     1;     0;  -115;  -115;   0.5; drag-lps8-03; 6; 7; 125000; 204
2023-03-09 13:02:54; hka-aqm-am004;  23.95;  36.49;   523;   749;   586;   184;     0;     0;  -104;  -104;   6.0; drag-lps8-05; 2; 7; 125000; 205
2023-03-09 13:13:55; hka-aqm-am004;  24.12;  36.25;   541;   797;   651;   209;     1;     1;  -105;  -105;   6.0; drag-lps8-05; 3; 7; 125000; 206
2023-03-09 13:14:15; hka-aqm-am004;  24.13;  36.22;   539;   762;   706;   228;     0;     1;  -103;  -103;   7.0; drag-lps8-05; 1; 7; 125000; 207
2023-03-09 13:16:35; hka-aqm-am004;  24.13;  35.39;   507;   751;   686;   218;     0;     0;  -118;  -118;  -0.2; drag-lps8-03; 7; 7; 125000; 208
2023-03-09 13:20:15; hka-aqm-am004;  24.14;  35.29;   493;   689;   724;   231;     1;     0;  -105;  -105;   7.5; drag-lps8-05; 4; 7; 125000; 209
2023-03-09 13:21:15; hka-aqm-am004;  24.16;  35.39;   485;   694;   879;   281;     1;     0;  -118;  -118;  -0.5; drag-lps8-03; 5; 7; 125000; 210
2023-03-09 13:21:35; hka-aqm-am004;  24.17;  35.39;   484;   699;   942;   302;     0;     0;  -107;  -107;   5.2; drag-lps8-05; 2; 7; 125000; 211
2023-03-09 13:21:55; hka-aqm-am004;  24.15;  35.42;   484;   703;  1009;   323;     0;     0;  -120;  -120;  -2.0; drag-lps8-03; 7; 7; 125000; 212
2023-03-09 13:22:56; hka-aqm-am004;  24.13;  35.46;   486;   670;  1126;   360;     0;     0;  -104;  -104;   7.2; drag-lps8-05; 6; 7; 125000; 213
2023-03-09 13:24:15; hka-aqm-am004;  24.19;  35.49;   495;   697;  1282;   411;     1;     1;  -109;  -109;   7.0; drag-lps8-05; 0; 7; 125000; 214
2023-03-09 13:24:35; hka-aqm-am004;  24.18;  35.46;   493;   708;  1365;   439;     0;     1;  -120;  -120;  -1.0; drag-lps8-03; 3; 7; 125000; 215
2023-03-09 13:25:34; hka-aqm-am004;  24.19;  35.49;   496;   710;  1240;   397;     0;     1;  -120;  -120;  -0.8; drag-lps8-03; 4; 7; 125000; 216
2023-03-09 13:25:56; hka-aqm-am004;  24.17;  35.46;   495;   716;  1021;   325;     1;     1;  -122;  -122;  -4.2; drag-lps8-03; 1; 7; 125000; 217
2023-03-09 13:26:15; hka-aqm-am004;  24.19;  35.46;   495;   720;   951;   304;     1;     1;  -107;  -107;   6.2; drag-lps8-05; 7; 7; 125000; 218
2023-03-09 13:27:15; hka-aqm-am004;  24.21;  35.46;   493;   741;  1029;   328;     1;     1;  -106;  -106;   6.8; drag-lps8-05; 4; 7; 125000; 219
2023-03-09 13:27:36; hka-aqm-am004;  24.21;  35.49;   494;   746;  1147;   368;     0;     1;  -107;  -107;   5.5; drag-lps8-05; 6; 7; 125000; 220
2023-03-09 13:27:55; hka-aqm-am004;  24.23;  35.49;   495;   745;  1223;   394;     0;     1;  -118;  -118;  -1.0; drag-lps8-03; 0; 7; 125000; 221
2023-03-09 13:28:16; hka-aqm-am004;  24.21;  35.52;   496;   740;  1274;   411;     0;     1;  -108;  -108;   6.0; drag-lps8-05; 1; 7; 125000; 222
2023-03-09 13:28:55; hka-aqm-am004;  24.24;  35.52;   496;   744;  1402;   455;     0;     1;  -108;  -108;   5.8; drag-lps8-05; 3; 7; 125000; 223
2023-03-09 13:29:15; hka-aqm-am004;  24.25;  35.52;   496;   741;  1316;   426;     0;     1;  -106;  -106;   6.0; drag-lps8-05; 5; 7; 125000; 224
2023-03-09 13:30:15; hka-aqm-am004;  24.29;  35.52;   499;   745;  1160;   374;     0;     1;  -106;  -106;   4.8; drag-lps8-05; 2; 7; 125000; 225
2023-03-09 13:30:35; hka-aqm-am004;  24.30;  35.52;   499;   778;  1017;   325;     0;     1;  -104;  -104;   6.8; drag-lps8-05; 4; 7; 125000; 226
2023-03-09 13:32:35; hka-aqm-am004;  24.34;  35.46;   499;   753;   830;   263;     1;     1;  -107;  -107;   4.0; drag-lps8-05; 2; 7; 125000; 227
2023-03-09 13:33:14; hka-aqm-am004;  24.35;  35.46;   504;   795;   767;   242;     0;     1;  -123;  -123;  -3.8; drag-lps8-03; 1; 7; 125000; 228
2023-03-09 13:34:55; hka-aqm-am004;  24.34;  35.52;   517;   781;  1055;   336;     1;     1;  -120;  -120;  -1.5; drag-lps8-03; 0; 7; 125000; 229
2023-03-09 13:35:15; hka-aqm-am004;  24.38;  35.52;   513;   761;  1137;   366;     0;     1;  -108;  -108;   7.0; drag-lps8-05; 7; 7; 125000; 230
2023-03-09 13:35:35; hka-aqm-am004;  24.39;  35.52;   512;   800;  1201;   385;     0;     1;  -120;  -120;  -0.5; drag-lps8-03; 3; 7; 125000; 231
2023-03-09 13:36:35; hka-aqm-am004;  24.39;  35.46;   514;   782;  1163;   374;     1;     1;  -118;  -118; nan; drag-lps8-03; 5; 7; 125000; 232
2023-03-09 13:37:56; hka-aqm-am004;  24.42;  35.52;   520;   785;   958;   304;     1;     1;  -118;  -118;  -0.8; drag-lps8-03; 6; 7; 125000; 233
2023-03-09 13:38:16; hka-aqm-am004;  24.45;  35.52;   519;   785;   904;   287;     1;     1;  -120;  -120;  -0.8; drag-lps8-03; 0; 7; 125000; 234
2023-03-09 13:38:36; hka-aqm-am004;  24.44;  35.52;   519;   782;   819;   257;     0;     1;  -107;  -107;   5.8; drag-lps8-05; 6; 7; 125000; 235
2023-03-09 13:39:35; hka-aqm-am004;  24.45;  35.52;   519;   787;   867;   275;     1;     1;  -106;  -106;   7.2; drag-lps8-05; 4; 7; 125000; 236
2023-03-09 13:40:14; hka-aqm-am004;  24.47;  35.49;   523;   762;   815;   257;     0;     1;  -119;  -119;   0.8; drag-lps8-03; 7; 7; 125000; 237
2023-03-09 13:42:35; hka-aqm-am004;  24.52;  35.46;   524;   780;   829;   261;     1;     2;  -104;  -104;   5.8; drag-lps8-05; 1; 7; 125000; 238
2023-03-09 13:43:15; hka-aqm-am004;  24.54;  35.39;   523;   785;   732;   228;     1;     1;  -123;  -123;  -3.8; drag-lps8-03; 2; 7; 125000; 239
2023-03-09 13:46:36; hka-aqm-am004;  24.57;  35.46;   533;   796;   737;   230;     1;     1;  -105;  -105;   6.0; drag-lps8-05; 5; 7; 125000; 240
2023-03-09 13:47:16; hka-aqm-am004;  24.58;  35.39;   530;   867;   830;   260;     1;     0;  -118;  -118;  -0.8; drag-lps8-03; 3; 7; 125000; 241
2023-03-09 13:50:15; hka-aqm-am004;  24.59;  35.49;   539;   814;  1047;   336;     1;     3;  -120;  -120;  -1.8; drag-lps8-03; 5; 7; 125000; 242
2023-03-09 13:50:36; hka-aqm-am004;  24.60;  35.46;   538;   805;  1106;   356;     0;     1;  -119;  -119;  -1.0; drag-lps8-03; 6; 7; 125000; 243
2023-03-09 13:50:55; hka-aqm-am004;  24.61;  35.46;   537;   804;  1170;   379;     0;     1;  -111;  -111;   2.2; drag-lps8-05; 1; 7; 125000; 244
2023-03-09 13:51:16; hka-aqm-am004;  24.58;  35.59;   538;   802;  1271;   411;     0;     1;  -115;  -115;   0.5; drag-lps8-05; 7; 7; 125000; 245
2023-03-09 13:51:36; hka-aqm-am004;  24.60;  35.72;   539;   807;  1407;   456;     0;     1;  -118;  -118;   1.2; drag-lps8-03; 4; 7; 125000; 246
2023-03-09 13:52:15; hka-aqm-am004;  24.63;  35.79;   542;   825;  1311;   422;     0;     1;  -118;  -118;   0.2; drag-lps8-03; 3; 7; 125000; 247
2023-03-09 13:52:35; hka-aqm-am004;  24.62;  35.76;   543;   822;  1364;   440;     0;     1;  -112;  -112;   3.2; drag-lps8-05; 2; 7; 125000; 248
2023-03-09 13:52:55; hka-aqm-am004;  24.62;  35.49;   543;   820;  1275;   410;     0;     1;  -109;  -109;   6.0; drag-lps8-05; 0; 7; 125000; 249
2023-03-09 13:53:55; hka-aqm-am004;  24.64;  35.39;   530;   789;  1251;   400;     0;     1;  -108;  -108;   3.5; drag-lps8-05; 6; 7; 125000; 250
2023-03-09 13:54:16; hka-aqm-am004;  24.64;  35.56;   529;   775;  1082;   342;     0;     0;  -112;  -112;   5.0; drag-lps8-05; 0; 7; 125000; 251
2023-03-09 13:54:56; hka-aqm-am004;  24.64;  35.66;   531;   790;  1247;   399;     0;     0;  -109;  -109;   3.5; drag-lps8-05; 2; 7; 125000; 252
2023-03-09 13:55:15; hka-aqm-am004;  24.66;  35.76;   537;   802;  1473;   479;     0;     0;  -117;  -117;  -1.0; drag-lps8-03; 5; 7; 125000; 253
2023-03-09 13:55:35; hka-aqm-am004;  24.64;  35.79;   544;   810;  1381;   444;     0;     0;  -111;  -111;   3.0; drag-lps8-05; 1; 7; 125000; 254
2023-03-09 13:55:55; hka-aqm-am004;  24.67;  35.76;   548;   806;  1192;   381;     0;     0;  -112;  -112;   2.5; drag-lps8-05; 7; 7; 125000; 255
2023-03-09 13:56:35; hka-aqm-am004;  24.68;  35.66;   553;   802;  1227;   392;     1;     0;  -108;  -108;   4.2; drag-lps8-05; 4; 7; 125000; 256
2023-03-09 13:56:55; hka-aqm-am004;  24.68;  35.66;   553;   805;  1363;   438;     0;     0;  -118;  -118;  -2.2; drag-lps8-03; 3; 7; 125000; 257
2023-03-09 13:57:15; hka-aqm-am004;  24.68;  35.59;   553;   809;  1488;   482;     0;     0;  -120;  -120;  -1.5; drag-lps8-03; 6; 7; 125000; 258
2023-03-09 13:58:15; hka-aqm-am004;  24.68;  35.52;   548;   826;  1424;   458;     0;     0;  -121;  -121;  -1.8; drag-lps8-03; 7; 7; 125000; 259
2023-03-09 13:58:55; hka-aqm-am004;  24.71;  35.56;   550;   823;  1566;   507;     0;     0;  -112;  -112;   2.8; drag-lps8-05; 2; 7; 125000; 260
2023-03-09 13:59:16; hka-aqm-am004;  24.72;  35.52;   547;   819;  1403;   451;     0;     0;  -122;  -122;  -3.5; drag-lps8-03; 3; 7; 125000; 261
2023-03-09 13:59:35; hka-aqm-am004;  24.73;  35.52;   545;   821;  1504;   486;     0;     0;  -121;  -121;  -1.2; drag-lps8-03; 0; 7; 125000; 262
2023-03-09 14:00:15; hka-aqm-am004;  24.74;  35.49;   542;   838;  1674;   544;     0;     0;  -123;  -123;  -5.0; drag-lps8-03; 1; 7; 125000; 263
2023-03-09 14:01:15; hka-aqm-am004;  24.77;  35.46;   539;   837;  1560;   504;     0;     0;  -108;  -108;   6.2; drag-lps8-05; 4; 7; 125000; 264
2023-03-09 14:02:16; hka-aqm-am004;  24.78;  35.46;   537;   819;  1653;   536;     0;     0;  -109;  -109;   5.0; drag-lps8-05; 5; 7; 125000; 265
2023-03-09 14:02:35; hka-aqm-am004;  24.79;  35.46;   537;   878;  1535;   494;     0;     0;  -125;  -125;  -4.8; drag-lps8-03; 2; 7; 125000; 266
2023-03-09 14:03:54; hka-aqm-am004;  24.82;  35.39;   538;   830;  1531;   495;     0;     0;  -109;  -109;   4.5; drag-lps8-05; 1; 7; 125000; 267
2023-03-09 14:04:16; hka-aqm-am004;  24.83;  35.39;   536;   842;  1129;   357;     0;     0;  -108;  -108;   3.5; drag-lps8-05; 3; 7; 125000; 268
2023-03-09 14:04:35; hka-aqm-am004;  24.84;  35.39;   535;   879;  1047;   329;     0;     0;  -108;  -108;   3.5; drag-lps8-05; 6; 7; 125000; 269
2023-03-09 14:04:55; hka-aqm-am004;  24.86;  35.36;   534;   854;   922;   287;     0;     0;  -122;  -122;  -2.5; drag-lps8-03; 0; 7; 125000; 270
2023-03-09 14:05:55; hka-aqm-am004;  24.88;  35.32;   536;   838;   976;   308;     0;     0;  -109;  -109;   2.5; drag-lps8-05; 5; 7; 125000; 271
2023-03-09 14:06:17; hka-aqm-am004;  24.89;  35.32;   533;   835;  1063;   336;     0;     0;  -111;  -111;   5.0; drag-lps8-05; 7; 7; 125000; 272
2023-03-09 14:06:36; hka-aqm-am004;  24.89;  35.32;   530;   826;  1148;   365;     0;     0;  -121;  -121;  -3.8; drag-lps8-03; 4; 7; 125000; 273
2023-03-09 14:07:34; hka-aqm-am004;  24.90;  35.26;   531;   850;  1296;   416;     0;     0;  -110;  -110;   2.5; drag-lps8-05; 2; 7; 125000; 274
2023-03-09 14:07:56; hka-aqm-am004;  24.91;  35.26;   530;   837;  1228;   392;     0;     0;  -124;  -124;  -4.2; drag-lps8-03; 7; 7; 125000; 275
2023-03-09 14:08:36; hka-aqm-am004;  24.93;  35.22;   528;   827;  1378;   443;     0;     0;  -121;  -121;  -3.2; drag-lps8-03; 4; 7; 125000; 276
2023-03-09 14:09:54; hka-aqm-am004;  24.95;  35.19;   531;   823;  1256;   401;     1;     0;  -109;  -109;   3.0; drag-lps8-05; 3; 7; 125000; 277
2023-03-09 14:10:35; hka-aqm-am004;  24.97;  35.12;   526;   829;  1294;   413;     0;     0;  -112;  -112;   4.0; drag-lps8-05; 0; 7; 125000; 278
2023-03-09 14:14:15; hka-aqm-am004;  25.07;  35.02;   522;   828;  1445;   464;     0;     0;  -112;  -112;   3.0; drag-lps8-05; 1; 7; 125000; 279
2023-03-09 14:14:36; hka-aqm-am004;  25.10;  34.99;   521;   827;  1356;   433;     0;     0;  -122;  -122;  -3.5; drag-lps8-03; 6; 7; 125000; 280
2023-03-09 14:14:57; hka-aqm-am004;  25.09;  34.96;   520;   828;  1467;   470;     0;     0;  -109;  -109;   4.5; drag-lps8-05; 5; 7; 125000; 281
2023-03-09 14:15:15; hka-aqm-am004;  25.12;  34.96;   519;   830;  1355;   432;     0;     0;  -124;  -124;  -3.0; drag-lps8-03; 0; 7; 125000; 282
2023-03-09 14:15:35; hka-aqm-am004;  25.12;  34.96;   519;   843;  1303;   414;     0;     0;  -121;  -121;  -4.2; drag-lps8-03; 6; 7; 125000; 283
2023-03-09 14:16:16; hka-aqm-am004;  25.13;  34.92;   518;   825;  1378;   436;     0;     0;  -107;  -107;   4.8; drag-lps8-05; 5; 7; 125000; 284
2023-03-09 14:16:36; hka-aqm-am004;  25.16;  34.92;   516;   825;  1477;   467;     0;     0;  -109;  -109;   3.0; drag-lps8-05; 3; 7; 125000; 285
2023-03-09 14:17:16; hka-aqm-am004;  25.18;  34.89;   516;   832;  1976;   618;     0;     0;  -111;  -111;   1.5; drag-lps8-05; 1; 7; 125000; 286
2023-03-09 14:17:35; hka-aqm-am004;  25.19;  34.86;   518;   833;  2285;   712;     0;     0;  -112;  -112;   2.5; drag-lps8-05; 2; 7; 125000; 287
2023-03-09 14:18:14; hka-aqm-am004;  25.16;  34.86;   521;   815;  2508;   782;     1;     0;  -108;  -108;   6.5; drag-lps8-05; 4; 7; 125000; 288
2023-03-09 14:18:35; hka-aqm-am004;  25.20;  34.82;   519;   816;  2885;   906;     1;     0;  -110;  -110;   4.8; drag-lps8-05; 7; 7; 125000; 289
2023-03-09 14:18:55; hka-aqm-am004;  25.24;  34.82;   518;   820;  1816;   580;     0;     0;  -120;  -120;  -2.2; drag-lps8-03; 4; 7; 125000; 290
2023-03-09 14:19:16; hka-aqm-am004;  25.27;  34.79;   516;   822;  2496;   783;     0;     0;  -122;  -122;  -3.0; drag-lps8-03; 6; 7; 125000; 291
2023-03-09 14:19:36; hka-aqm-am004;  25.27;  34.79;   515;   824;  3115;   985;     0;     0;  -122;  -122;  -2.5; drag-lps8-03; 7; 7; 125000; 292
2023-03-09 14:19:55; hka-aqm-am004;  25.27;  34.76;   514;   829;  3296;  1044;     0;     0;  -121;  -121;  -2.2; drag-lps8-03; 5; 7; 125000; 293
2023-03-09 14:20:15; hka-aqm-am004;  25.28;  34.72;   513;   850;  2784;   886;     0;     0;  -124;  -124;  -4.8; drag-lps8-03; 2; 7; 125000; 294
2023-03-09 14:20:36; hka-aqm-am004;  25.31;  34.72;   513;   836;  1506;   485;     0;     0;  -122;  -122;  -2.8; drag-lps8-03; 0; 7; 125000; 295
2023-03-09 14:21:15; hka-aqm-am004;  25.33;  34.62;   516;   838;  1807;   583;     0;     0;  -122;  -122;  -3.2; drag-lps8-03; 3; 7; 125000; 296
2023-03-09 14:21:54; hka-aqm-am004;  25.35;  34.59;   518;   839;  2359;   751;     1;     0;  -123;  -123;  -4.2; drag-lps8-03; 1; 7; 125000; 297
2023-03-09 14:22:15; hka-aqm-am004;  25.38;  34.52;   515;   809;  1298;   422;     0;     1;  -109;  -109;   4.5; drag-lps8-05; 5; 7; 125000; 298
2023-03-09 14:22:37; hka-aqm-am004;  25.42;  34.52;   513;   833;  1371;   444;     0;     1;  -108;  -108;   5.8; drag-lps8-05; 4; 7; 125000; 299
2023-03-09 14:22:55; hka-aqm-am004;  25.44;  34.46;   512;   828;  1436;   464;     0;     0;  -107;  -107;   4.2; drag-lps8-05; 6; 7; 125000; 300
2023-03-09 14:23:16; hka-aqm-am004;  25.44;  34.46;   511;   832;  1549;   504;     0;     0;  -123;  -123;  -3.2; drag-lps8-03; 7; 7; 125000; 301
2023-03-09 14:23:55; hka-aqm-am004;  25.49;  34.42;   514;   833;  3248;  1119;     1;     2;  -106;  -106;   8.0; drag-lps8-05; 0; 7; 125000; 302
2023-03-09 14:24:35; hka-aqm-am004;  25.51;  34.49;   516;   834;  6812;  2304;     0;     0;  -122;  -122;  -3.2; drag-lps8-03; 3; 7; 125000; 303
2023-03-09 14:25:14; hka-aqm-am004;  25.54;  34.42;   518;   905;  4828;  1599;     0;     0;  -111;  -111;   3.2; drag-lps8-05; 1; 7; 125000; 304
2023-03-09 14:25:34; hka-aqm-am004;  25.54;  34.36;   514;   890;  3182;  1040;     0;     0;  -109;  -109;   3.2; drag-lps8-05; 2; 7; 125000; 305
2023-03-09 14:25:56; hka-aqm-am004;  25.59;  34.32;   510;   867;  3775;  1242;     1;     0;  -119;  -119; nan; drag-lps8-03; 7; 7; 125000; 306
2023-03-09 14:26:34; hka-aqm-am004;  25.62;  34.26;   512;   856;  3830;  1261;     1;     0;  -109;  -109;   5.0; drag-lps8-05; 5; 7; 125000; 307
2023-03-09 14:26:57; hka-aqm-am004;  25.62;  34.19;   509;   848;  2505;   813;     2;     0;  -107;  -107;   4.0; drag-lps8-05; 6; 7; 125000; 308
2023-03-09 14:27:15; hka-aqm-am004;  25.63;  34.12;   507;   863;  1870;   614;     2;     0;  -120;  -120;  -1.0; drag-lps8-03; 4; 7; 125000; 309
2023-03-09 14:27:36; hka-aqm-am004;  25.68;  34.06;   505;   923;  2077;   675;     0;     0;  -108;  -108;   3.0; drag-lps8-05; 2; 7; 125000; 310
2023-03-09 14:27:55; hka-aqm-am004;  25.70;  34.02;   504;   892;  2562;   832;     0;     0;  -108;  -108;   3.5; drag-lps8-05; 3; 7; 125000; 311
2023-03-09 14:28:15; hka-aqm-am004;  25.73;  33.99;   504;   871;  5783;  1930;     0;     0;  -121;  -121;  -1.0; drag-lps8-03; 0; 7; 125000; 312
2023-03-09 14:28:56; hka-aqm-am004;  25.82;  33.99;   508;   857;  2372;   782;     0;     0;  -122;  -122;  -4.0; drag-lps8-03; 1; 7; 125000; 313
2023-03-09 14:29:17; hka-aqm-am004;  25.83;  33.96;   506;   851;  2042;   671;     1;     0;  -123;  -123;  -2.8; drag-lps8-03; 7; 7; 125000; 314
2023-03-09 14:29:36; hka-aqm-am004;  25.85;  33.92;   504;   778;  2673;   870;     1;     0;  -122;  -122;  -2.8; drag-lps8-03; 6; 7; 125000; 315
2023-03-09 14:29:56; hka-aqm-am004;  25.86;  33.86;   504;   844;  4723;  1567;     0;     0;  -121;  -121;  -3.2; drag-lps8-03; 3; 7; 125000; 316
2023-03-09 14:30:36; hka-aqm-am004;  25.90;  33.86;   508;   838;  3061;  1002;     1;     0;  -111;  -111;   5.5; drag-lps8-05; 0; 7; 125000; 317
2023-03-09 14:30:57; hka-aqm-am004;  25.91;  33.79;   505;   835;  3858;  1267;     0;     0;  -108;  -108;   6.5; drag-lps8-05; 4; 7; 125000; 318
2023-03-09 14:31:15; hka-aqm-am004;  25.92;  33.72;   504;   838;  5253;  1753;     0;     0;  -108;  -108;   4.5; drag-lps8-05; 1; 7; 125000; 319
2023-03-09 14:31:35; hka-aqm-am004;  25.96;  33.72;   504;   841;  4804;  1602;     0;     0;  -108;  -108;   3.5; drag-lps8-05; 5; 7; 125000; 320
2023-03-09 14:31:57; hka-aqm-am004;  25.96;  33.69;   504;   833;  3612;  1191;     0;     0;  -109;  -109;   3.8; drag-lps8-05; 2; 7; 125000; 321
2023-03-09 14:32:56; hka-aqm-am004;  26.08;  33.59;   506;   822;  4864;  1617;     0;     0;  -107;  -107;   4.5; drag-lps8-05; 1; 7; 125000; 322
2023-03-09 14:33:15; hka-aqm-am004;  26.09;  33.52;   504;   831;  7458;  2524;     0;     0;  -108;  -108;   7.0; drag-lps8-05; 4; 7; 125000; 323
2023-03-09 14:33:35; hka-aqm-am004;  26.15;  33.52;   503;   838;  7270;  2464;     0;     0;  -109;  -109;   6.5; drag-lps8-05; 7; 7; 125000; 324
2023-03-09 14:33:56; hka-aqm-am004;  26.13;  33.45;   502;   839;  6584;  2225;     0;     0;  -107;  -107;   5.5; drag-lps8-05; 6; 7; 125000; 325
2023-03-09 14:34:36; hka-aqm-am004;  26.23;  33.39;   504;   849;  8367;  2857;     1;     0;  -107;  -107;   5.0; drag-lps8-05; 5; 7; 125000; 326
2023-03-09 14:34:55; hka-aqm-am004;  26.21;  33.32;   502;   844;  8495;  2907;     1;     0;  -108;  -108;   4.8; drag-lps8-05; 3; 7; 125000; 327
2023-03-09 14:35:16; hka-aqm-am004;  26.25;  33.29;   500;   840;  8664;  2976;     0;     0;  -108;  -108;   5.2; drag-lps8-05; 0; 7; 125000; 328
2023-03-09 14:35:35; hka-aqm-am004;  26.27;  33.22;   499;   844;  4445;  1486;     0;     0;  -123;  -123;  -4.2; drag-lps8-03; 2; 7; 125000; 329
2023-03-09 14:36:16; hka-aqm-am004;  26.35;  33.09;   502;   845;  4608;  1525;     0;     0;  -118;  -118;  -1.0; drag-lps8-03; 4; 7; 125000; 330
2023-03-09 14:36:54; hka-aqm-am004;  26.40;  33.05;   503;   797;  2625;   863;     1;     0;  -120;  -120;  -1.5; drag-lps8-03; 5; 7; 125000; 331
2023-03-09 14:37:34; hka-aqm-am004;  26.48;  32.99;   503;   811;  3480;  1145;     0;     0;  -122;  -122;  -1.8; drag-lps8-03; 7; 7; 125000; 332
2023-03-09 14:38:34; hka-aqm-am004;  26.54;  32.78;   500;   829;  3693;  1219;     0;     0;  -108;  -108;   3.8; drag-lps8-05; 6; 7; 125000; 333
2023-03-09 14:39:14; hka-aqm-am004;  26.58;  32.72;   501;   836;  7679;  2609;     0;     0;  -109;  -109;   4.2; drag-lps8-05; 1; 7; 125000; 334
2023-03-09 14:39:34; hka-aqm-am004;  26.62;  32.72;   498;   854;  9147;  3146;     0;     0;  -107;  -107;   5.2; drag-lps8-05; 3; 7; 125000; 335
2023-03-09 14:39:54; hka-aqm-am004;  26.62;  32.65;   495;   856;  6561;  2219;     0;     0;  -109;  -109;   4.0; drag-lps8-05; 2; 7; 125000; 336
2023-03-09 14:40:16; hka-aqm-am004;  26.73;  32.65;   494;   854;  6941;  2345;     0;     0;  -109;  -109;   5.2; drag-lps8-05; 0; 7; 125000; 337
2023-03-09 14:40:36; hka-aqm-am004;  26.74;  32.58;   493;   850;  7513;  2558;     0;     0;  -107;  -107;   5.2; drag-lps8-05; 4; 7; 125000; 338
2023-03-09 14:40:56; hka-aqm-am004;  26.79;  32.52;   492;   852;  7686;  2621;     0;     0;  -123;  -123;  -4.2; drag-lps8-03; 3; 7; 125000; 339
2023-03-09 14:41:15; hka-aqm-am004;  26.77;  32.48;   492;   855;  6490;  2195;     0;     0;  -111;  -111;   5.8; drag-lps8-05; 7; 7; 125000; 340
2023-03-09 14:41:36; hka-aqm-am004;  26.83;  32.45;   491;   805;  4698;  1564;     0;     0;  -109;  -109;   5.2; drag-lps8-05; 6; 7; 125000; 341
2023-03-09 14:42:14; hka-aqm-am004;  26.84;  32.38;   495;   885;  5438;  1821;     0;     0;  -122;  -122;  -2.5; drag-lps8-03; 5; 7; 125000; 342
2023-03-09 14:42:35; hka-aqm-am004;  26.92;  32.31;   494;   873;  7200;  2442;     0;     0;  -111;  -111;   3.8; drag-lps8-05; 2; 7; 125000; 343
2023-03-09 14:42:55; hka-aqm-am004;  26.93;  32.25;   493;   870;  7000;  2378;     0;     0;  -121;  -121;  -3.2; drag-lps8-03; 1; 7; 125000; 344
2023-03-09 14:43:16; hka-aqm-am004;  26.99;  32.18;   492;   873;  8380;  2866;     1;     0;  -122;  -122;  -3.2; drag-lps8-03; 0; 7; 125000; 345
2023-03-09 14:45:57; hka-aqm-am004;  27.27;  31.84;   497;   867;  8506;  2914;     1;     1;  -120;  -120;  -2.2; drag-lps8-03; 6; 7; 125000; 346
2023-03-09 14:46:15; hka-aqm-am004;  27.31;  31.81;   493;   874;  8561;  2935;     0;     0;  -121;  -121;  -2.2; drag-lps8-03; 1; 7; 125000; 347
2023-03-09 14:47:14; hka-aqm-am004;  27.41;  31.71;   492;   905;  8517;  2911;     0;     0;  -120;  -120;  -0.5; drag-lps8-03; 0; 7; 125000; 348
2023-03-09 14:47:35; hka-aqm-am004;  27.52;  31.64;   490;   896;  8600;  2949;     0;     0;  -122;  -122;  -2.5; drag-lps8-03; 2; 7; 125000; 349
2023-03-09 14:47:56; hka-aqm-am004;  27.50;  31.58;   487;   887;  8680;  2976;     0;     0;  -106;  -106;   4.0; drag-lps8-05; 3; 7; 125000; 350
2023-03-09 14:49:14; hka-aqm-am004;  27.66;  31.37;   489;   875;  8642;  2964;     1;     0;  -118;  -118;  -1.0; drag-lps8-03; 5; 7; 125000; 351
2023-03-09 14:49:36; hka-aqm-am004;  27.68;  31.34;   488;   876;  8585;  2945;     0;     0;  -107;  -107;   7.5; drag-lps8-05; 4; 7; 125000; 352
2023-03-09 14:49:56; hka-aqm-am004;  27.74;  31.24;   488;   878;  8667;  2977;     1;     0;  -108;  -108;   4.8; drag-lps8-05; 7; 7; 125000; 353
2023-03-09 14:50:35; hka-aqm-am004;  27.87;  31.14;   487;   897;  6335;  2150;     1;     0;  -119;  -119;  -1.8; drag-lps8-03; 4; 7; 125000; 354
2023-03-09 14:50:55; hka-aqm-am004;  27.88;  31.04;   486;   873;  8805;  3025;     0;     0;  -108;  -108;   2.5; drag-lps8-05; 5; 7; 125000; 355
2023-03-09 14:51:15; hka-aqm-am004;  27.92;  31.00;   486;   876;  8676;  2975;     0;     0;  -109;  -109;   5.0; drag-lps8-05; 0; 7; 125000; 356
2023-03-09 14:51:55; hka-aqm-am004;  28.00;  30.97;   486;   886;  9010;  3102;     1;     0;  -107;  -107;   5.0; drag-lps8-05; 2; 7; 125000; 357
2023-03-09 14:52:34; hka-aqm-am004;  28.02;  30.87;   489;   884;  8899;  3059;     1;     0;  -108;  -108;   4.0; drag-lps8-05; 1; 7; 125000; 358
2023-03-09 14:52:55; hka-aqm-am004;  28.12;  30.77;   487;   891;  8833;  3037;     0;     0;  -108;  -108;   3.2; drag-lps8-05; 6; 7; 125000; 359
2023-03-09 14:55:54; hka-aqm-am004;  28.44;  30.26;   490;   882;  8971;  3090;     1;     0;  -109;  -109;   3.0; drag-lps8-05; 3; 7; 125000; 360
2023-03-09 14:57:16; hka-aqm-am004;  28.60;  30.06;   485;   903;  9021;  3112;     0;     0;  -112;  -112;   5.5; drag-lps8-05; 7; 7; 125000; 361
2023-03-09 14:59:15; hka-aqm-am004;  28.84;  29.79;   483;   907;  9180;  3172;     1;     0;  -119;  -119; nan; drag-lps8-03; 4; 7; 125000; 362
2023-03-09 14:59:54; hka-aqm-am004;  28.85;  29.72;   485;   903;  8676;  2992;     0;     1;  -107;  -107;   6.2; drag-lps8-05; 6; 7; 125000; 363
2023-03-09 15:00:34; hka-aqm-am004;  28.92;  29.69;   480;   904;  8465;  2915;     0;     1;  -110;  -110;   4.2; drag-lps8-05; 7; 7; 125000; 364
2023-03-09 15:01:16; hka-aqm-am004;  29.05;  29.38;   478;   893;  8668;  2991;     0;     0;  -118;  -118;  -0.2; drag-lps8-03; 5; 7; 125000; 365
2023-03-09 15:01:37; hka-aqm-am004;  29.07;  29.35;   477;   890;  8833;  3051;     0;     0;  -122;  -122;  -2.5; drag-lps8-03; 3; 7; 125000; 366
2023-03-09 15:01:56; hka-aqm-am004;  29.11;  29.35;   477;   894;  8641;  2983;     0;     0;  -108;  -108;   5.2; drag-lps8-05; 0; 7; 125000; 367
2023-03-09 15:03:16; hka-aqm-am004;  29.22;  29.08;   482;   893;  8838;  3051;     1;     0;  -108;  -108;   2.8; drag-lps8-05; 1; 7; 125000; 368
2023-03-09 15:03:36; hka-aqm-am004;  29.26;  29.08;   480;   889;  8950;  3093;     0;     0;  -109;  -109;   3.8; drag-lps8-05; 2; 7; 125000; 369
2023-03-09 15:03:55; hka-aqm-am004;  29.31;  29.01;   478;   893;  9040;  3126;     0;     0;  -120;  -120;  -0.5; drag-lps8-03; 1; 7; 125000; 370
2023-03-09 15:04:54; hka-aqm-am004;  29.38;  28.94;   483;   892;  9460;  3277;     0;     0;  -107;  -107;   4.5; drag-lps8-05; 5; 7; 125000; 371
2023-03-09 15:05:35; hka-aqm-am004;  29.48;  28.87;   476;   869;  9142;  3165;     0;     0;  -121;  -121;  -1.8; drag-lps8-03; 6; 7; 125000; 372
2023-03-09 15:05:55; hka-aqm-am004;  29.51;  28.81;   474;   930;  8956;  3100;     0;     0;  -111;  -111;   6.5; drag-lps8-05; 0; 7; 125000; 373
2023-03-09 15:06:37; hka-aqm-am004;  29.54;  28.74;   472;   914;  5897;  1989;     0;     0;  -113;  -113;   2.0; drag-lps8-05; 2; 7; 125000; 374
2023-03-09 15:06:56; hka-aqm-am004;  29.56;  28.67;   471;   909;  7802;  2678;     0;     0;  -109;  -109;   4.5; drag-lps8-05; 7; 7; 125000; 375
2023-03-09 15:07:15; hka-aqm-am004;  29.62;  28.60;   471;   908;  7321;  2516;     0;     0;  -105;  -105;   5.0; drag-lps8-05; 3; 7; 125000; 376
2023-03-09 15:07:36; hka-aqm-am004;  29.64;  28.53;   470;   906;  8948;  3106;     0;     0;  -105;  -105;   6.2; drag-lps8-05; 4; 7; 125000; 377
2023-03-09 15:07:55; hka-aqm-am004;  29.66;  28.47;   469;   907;  8886;  3082;     0;     0;  -113;  -113;   5.8; drag-lps8-05; 7; 7; 125000; 378
2023-03-09 15:08:36; hka-aqm-am004;  29.72;  28.36;   468;   906;  9042;  3137;     0;     0;  -118;  -118;  -2.0; drag-lps8-03; 2; 7; 125000; 379
2023-03-09 15:08:55; hka-aqm-am004;  29.70;  28.26;   468;   908;  9180;  3188;     0;     0;  -119;  -119;  -0.8; drag-lps8-03; 4; 7; 125000; 380
2023-03-09 15:09:15; hka-aqm-am004;  29.76;  28.26;   468;   930;  9092;  3156;     0;     0;  -122;  -122;  -2.8; drag-lps8-03; 3; 7; 125000; 381
2023-03-09 15:09:54; hka-aqm-am004;  29.87;  28.26;   472;   885;  9004;  3124;     0;     0;  -109;  -109;   4.5; drag-lps8-05; 1; 7; 125000; 382
2023-03-09 15:10:15; hka-aqm-am004;  29.88;  28.19;   470;   885;  9306;  3234;     0;     0;  -122;  -122;  -3.2; drag-lps8-03; 6; 7; 125000; 383
2023-03-09 15:10:35; hka-aqm-am004;  29.95;  28.19;   469;   897;  9488;  3302;     0;     0;  -108;  -108;   5.0; drag-lps8-05; 5; 7; 125000; 384
2023-03-09 15:10:57; hka-aqm-am004;  29.93;  28.13;   468;   896;  9561;  3327;     0;     0;  -123;  -123;  -2.8; drag-lps8-03; 0; 7; 125000; 385
2023-03-09 15:11:35; hka-aqm-am004;  30.04;  28.13;   469;   900;  9432;  3280;     0;     0;  -108;  -108;   4.5; drag-lps8-05; 1; 7; 125000; 386
2023-03-09 15:11:56; hka-aqm-am004;  30.03;  28.06;   468;   896;  9552;  3324;     0;     0;  -122;  -122;  -3.5; drag-lps8-03; 2; 7; 125000; 387
2023-03-09 15:12:16; hka-aqm-am004;  30.03;  27.99;   468;   900;  9462;  3289;     0;     0;  -122;  -122;  -2.8; drag-lps8-03; 6; 7; 125000; 388
2023-03-09 15:12:56; hka-aqm-am004;  30.11;  27.96;   465;   906;  9542;  3321;     0;     0;  -107;  -107;   5.5; drag-lps8-05; 3; 7; 125000; 389
2023-03-09 15:14:57; hka-aqm-am004;  30.30;  27.68;   467;   926;  9574;  3336;     1;     0;  -108;  -108;   5.5; drag-lps8-05; 0; 7; 125000; 390
2023-03-09 15:16:14; hka-aqm-am004;  30.36;  27.58;   472;   908;  9747;  3399;     1;     0;  -111;  -111;   6.0; drag-lps8-05; 7; 7; 125000; 391
2023-03-09 15:16:35; hka-aqm-am004;  30.45;  27.45;   469;   913;  9803;  3424;     0;     0;  -120;  -120;  -2.8; drag-lps8-03; 4; 7; 125000; 392
2023-03-09 15:17:34; hka-aqm-am004;  30.50;  27.41;   476;   912; 10134;  3546;     1;     0;  -122;  -122;  -2.8; drag-lps8-03; 5; 7; 125000; 393
2023-03-09 15:17:54; hka-aqm-am004;  30.52;  27.38;   473;   916; 10187;  3564;     0;     0;  -123;  -123;  -3.2; drag-lps8-03; 7; 7; 125000; 394
2023-03-09 15:18:15; hka-aqm-am004;  30.55;  27.31;   469;   921;  1842;   610;     0;     0;  -108;  -108;   5.5; drag-lps8-05; 5; 7; 125000; 395
2023-03-09 15:18:35; hka-aqm-am004;  30.56;  27.24;   466;   898;  2911;   961;     0;     0;  -109;  -109;   6.8; drag-lps8-05; 0; 7; 125000; 396
2023-03-09 15:19:17; hka-aqm-am004;  30.61;  27.17;   463;   907;  4159;  1388;     0;     0;  -107;  -107;   5.8; drag-lps8-05; 1; 7; 125000; 397
2023-03-09 15:19:35; hka-aqm-am004;  30.61;  27.11;   462;   909;  3300;  1094;     0;     0;  -120;  -120;  -2.5; drag-lps8-03; 6; 7; 125000; 398
2023-03-09 15:19:56; hka-aqm-am004;  30.61;  27.11;   463;   912;  2606;   862;     1;     0;  -122;  -122;  -4.5; drag-lps8-03; 2; 7; 125000; 399
2023-03-09 15:20:15; hka-aqm-am004;  30.60;  27.11;   462;   924;  3486;  1161;     1;     0;  -123;  -123;  -4.0; drag-lps8-03; 3; 7; 125000; 400
2023-03-09 15:20:35; hka-aqm-am004;  30.63;  27.11;   462;   920;  9744;  3409;     0;     0;  -122;  -122;  -3.0; drag-lps8-03; 4; 7; 125000; 401
2023-03-09 15:20:57; hka-aqm-am004;  30.62;  27.11;   462;   919;  9570;  3345;     0;     0;  -107;  -107;   7.5; drag-lps8-05; 4; 7; 125000; 403
2023-03-09 15:21:15; hka-aqm-am004;  30.61;  27.11;   462;   917;  9513;  3327;     0;     0;  -107;  -107;   5.2; drag-lps8-05; 3; 7; 125000; 404
2023-03-09 15:21:35; hka-aqm-am004;  30.66;  27.11;   462;   917;  9432;  3300;     0;     0;  -111;  -111;   5.8; drag-lps8-05; 0; 7; 125000; 405
2023-03-09 15:21:55; hka-aqm-am004;  30.70;  27.04;   463;   913;  8402;  2932;     0;     0;  -122;  -122;  -3.0; drag-lps8-03; 2; 7; 125000; 406
2023-03-09 15:22:17; hka-aqm-am004;  30.73;  27.04;   463;   865;  8094;  2825;     0;     0;  -109;  -109;   5.5; drag-lps8-05; 5; 7; 125000; 407
2023-03-09 15:22:56; hka-aqm-am004;  30.76;  26.97;   467;   864;  6376;  2213;     1;     0;  -123;  -123;  -2.8; drag-lps8-03; 7; 7; 125000; 408
2023-03-09 15:23:16; hka-aqm-am004;  30.78;  26.97;   465;   868;  7164;  2502;     0;     0;  -111;  -111;   3.8; drag-lps8-05; 6; 7; 125000; 409
2023-03-09 15:23:35; hka-aqm-am004;  30.78;  26.97;   464;   879;  8069;  2825;     0;     0;  -107;  -107;   4.5; drag-lps8-05; 3; 7; 125000; 410
2023-03-09 15:23:57; hka-aqm-am004;  30.80;  26.90;   463;   883;  1687;   553;     1;     0;  -106;  -106;   6.0; drag-lps8-05; 4; 7; 125000; 411
2023-03-09 15:24:34; hka-aqm-am004;  30.76;  26.83;   466;   886;  1334;   438;     1;     0;  -122;  -122;  -3.2; drag-lps8-03; 2; 7; 125000; 412
2023-03-09 15:25:36; hka-aqm-am004;  30.74;  26.83;   469;   893;  4664;  1609;     0;     1;  -109;  -109;   4.5; drag-lps8-05; 7; 7; 125000; 413
2023-03-09 15:25:56; hka-aqm-am004;  30.77;  26.83;   466;   893;  1646;   544;     0;     1;  -119;  -119;  -2.2; drag-lps8-03; 6; 7; 125000; 414
2023-03-09 15:26:16; hka-aqm-am004;  30.79;  26.83;   464;   862;  1393;   457;     0;     1;  -120;  -120;  -3.2; drag-lps8-03; 1; 7; 125000; 415
2023-03-09 15:26:35; hka-aqm-am004;  30.78;  26.83;   464;   847;  1220;   401;     0;     1;  -106;  -106;   5.0; drag-lps8-05; 5; 7; 125000; 416
2023-03-09 15:26:55; hka-aqm-am004;  30.78;  26.83;   463;   891;  1096;   356;     0;     1;  -121;  -121;  -2.0; drag-lps8-03; 0; 7; 125000; 417
2023-03-09 15:27:54; hka-aqm-am004;  30.76;  26.76;   471;   894;  1029;   333;     0;     1;  -106;  -106;   4.0; drag-lps8-05; 3; 7; 125000; 418
2023-03-09 15:28:14; hka-aqm-am004;  30.73;  26.76;   468;   896;   886;   287;     0;     0;  -107;  -107;   6.5; drag-lps8-05; 0; 7; 125000; 419
2023-03-09 15:28:35; hka-aqm-am004;  30.70;  26.80;   465;   898;   688;   220;     0;     0;  -111;  -111;   5.8; drag-lps8-05; 7; 7; 125000; 420
2023-03-09 15:28:55; hka-aqm-am004;  30.69;  26.83;   464;   898;   593;   188;     0;     0;  -120;  -120;  -3.2; drag-lps8-03; 2; 7; 125000; 421
2023-03-09 15:29:15; hka-aqm-am004;  30.69;  26.83;   463;   899;   507;   159;     0;     0;  -109;  -109;   7.0; drag-lps8-05; 4; 7; 125000; 422
2023-03-09 15:29:35; hka-aqm-am004;  30.67;  26.83;   461;   899;   440;   138;     0;     0;  -121;  -121;  -2.0; drag-lps8-03; 1; 7; 125000; 423
2023-03-09 15:31:15; hka-aqm-am004;  30.54;  26.97;   460;   918;   550;   178;     1;     0;  -121;  -121;  -2.2; drag-lps8-03; 6; 7; 125000; 424
2023-03-09 15:31:36; hka-aqm-am004;  30.51;  26.97;   459;   906;   864;   280;     0;     0;  -120;  -120;  -1.0; drag-lps8-03; 5; 7; 125000; 425
2023-03-09 15:31:56; hka-aqm-am004;  30.48;  27.04;   458;   899;   717;   237;     1;     0;  -108;  -108;   4.8; drag-lps8-05; 4; 7; 125000; 426
2023-03-09 15:32:15; hka-aqm-am004;  30.47;  27.04;   458;   900;   648;   212;     1;     0;  -113;  -113;   2.2; drag-lps8-05; 2; 7; 125000; 427
2023-03-09 15:33:37; hka-aqm-am004;  30.34;  27.11;   459;   904;   498;   160;     0;     0;  -109;  -109;   3.8; drag-lps8-05; 5; 7; 125000; 428
2023-03-09 15:34:17; hka-aqm-am004;  30.29;  27.17;   459;   892;   368;   117;     0;     0;  -113;  -113;   4.5; drag-lps8-05; 7; 7; 125000; 429
2023-03-09 15:34:35; hka-aqm-am004;  30.28;  27.21;   459;   886;   309;    98;     0;     0;  -122;  -122;  -1.8; drag-lps8-03; 0; 7; 125000; 430
2023-03-09 15:49:42; hka-aqm-am004;  28.72;  27.68;   437;   780;   285;    92;     1;     1;  -106;  -106;   6.5; drag-lps8-05; 1; 7; 125000; 431
2023-03-09 16:04:48; hka-aqm-am004;  27.30;  28.87;   478;   711;   109;    34;     1;     1;  -119;  -119;  -1.2; drag-lps8-03; 6; 7; 125000; 432
2023-03-09 16:13:15; hka-aqm-am004;  26.52;  29.85;   489;   752;   397;   130;     2;     1;  -107;  -107;   6.2; drag-lps8-05; 3; 7; 125000; 433
2023-03-09 16:13:35; hka-aqm-am004;  26.51;  29.89;   492;   751;   481;   158;     0;     0;  -106;  -106;   5.2; drag-lps8-05; 1; 7; 125000; 434
2023-03-09 16:13:57; hka-aqm-am004;  26.50;  29.96;   495;   743;   624;   209;     0;     0;  -122;  -122;  -2.5; drag-lps8-03; 3; 7; 125000; 435
2023-03-09 16:14:15; hka-aqm-am004;  26.47;  30.02;   498;   742;  1565;   539;     0;     0;  -107;  -107;   7.8; drag-lps8-05; 0; 7; 125000; 436
2023-03-09 16:14:36; hka-aqm-am004;  26.45;  30.16;   500;   741;  1960;   679;     0;     0;  -118;  -118;  -0.8; drag-lps8-03; 5; 7; 125000; 437
2023-03-09 16:14:56; hka-aqm-am004;  26.42;  30.09;   501;   754;  2167;   752;     1;     0;  -106;  -106;   6.0; drag-lps8-05; 2; 7; 125000; 438
2023-03-09 16:15:54; hka-aqm-am004;  26.40;  30.09;   510;   751;  1258;   427;     1;     3;  -105;  -105;   6.8; drag-lps8-05; 6; 7; 125000; 439
2023-03-09 16:16:14; hka-aqm-am004;  26.35;  30.02;   507;   746;  1040;   350;     0;     0;  -103;  -103;   8.2; drag-lps8-05; 4; 7; 125000; 440
2023-03-09 16:16:36; hka-aqm-am004;  26.32;  30.09;   505;   741;   731;   243;     0;     0;  -107;  -107;   7.8; drag-lps8-05; 7; 7; 125000; 441
2023-03-09 16:17:14; hka-aqm-am004;  26.31;  30.16;   508;   737;   656;   216;     0;     0;  -119;  -119;  -1.8; drag-lps8-03; 1; 7; 125000; 442
2023-03-09 16:17:54; hka-aqm-am004;  26.26;  30.29;   506;   735;   910;   299;     0;     0;  -105;  -105;   5.2; drag-lps8-05; 5; 7; 125000; 443
2023-03-09 16:18:14; hka-aqm-am004;  26.26;  30.33;   507;   753;   626;   200;     0;     0;  -108;  -108;   7.0; drag-lps8-05; 0; 7; 125000; 444
2023-03-09 16:18:34; hka-aqm-am004;  26.24;  30.29;   508;   737;   491;   157;     0;     0;  -119;  -119;   0.5; drag-lps8-03; 7; 7; 125000; 445
2023-03-09 16:18:54; hka-aqm-am004;  26.22;  30.36;   507;   728;   439;   140;     0;     0;  -107;  -107;   5.5; drag-lps8-05; 2; 7; 125000; 446
2023-03-09 16:20:35; hka-aqm-am004;  26.10;  30.40;   502;   724;   645;   213;     0;     0;  -103;  -103;   7.8; drag-lps8-05; 6; 7; 125000; 447
2023-03-09 16:23:15; hka-aqm-am004;  25.95;  30.70;   500;   715;  1422;   474;     1;     0;  -124;  -124;  -5.8; drag-lps8-03; 3; 7; 125000; 448
2023-03-09 16:23:37; hka-aqm-am004;  25.95;  30.83;   500;   718;  2124;   718;     1;     0;  -118;  -118;   0.5; drag-lps8-03; 4; 7; 125000; 449
2023-03-09 16:24:17; hka-aqm-am004;  25.89;  30.83;   501;   728;  1656;   565;     1;     0;  -103;  -103;   6.0; drag-lps8-05; 2; 7; 125000; 450
2023-03-09 16:24:35; hka-aqm-am004;  25.89;  30.80;   502;   731;  1543;   524;     0;     0;  -107;  -107;   6.8; drag-lps8-05; 0; 7; 125000; 451
2023-03-09 16:25:14; hka-aqm-am004;  25.88;  30.83;   507;   729;  1054;   358;     0;     0;  -122;  -122;  -1.5; drag-lps8-03; 7; 7; 125000; 452
2023-03-09 16:25:35; hka-aqm-am004;  25.84;  30.97;   507;   778;  1706;   588;     0;     0;  -117;  -117;  -0.2; drag-lps8-03; 5; 7; 125000; 453
2023-03-09 16:25:55; hka-aqm-am004;  25.84;  30.94;   508;   760;  1640;   565;     0;     0;  -119;  -119;  -0.8; drag-lps8-03; 3; 7; 125000; 454
2023-03-09 16:26:54; hka-aqm-am004;  25.79;  30.94;   512;   744;  1662;   568;     0;     0;  -114;  -114;  -0.2; drag-lps8-03; 6; 7; 125000; 455
2023-03-09 16:27:16; hka-aqm-am004;  25.79;  31.04;   511;   743;  1589;   539;     0;     0;  -102;  -102;   9.0; drag-lps8-05; 4; 7; 125000; 456
2023-03-09 16:30:54; hka-aqm-am004;  25.64;  31.17;   519;   757;   944;   318;     1;     1;  -119;  -119;  -1.2; drag-lps8-03; 1; 7; 125000; 457
2023-03-09 16:31:15; hka-aqm-am004;  25.63;  31.20;   517;   763;   813;   271;     0;     0;  -104;  -104;   7.2; drag-lps8-05; 0; 7; 125000; 458
2023-03-09 16:32:14; hka-aqm-am004;  25.61;  31.24;   522;   753;   716;   235;     0;     1;  -105;  -105;   6.8; drag-lps8-05; 3; 7; 125000; 459
2023-03-09 16:33:35; hka-aqm-am004;  25.57;  31.20;   512;   742;   543;   174;     0;     1;  -107;  -107;   5.5; drag-lps8-05; 2; 7; 125000; 460
2023-03-09 16:35:56; hka-aqm-am004;  25.50;  31.31;   509;   737;   653;   217;     0;     1;  -105;  -105;   8.2; drag-lps8-05; 7; 7; 125000; 461
2023-03-09 16:36:16; hka-aqm-am004;  25.49;  31.37;   509;   736;   722;   242;     0;     0;  -103;  -103;   7.5; drag-lps8-05; 6; 7; 125000; 462
2023-03-09 16:41:16; hka-aqm-am004;  25.32;  31.24;   503;   668;   712;   239;     1;     1;  -101;  -101;   8.0; drag-lps8-05; 4; 7; 125000; 463
2023-03-09 16:56:22; hka-aqm-am004;  24.92;  32.18;   506;   733;   404;   134;     1;     0;  -108;  -108;   4.8; drag-lps8-05; 1; 7; 125000; 464
2023-03-09 17:04:17; hka-aqm-am004;  24.80;  32.52;   509;   742;   353;   120;     1;     0;  -120;  -120;  -0.5; drag-lps8-03; 5; 7; 125000; 465
2023-03-09 17:05:17; hka-aqm-am004;  24.78;  32.52;   507;   747;   454;   157;     1;     0;  -108;  -108;   6.0; drag-lps8-05; 1; 7; 125000; 466
2023-03-09 17:20:23; hka-aqm-am004;  24.64;  32.85;   493;   824;   179;    59;     1;     2;  -121;  -121;  -1.8; drag-lps8-03; 0; 7; 125000; 467
2023-03-09 17:35:30; hka-aqm-am004;  24.51;  32.48;   487;   755;   314;   111;     1;     2;  -125;  -125;  -7.2; drag-lps8-03; 2; 7; 125000; 468
2023-03-09 17:50:37; hka-aqm-am004;  24.24;  33.09;   514;   672;   144;    51;     1;     2;  -123;  -123;  -4.8; drag-lps8-03; 6; 7; 125000; 469
2023-03-09 17:56:55; hka-aqm-am004;  24.14;  33.52;   524;   716;    40;    13;     1;     2;  -102;  -102;   8.5; drag-lps8-05; 7; 7; 125000; 470
2023-03-09 18:12:01; hka-aqm-am004;  23.99;  34.59;   615;   981;    21;     6;     1;     1;  -125;  -125;  -6.0; drag-lps8-03; 5; 7; 125000; 471
2023-03-09 18:27:07; hka-aqm-am004;  23.94;  35.49;   705;  1056;     9;     1;     1;     1;  -128;  -128;  -7.8; drag-lps8-03; 4; 7; 125000; 472
2023-03-09 18:42:14; hka-aqm-am004;  23.82;  33.96;   598;   820;    36;     5;     1;     2;  -117;  -117;   1.5; drag-lps8-03; 3; 7; 125000; 473
2023-03-09 18:57:20; hka-aqm-am004;  23.59;  34.12;   569;   819;    39;     5;     2;     2;  -120;  -120;  -1.5; drag-lps8-03; 0; 7; 125000; 474
2023-03-09 19:12:26; hka-aqm-am004;  23.42;  33.99;   534;   826;     8;     3;     2;     2;  -119;  -119;  -1.2; drag-lps8-03; 2; 7; 125000; 475
2023-03-09 19:27:33; hka-aqm-am004;  23.27;  34.42;   531;   847;     6;     1;     2;     2;  -102;  -102;   7.5; drag-lps8-05; 6; 7; 125000; 476
2023-03-09 19:42:39; hka-aqm-am004;  23.18;  34.52;   523;   841;     6;     2;     2;     2;  -119;  -119;  -2.2; drag-lps8-03; 5; 7; 125000; 477
2023-03-09 19:57:45; hka-aqm-am004;  23.10;  34.59;   524;   865;     6;     0;     2;     2;  -121;  -121;  -2.8; drag-lps8-03; 1; 7; 125000; 478
2023-03-09 20:12:52; hka-aqm-am004;  23.03;  34.72;   512;   862;     6;     2;     2;     2;  -105;  -105;   7.2; drag-lps8-05; 3; 7; 125000; 479
2023-03-09 20:27:58; hka-aqm-am004;  22.93;  34.79;   503;   914;     6;     0;     2;     2;  -101;  -101;   8.0; drag-lps8-05; 4; 7; 125000; 480
2023-03-09 20:43:04; hka-aqm-am004;  22.87;  34.86;   491;   899;     6;     1;     2;     2;  -103;  -103;   7.5; drag-lps8-05; 7; 7; 125000; 481
2023-03-09 20:58:10; hka-aqm-am004;  22.82;  34.86;   488;   860;     6;     2;     2;     2;  -101;  -101;   8.0; drag-lps8-05; 1; 7; 125000; 482
2023-03-09 21:13:18; hka-aqm-am004;  22.74;  34.86;   486;   906;     6;     0;     2;     2;  -116;  -116;   0.2; drag-lps8-03; 4; 7; 125000; 483
2023-03-09 21:28:24; hka-aqm-am004;  22.70;  34.86;   471;   865;     6;     0;     2;     2;  -122;  -122;  -2.8; drag-lps8-03; 2; 7; 125000; 484
2023-03-09 21:43:31; hka-aqm-am004;  22.66;  34.79;   471;   861;     6;     0;     2;     2;  -123;  -123;  -4.0; drag-lps8-03; 3; 7; 125000; 485
2023-03-09 21:58:37; hka-aqm-am004;  22.64;  34.72;   460;   856;     6;     0;     2;     2;  -101;  -101;   8.2; drag-lps8-05; 7; 7; 125000; 486
2023-03-09 22:13:43; hka-aqm-am004;  22.58;  34.62;   457;   783;     6;     0;     2;     2;  -122;  -122;  -3.5; drag-lps8-03; 6; 7; 125000; 487
2023-03-09 22:28:50; hka-aqm-am004;  22.55;  34.56;   453;   787;     6;     0;     2;     2;  -123;  -123;  -2.8; drag-lps8-03; 0; 7; 125000; 488
2023-03-09 22:43:56; hka-aqm-am004;  22.52;  34.52;   448;   778;     6;     0;     2;     2;  -120;  -120;  -2.2; drag-lps8-03; 5; 7; 125000; 489
2023-03-09 22:59:02; hka-aqm-am004;  22.48;  34.39;   441;   774;     8;     3;     2;     2;  -120;  -120;  -1.8; drag-lps8-03; 6; 7; 125000; 490
2023-03-09 23:14:09; hka-aqm-am004;  22.47;  34.39;   436;   747;     6;     0;     2;     2;  -102;  -102;   8.8; drag-lps8-05; 7; 7; 125000; 491
2023-03-09 23:29:15; hka-aqm-am004;  22.44;  34.46;   430;   709;     8;     3;     2;     0;  -101;  -101;   8.0; drag-lps8-05; 0; 7; 125000; 492
2023-03-09 23:44:21; hka-aqm-am004;  22.42;  34.56;   436;   685;     8;     2;     2;     2;  -122;  -122;  -2.8; drag-lps8-03; 2; 7; 125000; 493
2023-03-09 23:59:27; hka-aqm-am004;  22.38;  34.72;   425;   698;     6;     0;     2;     2;  -118;  -118;  -0.8; drag-lps8-03; 5; 7; 125000; 494
