# Logfile LoRaWAN TTN/TTS V3 logger version hka-log V 1.1
date_time;device_id;tmp;hum;CO2;VOC;vis;IR;WIFI;BLE;rssi;channel_rssi;snr;gateway;channel_index;spreading_factor;bandwidth;f_cnt
2023-07-22 00:07:58; hka-aqm-am209;  28.18;  39.20;   402;   624;     7;     2;     2;     0;   -71;   -71;   9.2; drag-lps8-05; 1; 8; 125000; 3515
2023-07-22 00:23:05; hka-aqm-am209;  28.16;  39.23;   399;   625;     5;     1;     7;     0;   -71;   -71;  11.5; drag-lps8-05; 4; 8; 125000; 3516
2023-07-22 00:38:11; hka-aqm-am209;  28.13;  39.30;   396;   596;     5;     0;     4;     0;   -73;   -73;  10.2; drag-lps8-05; 7; 8; 125000; 3517
2023-07-22 00:53:18; hka-aqm-am209;  28.09;  39.30;   400;   632;     5;     0;     2;     0;   -71;   -71;   8.2; drag-lps8-05; 2; 8; 125000; 3518
2023-07-22 01:08:24; hka-aqm-am209;  28.08;  39.30;   397;   624;     5;     0;     7;     0;   -73;   -73;  11.5; drag-lps8-05; 0; 8; 125000; 3519
2023-07-22 01:23:31; hka-aqm-am209;  28.04;  39.36;   406;   621;     5;     0;     2;     0;   -71;   -71;  11.2; drag-lps8-05; 1; 8; 125000; 3520
2023-07-22 01:38:37; hka-aqm-am209;  27.99;  39.39;   400;   635;     5;     0;     3;     0;   -70;   -70;   9.2; drag-lps8-05; 4; 8; 125000; 3521
2023-07-22 01:53:44; hka-aqm-am209;  28.00;  39.36;   394;   623;     5;     1;     7;     0;   -73;   -73;   9.5; drag-lps8-05; 7; 8; 125000; 3522
2023-07-22 02:08:51; hka-aqm-am209;  27.97;  39.43;   393;   630;     5;     0;     3;     0;   -69;   -69;   8.0; drag-lps8-05; 5; 8; 125000; 3523
2023-07-22 02:23:57; hka-aqm-am209;  27.97;  39.46;   395;   615;     7;     2;     4;     0;   -72;   -72;   9.0; drag-lps8-05; 0; 8; 125000; 3524
2023-07-22 02:39:05; hka-aqm-am209;  27.92;  39.49;   397;   626;     5;     1;     7;     0;   -72;   -72;   8.0; drag-lps8-05; 2; 8; 125000; 3525
2023-07-22 02:54:12; hka-aqm-am209;  27.92;  39.53;   397;   633;     5;     1;     1;     0;   -73;   -73;  11.2; drag-lps8-05; 3; 8; 125000; 3526
2023-07-22 03:09:18; hka-aqm-am209;  27.92;  39.49;   393;   625;     7;     2;     3;     0;   -72;   -72;  12.0; drag-lps8-05; 6; 8; 125000; 3527
2023-07-22 03:24:25; hka-aqm-am209;  27.91;  39.56;   393;   653;     7;     2;     7;     0;   -71;   -71;   8.0; drag-lps8-05; 5; 8; 125000; 3528
2023-07-22 03:39:31; hka-aqm-am209;  27.89;  39.56;   397;   631;     5;     0;     0;     0;   -71;   -71;   9.8; drag-lps8-05; 6; 8; 125000; 3529
2023-07-22 03:54:37; hka-aqm-am209;  27.87;  39.56;   395;   627;     5;     0;     7;     0;   -73;   -73;  11.2; drag-lps8-05; 3; 8; 125000; 3530
2023-07-22 04:09:46; hka-aqm-am209;  27.87;  39.56;   399;   631;     6;     2;     7;     0;   -71;   -71;  10.0; drag-lps8-05; 4; 8; 125000; 3531
2023-07-22 04:24:53; hka-aqm-am209;  27.84;  39.59;   396;   618;     5;     0;     7;     0;   -72;   -72;  10.8; drag-lps8-05; 0; 8; 125000; 3532
2023-07-22 04:39:59; hka-aqm-am209;  27.83;  39.59;   394;   624;     5;     0;     1;     0;   -72;   -72;  11.2; drag-lps8-05; 1; 8; 125000; 3533
2023-07-22 04:55:07; hka-aqm-am209;  27.80;  39.62;   396;   626;     7;     2;     2;     0;   -73;   -73;   9.2; drag-lps8-05; 7; 8; 125000; 3534
2023-07-22 05:10:13; hka-aqm-am209;  27.79;  39.66;   399;   618;     8;     3;     7;     0;   -71;   -71;   7.8; drag-lps8-05; 2; 8; 125000; 3535
2023-07-22 05:25:19; hka-aqm-am209;  27.77;  39.62;   388;   628;    15;     4;     2;     0;   -73;   -73;  12.0; drag-lps8-05; 7; 8; 125000; 3536
2023-07-22 05:40:27; hka-aqm-am209;  27.71;  39.72;   389;   627;    45;    13;     1;     0;   -72;   -72;  10.5; drag-lps8-05; 6; 8; 125000; 3537
2023-07-22 05:55:33; hka-aqm-am209;  27.69;  39.76;   392;   620;   111;    35;     1;     0;   -72;   -72;  10.5; drag-lps8-05; 1; 8; 125000; 3538
2023-07-22 06:10:39; hka-aqm-am209;  27.76;  39.76;   392;   629;   213;    66;     7;     0;   -70;   -70;   8.8; drag-lps8-05; 5; 8; 125000; 3539
2023-07-22 06:25:47; hka-aqm-am209;  27.75;  39.62;   387;   649;   437;   151;     7;     0;   -71;   -71;  11.0; drag-lps8-05; 4; 8; 125000; 3540
2023-07-22 06:31:27; hka-aqm-am209;  27.86;  39.62;   389;   632;   450;   146;     7;     0;   -73;   -73;  10.0; drag-lps8-05; 0; 8; 125000; 3541
2023-07-22 06:32:27; hka-aqm-am209;  27.89;  39.59;   392;   628;   383;   111;     2;     0;   -73;   -73;  10.5; drag-lps8-05; 3; 8; 125000; 3542
2023-07-22 06:36:26; hka-aqm-am209;  27.93;  39.53;   389;   628;   666;   237;     3;     0;   -71;   -71;   7.5; drag-lps8-05; 2; 8; 125000; 3543
2023-07-22 06:36:46; hka-aqm-am209;  27.92;  39.56;   388;   627;   721;   261;     3;     0;   -73;   -73;  10.8; drag-lps8-05; 3; 8; 125000; 3544
2023-07-22 06:42:26; hka-aqm-am209;  27.97;  39.43;   387;   629;   584;   185;     5;     0;   -72;   -72;  10.2; drag-lps8-05; 6; 8; 125000; 3545
2023-07-22 06:43:44; hka-aqm-am209;  27.96;  39.43;   391;   625;   462;   129;     4;     0;   -71;   -71;   7.5; drag-lps8-05; 2; 8; 125000; 3546
2023-07-22 06:44:44; hka-aqm-am209;  27.93;  39.39;   393;   627;   577;   177;     4;     0;   -71;   -71;  10.2; drag-lps8-05; 0; 8; 125000; 3547
2023-07-22 06:45:46; hka-aqm-am209;  27.97;  39.36;   394;   638;   478;   133;     4;     0;   -71;   -71;   7.8; drag-lps8-05; 5; 8; 125000; 3548
2023-07-22 06:47:26; hka-aqm-am209;  27.96;  39.36;   395;   638;   578;   171;     4;     0;   -70;   -70;  11.5; drag-lps8-05; 4; 8; 125000; 3549
2023-07-22 06:48:04; hka-aqm-am209;  27.94;  39.36;   396;   648;   673;   211;     2;     0;   -72;   -72;  10.8; drag-lps8-05; 7; 8; 125000; 3550
2023-07-22 06:48:24; hka-aqm-am209;  28.00;  39.33;   393;   641;   747;   241;     4;     0;   -69;   -69;  10.2; drag-lps8-05; 1; 8; 125000; 3551
2023-07-22 06:48:46; hka-aqm-am209;  27.99;  39.30;   391;   634;   921;   312;     4;     0;   -72;   -72;  10.8; drag-lps8-05; 6; 8; 125000; 3552
2023-07-22 06:49:45; hka-aqm-am209;  28.04;  39.30;   398;   632;  1127;   395;     3;     0;   -72;   -72;  10.8; drag-lps8-05; 4; 8; 125000; 3553
2023-07-22 06:51:05; hka-aqm-am209;  28.00;  39.20;   391;   633;   984;   333;     4;     0;   -73;   -73;  10.0; drag-lps8-05; 0; 8; 125000; 3554
2023-07-22 06:51:26; hka-aqm-am209;  28.03;  39.23;   389;   632;   818;   264;     1;     0;   -72;   -72;  11.5; drag-lps8-05; 1; 8; 125000; 3555
2023-07-22 06:51:45; hka-aqm-am209;  28.04;  39.23;   388;   634;   675;   205;     2;     0;   -73;   -73;  12.0; drag-lps8-05; 7; 8; 125000; 3556
2023-07-22 06:52:07; hka-aqm-am209;  28.08;  39.23;   387;   632;   567;   160;     2;     0;   -70;   -70;   7.8; drag-lps8-05; 2; 8; 125000; 3557
2023-07-22 06:52:25; hka-aqm-am209;  28.08;  39.23;   387;   631;   640;   190;     2;     0;   -72;   -72;   9.8; drag-lps8-05; 3; 8; 125000; 3558
2023-07-22 06:55:26; hka-aqm-am209;  28.13;  39.20;   389;   642;   707;   214;     2;     0;   -70;   -70;   8.2; drag-lps8-05; 5; 8; 125000; 3559
2023-07-22 06:56:06; hka-aqm-am209;  28.12;  39.20;   387;   660;   892;   287;     3;     0;   -73;   -73;  10.8; drag-lps8-05; 0; 8; 125000; 3560
2023-07-22 06:56:25; hka-aqm-am209;  28.16;  39.16;   387;   650;  1099;   368;     3;     0;   -72;   -72;  11.0; drag-lps8-05; 4; 8; 125000; 3561
2023-07-22 06:57:06; hka-aqm-am209;  28.11;  39.16;   391;   642;  1288;   444;     3;     0;   -72;   -72;   8.0; drag-lps8-05; 2; 8; 125000; 3562
2023-07-22 06:58:45; hka-aqm-am209;  28.21;  39.10;   390;   634;  1137;   381;     6;     0;   -70;   -70;  11.0; drag-lps8-05; 6; 8; 125000; 3563
2023-07-22 06:59:46; hka-aqm-am209;  28.17;  39.10;   397;   636;  1196;   402;     6;     0;   -72;   -72;  10.5; drag-lps8-05; 1; 8; 125000; 3564
2023-07-22 07:00:05; hka-aqm-am209;  28.17;  39.10;   393;   632;  1264;   428;     3;     0;   -72;   -72;  10.0; drag-lps8-05; 3; 8; 125000; 3565
2023-07-22 07:00:45; hka-aqm-am209;  28.17;  39.07;   389;   635;   972;   315;     3;     0;   -73;   -73;  12.0; drag-lps8-05; 7; 8; 125000; 3566
2023-07-22 07:01:06; hka-aqm-am209;  28.20;  39.07;   388;   633;   797;   248;     3;     0;   -70;   -70;   7.8; drag-lps8-05; 5; 8; 125000; 3567
2023-07-22 07:01:46; hka-aqm-am209;  28.18;  39.07;   387;   629;   697;   208;     3;     0;   -73;   -73;  11.5; drag-lps8-05; 3; 8; 125000; 3568
2023-07-22 07:02:06; hka-aqm-am209;  28.18;  39.03;   388;   629;   578;   163;     5;     0;   -72;   -72;  11.8; drag-lps8-05; 1; 8; 125000; 3569
2023-07-22 07:10:46; hka-aqm-am209;  28.22;  38.93;   393;   629;   816;   245;     5;     0;   -69;   -69;  10.2; drag-lps8-05; 4; 8; 125000; 3570
2023-07-22 07:11:06; hka-aqm-am209;  28.23;  38.90;   392;   626;   959;   299;     4;     0;   -70;   -70;   8.2; drag-lps8-05; 2; 8; 125000; 3571
2023-07-22 07:12:05; hka-aqm-am209;  28.24;  38.90;   393;   605;   921;   283;     4;     0;   -71;   -71;   9.8; drag-lps8-05; 6; 8; 125000; 3572
2023-07-22 07:12:25; hka-aqm-am209;  28.26;  38.83;   391;   613;  1101;   350;     2;     0;   -71;   -71;   9.2; drag-lps8-05; 0; 8; 125000; 3573
2023-07-22 07:12:46; hka-aqm-am209;  28.25;  38.83;   389;   616;  1208;   390;     2;     0;   -72;   -72;   8.5; drag-lps8-05; 5; 8; 125000; 3574
2023-07-22 07:13:07; hka-aqm-am209;  28.29;  38.83;   388;   601;  1038;   326;     0;     0;   -73;   -73;  10.5; drag-lps8-05; 7; 8; 125000; 3575
2023-07-22 07:14:44; hka-aqm-am209;  28.28;  38.83;   390;   624;   933;   286;     4;     0;   -71;   -71;   8.5; drag-lps8-05; 2; 8; 125000; 3576
2023-07-22 07:15:06; hka-aqm-am209;  28.28;  38.87;   390;   625;   708;   202;     4;     0;   -72;   -72;  11.8; drag-lps8-05; 4; 8; 125000; 3577
2023-07-22 07:16:46; hka-aqm-am209;  28.25;  38.87;   390;   639;   832;   248;     4;     0;   -73;   -73;  11.0; drag-lps8-05; 7; 8; 125000; 3578
2023-07-22 07:17:06; hka-aqm-am209;  28.22;  38.83;   389;   589;  1049;   328;     4;     0;   -73;   -73;   9.8; drag-lps8-05; 0; 8; 125000; 3579
2023-07-22 07:17:26; hka-aqm-am209;  28.25;  38.83;   388;   610;  1205;   386;     4;     0;   -69;   -69;  10.0; drag-lps8-05; 1; 8; 125000; 3580
2023-07-22 07:17:46; hka-aqm-am209;  28.30;  38.80;   387;   615;  1332;   434;     2;     0;   -69;   -69;   8.0; drag-lps8-05; 5; 8; 125000; 3581
2023-07-22 07:18:06; hka-aqm-am209;  28.33;  38.80;   387;   623;  1422;   468;     5;     0;   -71;   -71;   9.8; drag-lps8-05; 3; 8; 125000; 3582
2023-07-22 07:18:25; hka-aqm-am209;  28.29;  38.80;   387;   625;  1344;   438;     5;     0;   -72;   -72;  10.8; drag-lps8-05; 6; 8; 125000; 3583
2023-07-22 07:18:46; hka-aqm-am209;  28.31;  38.83;   387;   625;  1137;   361;     2;     0;   -72;   -72;   8.5; drag-lps8-05; 5; 8; 125000; 3584
2023-07-22 07:19:05; hka-aqm-am209;  28.28;  38.77;   387;   627;  1234;   398;     2;     0;   -70;   -70;  10.2; drag-lps8-05; 4; 8; 125000; 3585
2023-07-22 07:19:46; hka-aqm-am209;  28.27;  38.77;   391;   628;  1302;   423;     2;     0;   -72;   -72;   7.2; drag-lps8-05; 2; 8; 125000; 3586
2023-07-22 07:21:45; hka-aqm-am209;  28.38;  38.70;   390;   628;  1187;   380;     4;     0;   -73;   -73;   8.8; drag-lps8-05; 7; 8; 125000; 3587
2023-07-22 07:22:06; hka-aqm-am209;  28.33;  38.74;   389;   638;   802;   238;     4;     0;   -72;   -72;  11.2; drag-lps8-05; 6; 8; 125000; 3588
2023-07-22 07:22:44; hka-aqm-am209;  28.30;  38.77;   392;   633;   746;   217;     2;     0;   -71;   -71;   9.2; drag-lps8-05; 0; 8; 125000; 3589
2023-07-22 07:23:04; hka-aqm-am209;  28.36;  38.77;   390;   632;   844;   254;     2;     0;   -72;   -72;  11.5; drag-lps8-05; 3; 8; 125000; 3590
2023-07-22 07:23:26; hka-aqm-am209;  28.37;  38.77;   389;   630;   741;   218;     2;     0;   -71;   -71;  11.2; drag-lps8-05; 1; 8; 125000; 3591
2023-07-22 07:24:26; hka-aqm-am209;  28.32;  38.77;   393;   639;   655;   187;     3;     0;   -71;   -71;   9.2; drag-lps8-05; 0; 8; 125000; 3592
2023-07-22 07:28:45; hka-aqm-am209;  28.46;  38.67;   391;   627;   907;   278;     5;     0;   -72;   -72;   8.8; drag-lps8-05; 3; 8; 125000; 3593
2023-07-22 07:29:25; hka-aqm-am209;  28.43;  38.64;   390;   626;   855;   259;     4;     0;   -73;   -73;  10.2; drag-lps8-05; 7; 8; 125000; 3594
2023-07-22 07:29:46; hka-aqm-am209;  28.43;  38.64;   389;   625;  1276;   413;     4;     0;   -71;   -71;   7.8; drag-lps8-05; 5; 8; 125000; 3595
2023-07-22 07:30:05; hka-aqm-am209;  28.42;  38.60;   388;   625;  1502;   498;     2;     0;   -72;   -72;   7.8; drag-lps8-05; 2; 8; 125000; 3596
2023-07-22 07:31:04; hka-aqm-am209;  28.46;  38.57;   391;   628;  1341;   438;     5;     0;   -72;   -72;  10.8; drag-lps8-05; 6; 8; 125000; 3597
2023-07-22 07:31:24; hka-aqm-am209;  28.47;  38.57;   389;   625;  1160;   369;     5;     0;   -71;   -71;   9.0; drag-lps8-05; 4; 8; 125000; 3598
2023-07-22 07:31:44; hka-aqm-am209;  28.50;  38.57;   388;   626;   914;   278;     3;     0;   -71;   -71;   9.2; drag-lps8-05; 1; 8; 125000; 3599
2023-07-22 07:32:04; hka-aqm-am209;  28.48;  38.60;   387;   625;   846;   252;     3;     0;   -72;   -72;   8.5; drag-lps8-05; 5; 8; 125000; 3600
2023-07-22 07:32:27; hka-aqm-am209;  28.46;  38.60;   387;   625;   731;   210;     1;     0;   -70;   -70;   8.2; drag-lps8-05; 2; 8; 125000; 3601
2023-07-22 07:33:44; hka-aqm-am209;  28.52;  38.57;   393;   624;   834;   247;     4;     0;   -72;   -72;   9.5; drag-lps8-05; 0; 8; 125000; 3602
2023-07-22 07:34:05; hka-aqm-am209;  28.53;  38.57;   391;   624;   693;   196;     5;     0;   -71;   -71;   9.5; drag-lps8-05; 7; 8; 125000; 3603
2023-07-22 07:42:06; hka-aqm-am209;  28.51;  38.51;   391;   634;  1003;   310;     4;     0;   -72;   -72;  10.0; drag-lps8-05; 3; 8; 125000; 3605
2023-07-22 07:42:27; hka-aqm-am209;  28.48;  38.44;   390;   631;   935;   285;     0;     0;   -72;   -72;  11.0; drag-lps8-05; 4; 8; 125000; 3606
2023-07-22 07:43:04; hka-aqm-am209;  28.53;  38.44;   394;   628;  1329;   425;     4;     0;   -72;   -72;  11.5; drag-lps8-05; 1; 8; 125000; 3607
2023-07-22 07:43:45; hka-aqm-am209;  28.52;  38.44;   396;   627;   791;   230;     4;     0;   -70;   -70;  10.5; drag-lps8-05; 4; 8; 125000; 3608
2023-07-22 07:44:24; hka-aqm-am209;  28.54;  38.44;   397;   626;  1335;   424;     3;     0;   -71;   -71;   9.8; drag-lps8-05; 0; 8; 125000; 3609
2023-07-22 07:45:06; hka-aqm-am209;  28.59;  38.41;   397;   630;   750;   212;     1;     0;   -71;   -71;   8.8; drag-lps8-05; 5; 8; 125000; 3610
2023-07-22 07:45:25; hka-aqm-am209;  28.61;  38.44;   393;   628;   978;   292;     5;     0;   -70;   -70;  10.0; drag-lps8-05; 3; 8; 125000; 3611
2023-07-22 07:45:45; hka-aqm-am209;  28.61;  38.41;   391;   634;   817;   234;     5;     0;   -69;   -69;   8.0; drag-lps8-05; 2; 8; 125000; 3612
2023-07-22 07:46:25; hka-aqm-am209;  28.58;  38.41;   388;   629;  1292;   403;     2;     0;   -72;   -72;  11.0; drag-lps8-05; 6; 8; 125000; 3614
2023-07-22 07:46:46; hka-aqm-am209;  28.58;  38.37;   387;   626;  1092;   330;     3;     0;   -72;   -72;  10.8; drag-lps8-05; 1; 8; 125000; 3615
2023-07-22 07:47:07; hka-aqm-am209;  28.60;  38.37;   387;   627;   851;   246;     3;     0;   -72;   -72;   9.0; drag-lps8-05; 0; 8; 125000; 3616
2023-07-22 07:47:25; hka-aqm-am209;  28.60;  38.37;   387;   624;  1242;   383;     3;     0;   -69;   -69;   8.0; drag-lps8-05; 2; 8; 125000; 3617
2023-07-22 07:47:46; hka-aqm-am209;  28.57;  38.37;   386;   625;   999;   298;     3;     0;   -72;   -72;   9.5; drag-lps8-05; 3; 8; 125000; 3618
2023-07-22 07:48:05; hka-aqm-am209;  28.58;  38.41;   386;   625;   813;   232;     1;     0;   -71;   -71;   9.0; drag-lps8-05; 1; 8; 125000; 3619
2023-07-22 07:49:06; hka-aqm-am209;  28.58;  38.41;   389;   623;   959;   283;     3;     0;   -69;   -69;  10.2; drag-lps8-05; 4; 8; 125000; 3620
2023-07-22 07:49:46; hka-aqm-am209;  28.53;  38.41;   392;   622;  1110;   337;     2;     0;   -72;   -72;  11.2; drag-lps8-05; 6; 8; 125000; 3621
2023-07-22 07:50:05; hka-aqm-am209;  28.51;  38.37;   390;   622;   928;   274;     2;     0;   -72;   -72;   7.8; drag-lps8-05; 5; 8; 125000; 3622
2023-07-22 07:50:26; hka-aqm-am209;  28.56;  38.37;   390;   622;  1541;   491;     1;     0;   -73;   -73;   9.5; drag-lps8-05; 7; 8; 125000; 3623
2023-07-22 07:51:04; hka-aqm-am209;  28.54;  38.37;   393;   622;  1225;   382;     2;     0;   -71;   -71;   9.2; drag-lps8-05; 0; 8; 125000; 3624
2023-07-22 07:51:45; hka-aqm-am209;  28.54;  38.37;   395;   622;  1105;   338;     2;     0;   -72;   -72;  10.8; drag-lps8-05; 1; 8; 125000; 3625
2023-07-22 07:52:06; hka-aqm-am209;  28.55;  38.34;   392;   621;   969;   291;     1;     0;   -73;   -73;  11.8; drag-lps8-05; 3; 8; 125000; 3626
2023-07-22 07:52:46; hka-aqm-am209;  28.58;  38.31;   394;   623;   822;   241;     0;     0;   -72;   -72;  10.8; drag-lps8-05; 4; 8; 125000; 3627
2023-07-22 07:53:06; hka-aqm-am209;  28.57;  38.31;   391;   622;   875;   262;     2;     0;   -72;   -72;   9.8; drag-lps8-05; 6; 8; 125000; 3628
2023-07-22 07:53:25; hka-aqm-am209;  28.57;  38.34;   389;   623;   742;   215;     2;     0;   -73;   -73;   9.2; drag-lps8-05; 7; 8; 125000; 3629
2023-07-22 07:54:45; hka-aqm-am209;  28.58;  38.34;   390;   622;   658;   188;     5;     0;   -72;   -72;   8.0; drag-lps8-05; 5; 8; 125000; 3630
2023-07-22 08:01:44; hka-aqm-am209;  28.63;  38.34;   393;   626;   762;   218;     4;     0;   -70;   -70;   8.5; drag-lps8-05; 2; 8; 125000; 3631
2023-07-22 08:02:05; hka-aqm-am209;  28.62;  38.37;   391;   625;  1544;   486;     3;     0;   -72;   -72;  10.0; drag-lps8-05; 3; 8; 125000; 3632
2023-07-22 08:03:04; hka-aqm-am209;  28.62;  38.24;   391;   626;  1191;   365;     3;     0;   -71;   -71;   9.8; drag-lps8-05; 4; 8; 125000; 3633
2023-07-22 08:03:25; hka-aqm-am209;  28.60;  38.24;   390;   627;  1042;   309;     4;     0;   -72;   -72;   8.5; drag-lps8-05; 5; 8; 125000; 3634
2023-07-22 08:03:46; hka-aqm-am209;  28.64;  38.24;   390;   627;   793;   223;     4;     0;   -72;   -72;  10.8; drag-lps8-05; 6; 8; 125000; 3635
2023-07-22 08:04:05; hka-aqm-am209;  28.66;  38.31;   389;   628;   946;   274;     1;     0;   -73;   -73;  11.5; drag-lps8-05; 7; 8; 125000; 3636
2023-07-22 08:04:27; hka-aqm-am209;  28.61;  38.24;   388;   628;   809;   225;     1;     0;   -72;   -72;   7.8; drag-lps8-05; 2; 8; 125000; 3637
2023-07-22 08:05:06; hka-aqm-am209;  28.63;  38.21;   388;   634;   875;   246;     1;     0;   -72;   -72;  10.8; drag-lps8-05; 1; 8; 125000; 3638
2023-07-22 08:05:46; hka-aqm-am209;  28.62;  38.24;   388;   629;   834;   231;     6;     0;   -73;   -73;  12.0; drag-lps8-05; 0; 8; 125000; 3639
2023-07-22 08:06:26; hka-aqm-am209;  28.60;  38.24;   387;   629;   908;   253;     2;     0;   -71;   -71;   8.5; drag-lps8-05; 6; 8; 125000; 3640
2023-07-22 08:06:45; hka-aqm-am209;  28.62;  38.24;   387;   627;  1069;   307;     5;     0;   -72;   -72;  11.0; drag-lps8-05; 1; 8; 125000; 3641
2023-07-22 08:07:06; hka-aqm-am209;  28.63;  38.24;   387;   627;  1876;   581;     5;     0;   -73;   -73;  10.5; drag-lps8-05; 7; 8; 125000; 3642
2023-07-22 08:07:25; hka-aqm-am209;  28.62;  38.18;   388;   629;  1424;   427;     2;     0;   -72;   -72;  11.8; drag-lps8-05; 4; 8; 125000; 3643
2023-07-22 08:07:46; hka-aqm-am209;  28.65;  38.18;   387;   629;  1705;   520;     3;     0;   -73;   -73;  11.5; drag-lps8-05; 3; 8; 125000; 3644
2023-07-22 08:08:06; hka-aqm-am209;  28.66;  38.18;   387;   632;  1978;   613;     3;     0;   -72;   -72;  11.5; drag-lps8-05; 0; 8; 125000; 3645
2023-07-22 08:08:26; hka-aqm-am209;  28.65;  38.18;   387;   632;  2073;   645;     0;     0;   -72;   -72;   7.8; drag-lps8-05; 2; 8; 125000; 3646
2023-07-22 08:09:25; hka-aqm-am209;  28.67;  38.11;   387;   633;  1930;   595;     4;     0;   -72;   -72;   8.0; drag-lps8-05; 5; 8; 125000; 3647
2023-07-22 08:09:45; hka-aqm-am209;  28.67;  38.08;   387;   632;  1815;   554;     4;     0;   -70;   -70;   9.5; drag-lps8-05; 6; 8; 125000; 3648
2023-07-22 08:10:05; hka-aqm-am209;  28.66;  38.08;   387;   631;   988;   275;     4;     0;   -71;   -71;  10.0; drag-lps8-05; 3; 8; 125000; 3649
2023-07-22 08:10:26; hka-aqm-am209;  28.70;  38.08;   387;   640;   934;   253;     5;     0;   -70;   -70;   7.5; drag-lps8-05; 2; 8; 125000; 3650
2023-07-22 08:10:46; hka-aqm-am209;  28.70;  38.11;   387;   635;   882;   235;     5;     0;   -71;   -71;   9.5; drag-lps8-05; 7; 8; 125000; 3651
2023-07-22 08:11:44; hka-aqm-am209;  28.70;  38.11;   392;   635;  1147;   323;     4;     0;   -72;   -72;  11.8; drag-lps8-05; 0; 8; 125000; 3652
2023-07-22 08:12:06; hka-aqm-am209;  28.72;  38.11;   390;   635;  1954;   596;     3;     0;   -71;   -71;   8.8; drag-lps8-05; 4; 8; 125000; 3653
2023-07-22 08:12:44; hka-aqm-am209;  28.68;  38.11;   394;   633;  1442;   420;     3;     0;   -71;   -71;   7.5; drag-lps8-05; 5; 8; 125000; 3654
2023-07-22 08:13:05; hka-aqm-am209;  28.68;  38.11;   391;   631;  1139;   319;     3;     0;   -70;   -70;  10.8; drag-lps8-05; 1; 8; 125000; 3655
2023-07-22 08:13:26; hka-aqm-am209;  28.66;  38.11;   389;   570;   901;   239;     3;     0;   -73;   -73;   8.8; drag-lps8-05; 7; 8; 125000; 3656
2023-07-22 08:14:25; hka-aqm-am209;  28.69;  38.11;   387;   614;  1290;   369;     4;     0;   -73;   -73;  11.0; drag-lps8-05; 3; 8; 125000; 3657
2023-07-22 08:15:04; hka-aqm-am209;  28.65;  38.11;   391;   619;  1440;   419;     2;     0;   -73;   -73;   9.5; drag-lps8-05; 0; 8; 125000; 3658
2023-07-22 08:15:45; hka-aqm-am209;  28.71;  38.08;   393;   623;  1234;   346;     2;     0;   -71;   -71;   7.2; drag-lps8-05; 5; 8; 125000; 3659
2023-07-22 08:16:05; hka-aqm-am209;  28.70;  38.04;   391;   654;  2067;   624;     3;     0;   -71;   -71;  10.8; drag-lps8-05; 4; 8; 125000; 3660
2023-07-22 08:16:26; hka-aqm-am209;  28.73;  38.04;   389;   647;  1019;   274;     3;     0;   -72;   -72;   8.2; drag-lps8-05; 2; 8; 125000; 3661
2023-07-22 08:17:05; hka-aqm-am209;  28.72;  38.01;   387;   636;  2031;   610;     3;     0;   -72;   -72;  10.5; drag-lps8-05; 6; 8; 125000; 3662
2023-07-22 08:17:26; hka-aqm-am209;  28.75;  38.01;   387;   635;  1099;   298;     3;     0;   -72;   -72;  11.2; drag-lps8-05; 1; 8; 125000; 3663
2023-07-22 08:18:05; hka-aqm-am209;  28.73;  38.01;   391;   633;  1181;   324;     2;     0;   -72;   -72;  11.5; drag-lps8-05; 0; 8; 125000; 3664
2023-07-22 08:18:25; hka-aqm-am209;  28.77;  38.04;   389;   632;   995;   264;     2;     0;   -72;   -72;   8.2; drag-lps8-05; 2; 8; 125000; 3665
2023-07-22 08:18:46; hka-aqm-am209;  28.70;  38.01;   389;   628;   936;   242;     2;     0;   -72;   -72;  11.0; drag-lps8-05; 4; 8; 125000; 3666
2023-07-22 08:19:46; hka-aqm-am209;  28.73;  37.98;   391;   628;  1862;   546;     2;     0;   -73;   -73;  10.5; drag-lps8-05; 7; 8; 125000; 3667
2023-07-22 08:20:06; hka-aqm-am209;  28.74;  37.98;   390;   631;  1651;   479;     1;     0;   -72;   -72;  11.2; drag-lps8-05; 6; 8; 125000; 3668
2023-07-22 08:20:26; hka-aqm-am209;  28.76;  37.98;   390;   629;  1539;   442;     1;     0;   -72;   -72;  11.5; drag-lps8-05; 3; 8; 125000; 3669
2023-07-22 08:20:46; hka-aqm-am209;  28.74;  37.91;   390;   631;  1952;   580;     4;     0;   -72;   -72;  11.8; drag-lps8-05; 1; 8; 125000; 3670
2023-07-22 08:21:06; hka-aqm-am209;  28.73;  37.91;   390;   656;  1606;   466;     4;     0;   -72;   -72;   8.2; drag-lps8-05; 5; 8; 125000; 3671
2023-07-22 08:21:25; hka-aqm-am209;  28.76;  37.94;   391;   647;   973;   253;     2;     0;   -72;   -72;  10.8; drag-lps8-05; 6; 8; 125000; 3672
2023-07-22 08:21:46; hka-aqm-am209;  28.76;  37.94;   390;   641;  1086;   291;     2;     0;   -73;   -73;  11.2; drag-lps8-05; 7; 8; 125000; 3673
2023-07-22 08:22:05; hka-aqm-am209;  28.78;  37.91;   390;   636;  1961;   582;     2;     0;   -70;   -70;  10.5; drag-lps8-05; 4; 8; 125000; 3674
2023-07-22 08:23:05; hka-aqm-am209;  28.71;  37.91;   398;   633;  1544;   442;     1;     0;   -71;   -71;   9.5; drag-lps8-05; 0; 8; 125000; 3675
2023-07-22 08:23:24; hka-aqm-am209;  28.76;  37.91;   395;   637;  1967;   584;     1;     0;   -72;   -72;  10.8; drag-lps8-05; 1; 8; 125000; 3676
2023-07-22 08:24:06; hka-aqm-am209;  28.83;  37.88;   391;   633;  1875;   552;     4;     0;   -72;   -72;   8.0; drag-lps8-05; 5; 8; 125000; 3677
2023-07-22 08:24:26; hka-aqm-am209;  28.83;  37.84;   390;   633;  2017;   601;     4;     0;   -70;   -70;   8.0; drag-lps8-05; 2; 8; 125000; 3678
2023-07-22 08:25:06; hka-aqm-am209;  28.90;  37.81;   389;   631;  1912;   565;     4;     0;   -73;   -73;   9.8; drag-lps8-05; 3; 8; 125000; 3679
2023-07-22 08:25:27; hka-aqm-am209;  28.90;  37.81;   389;   631;  1398;   396;     2;     0;   -71;   -71;   7.8; drag-lps8-05; 5; 8; 125000; 3680
2023-07-22 08:25:46; hka-aqm-am209;  28.90;  37.78;   389;   631;  1926;   568;     2;     0;   -72;   -72;  10.0; drag-lps8-05; 3; 8; 125000; 3681
2023-07-22 08:26:07; hka-aqm-am209;  28.89;  37.78;   389;   646;  2058;   613;     2;     0;   -71;   -71;   7.0; drag-lps8-05; 2; 8; 125000; 3682
2023-07-22 08:26:47; hka-aqm-am209;  28.87;  37.78;   393;   643;  1985;   589;     0;     0;   -72;   -72;  11.0; drag-lps8-05; 0; 8; 125000; 3683
2023-07-22 08:27:06; hka-aqm-am209;  28.91;  37.78;   392;   639;  2037;   605;     4;     0;   -70;   -70;  10.2; drag-lps8-05; 1; 8; 125000; 3684
2023-07-22 08:28:47; hka-aqm-am209;  28.96;  37.71;   391;   646;  1619;   464;     4;     0;   -72;   -72;  11.2; drag-lps8-05; 6; 8; 125000; 3685
2023-07-22 08:29:06; hka-aqm-am209;  28.98;  37.71;   389;   642;  1178;   323;     3;     0;   -73;   -73;  10.8; drag-lps8-05; 7; 8; 125000; 3686
2023-07-22 08:29:27; hka-aqm-am209;  29.00;  37.75;   388;   638;  1004;   262;     3;     0;   -69;   -69;  10.5; drag-lps8-05; 4; 8; 125000; 3687
2023-07-22 08:29:46; hka-aqm-am209;  28.95;  37.71;   387;   635;  1128;   302;     0;     0;   -71;   -71;  11.5; drag-lps8-05; 1; 8; 125000; 3688
2023-07-22 08:30:06; hka-aqm-am209;  28.98;  37.71;   387;   636;  1394;   391;     1;     0;   -72;   -72;  11.5; drag-lps8-05; 4; 8; 125000; 3689
2023-07-22 08:30:27; hka-aqm-am209;  29.01;  37.71;   387;   635;  2025;   599;     1;     0;   -73;   -73;  11.2; drag-lps8-05; 0; 8; 125000; 3690
2023-07-22 08:30:46; hka-aqm-am209;  28.96;  37.68;   387;   635;  1967;   582;     2;     0;   -71;   -71;   7.8; drag-lps8-05; 5; 8; 125000; 3691
2023-07-22 08:31:06; hka-aqm-am209;  29.02;  37.65;   387;   652;  2034;   604;     2;     0;   -72;   -72;  10.0; drag-lps8-05; 3; 8; 125000; 3692
2023-07-22 08:32:06; hka-aqm-am209;  29.01;  37.61;   387;   637;  1955;   580;     3;     0;   -71;   -71;   9.2; drag-lps8-05; 6; 8; 125000; 3693
2023-07-22 08:32:47; hka-aqm-am209;  29.03;  37.55;   387;   648;  1354;   383;     2;     0;   -72;   -72;   7.8; drag-lps8-05; 2; 8; 125000; 3694
2023-07-22 08:33:07; hka-aqm-am209;  29.08;  37.58;   387;   651;  1011;   267;     1;     0;   -73;   -73;  11.0; drag-lps8-05; 7; 8; 125000; 3695
2023-07-22 08:33:46; hka-aqm-am209;  29.06;  37.58;   387;   642;  1354;   378;     1;     0;   -72;   -72;   9.5; drag-lps8-05; 1; 8; 125000; 3696
2023-07-22 08:34:06; hka-aqm-am209;  29.02;  37.58;   387;   641;  1645;   474;     2;     0;   -72;   -72;  11.8; drag-lps8-05; 6; 8; 125000; 3697
2023-07-22 08:35:05; hka-aqm-am209;  29.03;  37.58;   395;   639;  2071;   619;     4;     0;   -72;   -72;  11.2; drag-lps8-05; 4; 8; 125000; 3698
2023-07-22 08:35:26; hka-aqm-am209;  29.00;  37.55;   392;   638;  1213;   335;     4;     0;   -72;   -72;  10.8; drag-lps8-05; 3; 8; 125000; 3699
2023-07-22 08:35:46; hka-aqm-am209;  29.02;  37.51;   390;   637;  2163;   647;     2;     0;   -72;   -72;  11.2; drag-lps8-05; 0; 8; 125000; 3700
2023-07-22 08:36:26; hka-aqm-am209;  29.06;  37.51;   393;   634;  1194;   328;     3;     0;   -72;   -72;   8.5; drag-lps8-05; 2; 8; 125000; 3701
2023-07-22 08:37:05; hka-aqm-am209;  29.08;  37.48;   395;   574;  1949;   575;     3;     0;   -72;   -72;   8.5; drag-lps8-05; 7; 8; 125000; 3702
2023-07-22 08:37:27; hka-aqm-am209;  29.04;  37.51;   392;   599;  1002;   265;     1;     0;   -69;   -69;   8.0; drag-lps8-05; 5; 8; 125000; 3703
2023-07-22 08:37:46; hka-aqm-am209;  29.09;  37.48;   390;   633;  1067;   287;     3;     0;   -72;   -72;  10.2; drag-lps8-05; 1; 8; 125000; 3704
2023-07-22 08:38:06; hka-aqm-am209;  29.07;  37.48;   389;   631;  2040;   607;     3;     0;   -73;   -73;   9.8; drag-lps8-05; 3; 8; 125000; 3705
2023-07-22 08:38:26; hka-aqm-am209;  29.08;  37.45;   388;   633;  2168;   652;     2;     0;   -70;   -70;   8.2; drag-lps8-05; 5; 8; 125000; 3706
2023-07-22 08:39:06; hka-aqm-am209;  29.11;  37.45;   391;   633;  1093;   297;     3;     0;   -73;   -73;   9.8; drag-lps8-05; 0; 8; 125000; 3707
2023-07-22 08:39:26; hka-aqm-am209;  29.11;  37.45;   389;   651;   951;   250;     3;     0;   -73;   -73;   8.5; drag-lps8-05; 7; 8; 125000; 3708
2023-07-22 08:40:47; hka-aqm-am209;  29.14;  37.45;   387;   640;  2024;   602;     3;     0;   -72;   -72;  10.0; drag-lps8-05; 6; 8; 125000; 3709
2023-07-22 08:41:07; hka-aqm-am209;  29.17;  37.38;   387;   646;  2130;   639;     0;     0;   -72;   -72;   7.8; drag-lps8-05; 2; 8; 125000; 3710
2023-07-22 08:41:27; hka-aqm-am209;  29.15;  37.41;   387;   641;  1125;   307;     0;     0;   -72;   -72;  11.5; drag-lps8-05; 4; 8; 125000; 3711
2023-07-22 08:41:47; hka-aqm-am209;  29.17;  37.45;   387;   603;  1056;   280;     0;     0;   -73;   -73;   9.0; drag-lps8-05; 7; 8; 125000; 3712
2023-07-22 08:42:06; hka-aqm-am209;  29.13;  37.38;   386;   613;  1170;   318;     2;     0;   -71;   -71;  10.8; drag-lps8-05; 0; 8; 125000; 3713
2023-07-22 08:42:27; hka-aqm-am209;  29.18;  37.38;   386;   618;  1412;   395;     2;     0;   -69;   -69;   8.2; drag-lps8-05; 5; 8; 125000; 3714
2023-07-22 08:42:46; hka-aqm-am209;  29.16;  37.38;   386;   623;  1043;   277;     2;     0;   -71;   -71;  11.0; drag-lps8-05; 4; 8; 125000; 3715
2023-07-22 08:43:06; hka-aqm-am209;  29.15;  37.38;   387;   625;   952;   249;     2;     0;   -71;   -71;  10.8; drag-lps8-05; 6; 8; 125000; 3716
2023-07-22 08:44:25; hka-aqm-am209;  29.11;  37.38;   392;   636;  1370;   388;     3;     0;   -71;   -71;   8.8; drag-lps8-05; 1; 8; 125000; 3717
2023-07-22 08:44:46; hka-aqm-am209;  29.15;  37.41;   391;   635;  1649;   476;     3;     0;   -72;   -72;  11.0; drag-lps8-05; 3; 8; 125000; 3718
2023-07-22 08:45:06; hka-aqm-am209;  29.12;  37.38;   390;   633;  1992;   589;     1;     0;   -72;   -72;   8.2; drag-lps8-05; 2; 8; 125000; 3719
2023-07-22 08:46:46; hka-aqm-am209;  29.18;  37.32;   395;   638;  1899;   555;     1;     0;   -72;   -72;  11.0; drag-lps8-05; 1; 8; 125000; 3720
2023-07-22 08:47:26; hka-aqm-am209;  29.16;  37.32;   397;   634;  1950;   574;     4;     0;   -73;   -73;  11.8; drag-lps8-05; 7; 8; 125000; 3721
2023-07-22 08:47:46; hka-aqm-am209;  29.19;  37.32;   394;   613;  1803;   524;     4;     0;   -71;   -71;   8.8; drag-lps8-05; 4; 8; 125000; 3722
2023-07-22 08:48:06; hka-aqm-am209;  29.18;  37.32;   392;   620;  1749;   506;     4;     0;   -70;   -70;   7.5; drag-lps8-05; 5; 8; 125000; 3723
2023-07-22 08:48:26; hka-aqm-am209;  29.22;  37.28;   391;   623;  1891;   554;     2;     0;   -71;   -71;   7.8; drag-lps8-05; 2; 8; 125000; 3724
2023-07-22 08:49:27; hka-aqm-am209;  29.20;  37.32;   393;   632;  1785;   517;     2;     0;   -71;   -71;   9.2; drag-lps8-05; 6; 8; 125000; 3725
2023-07-22 08:52:06; hka-aqm-am209;  29.24;  37.22;   394;   632;  1828;   530;     4;     0;   -70;   -70;  10.0; drag-lps8-05; 3; 8; 125000; 3726
2023-07-22 08:52:26; hka-aqm-am209;  29.23;  37.18;   391;   634;  1768;   509;     3;     0;   -73;   -73;  11.5; drag-lps8-05; 0; 8; 125000; 3727
2023-07-22 08:53:06; hka-aqm-am209;  29.29;  37.18;   393;   630;  1939;   568;     3;     0;   -71;   -71;  10.5; drag-lps8-05; 1; 8; 125000; 3728
2023-07-22 08:54:26; hka-aqm-am209;  29.26;  37.18;   392;   627;  1999;   585;     5;     0;   -72;   -72;   9.0; drag-lps8-05; 3; 8; 125000; 3729
2023-07-22 08:55:47; hka-aqm-am209;  29.30;  37.15;   394;   635;  1828;   531;     5;     0;   -71;   -71;   9.5; drag-lps8-05; 0; 8; 125000; 3730
2023-07-22 08:56:27; hka-aqm-am209;  29.31;  37.12;   396;   630;  1966;   574;     0;     0;   -72;   -72;   7.2; drag-lps8-05; 2; 8; 125000; 3731
2023-07-22 08:57:45; hka-aqm-am209;  29.32;  37.12;   394;   636;  1782;   516;     3;     0;   -69;   -69;   8.2; drag-lps8-05; 5; 8; 125000; 3732
2023-07-22 08:58:05; hka-aqm-am209;  29.28;  37.05;   391;   646;  1700;   489;     1;     0;   -73;   -73;  11.2; drag-lps8-05; 7; 8; 125000; 3733
2023-07-22 08:58:26; hka-aqm-am209;  29.35;  37.05;   389;   639;  1628;   465;     3;     0;   -72;   -72;  11.8; drag-lps8-05; 4; 8; 125000; 3734
2023-07-22 08:59:26; hka-aqm-am209;  29.34;  37.05;   391;   582;  1717;   494;     4;     0;   -72;   -72;   9.8; drag-lps8-05; 6; 8; 125000; 3735
2023-07-22 09:00:47; hka-aqm-am209;  29.41;  36.98;   393;   612;  2076;   613;     4;     0;   -73;   -73;  11.5; drag-lps8-05; 7; 8; 125000; 3736
2023-07-22 09:01:26; hka-aqm-am209;  29.40;  36.95;   391;   619;  2027;   596;     2;     0;   -72;   -72;   9.5; drag-lps8-05; 3; 8; 125000; 3737
2023-07-22 09:06:27; hka-aqm-am209;  29.42;  36.85;   391;   630;  1811;   518;     3;     0;   -71;   -71;   9.2; drag-lps8-05; 6; 8; 125000; 3738
2023-07-22 09:06:46; hka-aqm-am209;  29.45;  36.85;   389;   632;  1648;   466;     2;     0;   -69;   -69;  10.5; drag-lps8-05; 4; 8; 125000; 3739
2023-07-22 09:07:06; hka-aqm-am209;  29.50;  36.85;   389;   630;  1498;   417;     2;     0;   -73;   -73;  11.8; drag-lps8-05; 0; 8; 125000; 3740
2023-07-22 09:07:26; hka-aqm-am209;  29.47;  36.85;   389;   630;  1821;   523;     1;     0;   -72;   -72;   8.0; drag-lps8-05; 5; 8; 125000; 3741
2023-07-22 09:07:46; hka-aqm-am209;  29.48;  36.85;   389;   629;  1061;   277;     4;     0;   -70;   -70;   9.8; drag-lps8-05; 1; 8; 125000; 3742
2023-07-22 09:08:26; hka-aqm-am209;  29.53;  36.92;   389;   628;   948;   242;     4;     0;   -72;   -72;   8.2; drag-lps8-05; 2; 8; 125000; 3743
2023-07-22 09:11:26; hka-aqm-am209;  29.52;  36.85;   390;   626;  1084;   287;     6;     0;   -73;   -73;  11.5; drag-lps8-05; 3; 8; 125000; 3744
2023-07-22 09:12:26; hka-aqm-am209;  29.58;  36.85;   390;   628;   999;   263;     6;     0;   -72;   -72;   9.5; drag-lps8-05; 6; 8; 125000; 3745
2023-07-22 09:13:27; hka-aqm-am209;  29.57;  36.85;   390;   637;  1102;   294;     4;     0;   -71;   -71;  10.8; drag-lps8-05; 1; 8; 125000; 3746
2023-07-22 09:14:05; hka-aqm-am209;  29.52;  36.79;   394;   634;  1028;   271;     0;     0;   -73;   -73;   9.8; drag-lps8-05; 0; 8; 125000; 3747
2023-07-22 09:15:26; hka-aqm-am209;  29.54;  36.85;   390;   627;  1180;   320;     6;     0;   -71;   -71;   7.8; drag-lps8-05; 2; 8; 125000; 3748
2023-07-22 09:16:05; hka-aqm-am209;  29.50;  36.85;   394;   626;  1293;   354;     1;     0;   -71;   -71;  10.0; drag-lps8-05; 4; 8; 125000; 3749
2023-07-22 09:16:26; hka-aqm-am209;  29.44;  36.85;   392;   650;  1119;   301;     2;     0;   -73;   -73;  10.0; drag-lps8-05; 7; 8; 125000; 3750
2023-07-22 09:16:46; hka-aqm-am209;  29.52;  36.85;   391;   643;  1236;   338;     3;     0;   -71;   -71;   7.0; drag-lps8-05; 5; 8; 125000; 3751
2023-07-22 09:17:07; hka-aqm-am209;  29.52;  36.85;   390;   646;  1432;   405;     3;     0;   -72;   -72;   9.5; drag-lps8-05; 3; 8; 125000; 3752
2023-07-22 09:17:26; hka-aqm-am209;  29.55;  36.82;   390;   640;  1253;   344;     2;     0;   -71;   -71;  11.8; drag-lps8-05; 1; 8; 125000; 3753
2023-07-22 09:17:46; hka-aqm-am209;  29.55;  36.82;   390;   633;  1153;   314;     5;     0;   -71;   -71;   9.2; drag-lps8-05; 6; 8; 125000; 3754
2023-07-22 09:19:06; hka-aqm-am209;  29.51;  36.79;   391;   641;  1630;   466;     5;     0;   -70;   -70;   8.0; drag-lps8-05; 5; 8; 125000; 3755
2023-07-22 09:19:26; hka-aqm-am209;  29.51;  36.79;   389;   636;  1117;   301;     4;     0;   -72;   -72;  11.2; drag-lps8-05; 4; 8; 125000; 3756
2023-07-22 09:22:45; hka-aqm-am209;  29.50;  36.75;   395;   601;  1643;   473;     4;     0;   -72;   -72;   8.2; drag-lps8-05; 2; 8; 125000; 3757
2023-07-22 09:23:06; hka-aqm-am209;  29.56;  36.79;   392;   610;  1298;   362;     1;     0;   -71;   -71;  10.0; drag-lps8-05; 0; 8; 125000; 3758
2023-07-22 09:23:26; hka-aqm-am209;  29.60;  36.79;   390;   615;  1115;   302;     1;     0;   -71;   -71;   9.5; drag-lps8-05; 7; 8; 125000; 3759
2023-07-22 09:25:46; hka-aqm-am209;  29.58;  36.79;   391;   628;  1398;   393;     5;     0;   -73;   -73;  11.0; drag-lps8-05; 0; 8; 125000; 3760
2023-07-22 09:26:07; hka-aqm-am209;  29.58;  36.75;   390;   625;  1271;   354;     2;     0;   -71;   -71;   9.5; drag-lps8-05; 1; 8; 125000; 3761
2023-07-22 09:26:26; hka-aqm-am209;  29.58;  36.79;   390;   623;  1174;   323;     3;     0;   -72;   -72;  11.5; drag-lps8-05; 4; 8; 125000; 3762
2023-07-22 09:29:25; hka-aqm-am209;  29.59;  36.72;   391;   640;  1270;   354;     3;     0;   -72;   -72;  10.5; drag-lps8-05; 6; 8; 125000; 3763
2023-07-22 09:29:45; hka-aqm-am209;  29.61;  36.72;   390;   635;  1189;   330;     3;     0;   -71;   -71;   7.2; drag-lps8-05; 5; 8; 125000; 3764
2023-07-22 09:30:05; hka-aqm-am209;  29.61;  36.72;   389;   631;  1256;   350;     2;     0;   -72;   -72;   9.2; drag-lps8-05; 3; 8; 125000; 3765
2023-07-22 09:31:05; hka-aqm-am209;  29.64;  36.72;   391;   627;  1120;   308;     2;     0;   -72;   -72;   8.8; drag-lps8-05; 2; 8; 125000; 3766
2023-07-22 09:31:25; hka-aqm-am209;  29.60;  36.72;   389;   628;  1184;   329;     4;     0;   -73;   -73;  11.2; drag-lps8-05; 7; 8; 125000; 3767
2023-07-22 09:31:45; hka-aqm-am209;  29.61;  36.72;   388;   626;  1121;   309;     4;     0;   -70;   -70;  10.2; drag-lps8-05; 1; 8; 125000; 3768
2023-07-22 09:46:51; hka-aqm-am209;  29.61;  36.65;   393;   624;   874;   238;     3;     0;   -71;   -71;   8.8; drag-lps8-05; 5; 8; 125000; 3769
2023-07-22 09:48:26; hka-aqm-am209;  29.60;  36.65;   395;   641;   972;   267;     5;     0;   -72;   -72;  11.5; drag-lps8-05; 0; 8; 125000; 3770
2023-07-22 09:48:46; hka-aqm-am209;  29.62;  36.65;   394;   637;  1067;   297;     4;     0;   -72;   -72;   8.8; drag-lps8-05; 2; 8; 125000; 3771
2023-07-22 09:49:07; hka-aqm-am209;  29.59;  36.62;   392;   632;   957;   260;     4;     0;   -72;   -72;   9.8; drag-lps8-05; 4; 8; 125000; 3772
2023-07-22 09:52:06; hka-aqm-am209;  29.63;  36.62;   390;   601;  1057;   292;     5;     0;   -71;   -71;   9.8; drag-lps8-05; 7; 8; 125000; 3773
2023-07-22 09:52:26; hka-aqm-am209;  29.59;  36.65;   390;   608;   992;   270;     4;     0;   -73;   -73;  11.5; drag-lps8-05; 3; 8; 125000; 3774
2023-07-22 09:54:06; hka-aqm-am209;  29.64;  36.65;   394;   614;  1207;   340;     3;     0;   -71;   -71;   8.8; drag-lps8-05; 6; 8; 125000; 3775
2023-07-22 09:55:07; hka-aqm-am209;  29.61;  36.59;   400;   615;  1395;   403;     2;     0;   -71;   -71;   7.8; drag-lps8-05; 5; 8; 125000; 3776
2023-07-22 09:55:26; hka-aqm-am209;  29.60;  36.59;   396;   618;  1281;   365;     3;     0;   -71;   -71;  10.5; drag-lps8-05; 1; 8; 125000; 3777
2023-07-22 09:55:47; hka-aqm-am209;  29.66;  36.62;   394;   618;  1469;   429;     3;     0;   -72;   -72;  11.0; drag-lps8-05; 0; 8; 125000; 3778
2023-07-22 09:56:06; hka-aqm-am209;  29.62;  36.59;   392;   620;  1534;   449;     3;     0;   -72;   -72;  11.0; drag-lps8-05; 3; 8; 125000; 3779
2023-07-22 09:56:46; hka-aqm-am209;  29.67;  36.59;   395;   619;  1094;   301;     3;     0;   -72;   -72;   8.8; drag-lps8-05; 2; 8; 125000; 3780
2023-07-22 09:57:06; hka-aqm-am209;  29.62;  36.62;   393;   618;  1022;   278;     0;     0;   -70;   -70;   9.5; drag-lps8-05; 4; 8; 125000; 3781
2023-07-22 09:58:47; hka-aqm-am209;  29.66;  36.59;   394;   618;  1224;   344;     3;     0;   -73;   -73;  11.0; drag-lps8-05; 7; 8; 125000; 3782
2023-07-22 09:59:45; hka-aqm-am209;  29.67;  36.59;   400;   618;   944;   251;     1;     0;   -71;   -71;  10.8; drag-lps8-05; 6; 8; 125000; 3783
2023-07-22 10:03:45; hka-aqm-am209;  29.60;  36.59;   397;   613;  1194;   335;     5;     0;   -73;   -73;   8.8; drag-lps8-05; 7; 8; 125000; 3784
2023-07-22 10:04:26; hka-aqm-am209;  29.62;  36.52;   392;   618;  1326;   383;     4;     0;   -72;   -72;   8.0; drag-lps8-05; 2; 8; 125000; 3785
2023-07-22 10:05:46; hka-aqm-am209;  29.62;  36.55;   390;   630;  1214;   344;     4;     0;   -73;   -73;  10.8; drag-lps8-05; 0; 8; 125000; 3786
2023-07-22 10:06:25; hka-aqm-am209;  29.65;  36.52;   394;   628;  1277;   367;     2;     0;   -71;   -71;   8.5; drag-lps8-05; 5; 8; 125000; 3787
2023-07-22 10:07:25; hka-aqm-am209;  29.69;  36.59;   395;   622;   940;   251;     3;     0;   -72;   -72;  11.2; drag-lps8-05; 1; 8; 125000; 3788
2023-07-22 10:07:46; hka-aqm-am209;  29.68;  36.55;   393;   622;   860;   225;     2;     0;   -72;   -72;  12.0; drag-lps8-05; 3; 8; 125000; 3789
2023-07-22 10:12:26; hka-aqm-am209;  29.64;  36.52;   394;   624;   985;   272;     4;     0;   -72;   -72;  10.5; drag-lps8-05; 6; 8; 125000; 3790
2023-07-22 10:23:06; hka-aqm-am209;  29.60;  36.52;   388;   630;   829;   235;     4;     0;   -70;   -70;  11.2; drag-lps8-05; 4; 8; 125000; 3791
2023-07-22 10:24:26; hka-aqm-am209;  29.64;  36.52;   392;   634;   877;   249;     3;     0;   -73;   -73;  10.5; drag-lps8-05; 3; 8; 125000; 3792
2023-07-22 10:25:06; hka-aqm-am209;  29.57;  36.49;   395;   631;   954;   277;     3;     0;   -72;   -72;  11.0; drag-lps8-05; 6; 8; 125000; 3793
2023-07-22 10:25:47; hka-aqm-am209;  29.61;  36.52;   390;   626;   823;   226;     3;     0;   -69;   -69;   8.5; drag-lps8-05; 2; 8; 125000; 3794
2023-07-22 10:27:25; hka-aqm-am209;  29.65;  36.52;   400;   628;   944;   269;     0;     0;   -71;   -71;  11.2; drag-lps8-05; 4; 8; 125000; 3795
2023-07-22 10:29:26; hka-aqm-am209;  29.69;  36.45;   390;   660;   996;   288;     3;     0;   -72;   -72;  10.5; drag-lps8-05; 1; 8; 125000; 3796
2023-07-22 10:32:25; hka-aqm-am209;  29.69;  36.45;   389;   638;   902;   247;     4;     0;   -73;   -73;  10.8; drag-lps8-05; 0; 8; 125000; 3797
2023-07-22 10:35:06; hka-aqm-am209;  29.63;  36.52;   391;   623;   980;   281;     5;     0;   -72;   -72;  11.2; drag-lps8-05; 7; 8; 125000; 3798
2023-07-22 10:35:47; hka-aqm-am209;  29.67;  36.45;   390;   610;  1073;   318;     3;     0;   -72;   -72;   8.2; drag-lps8-05; 5; 8; 125000; 3799
2023-07-22 10:36:46; hka-aqm-am209;  29.67;  36.49;   394;   615;  1007;   291;     4;     0;   -71;   -71;   7.5; drag-lps8-05; 2; 8; 125000; 3800
2023-07-22 10:37:27; hka-aqm-am209;  29.63;  36.52;   396;   615;   890;   243;     4;     0;   -70;   -70;  10.0; drag-lps8-05; 6; 8; 125000; 3801
2023-07-22 10:37:46; hka-aqm-am209;  29.69;  36.52;   394;   617;   829;   221;     2;     0;   -70;   -70;   8.5; drag-lps8-05; 5; 8; 125000; 3802
2023-07-22 10:38:46; hka-aqm-am209;  29.71;  36.49;   390;   626;  1040;   304;     2;     0;   -70;   -70;  10.8; drag-lps8-05; 4; 8; 125000; 3803
2023-07-22 10:39:26; hka-aqm-am209;  29.67;  36.49;   394;   623;   927;   258;     2;     0;   -71;   -71;   9.0; drag-lps8-05; 1; 8; 125000; 3804
2023-07-22 10:40:25; hka-aqm-am209;  29.66;  36.49;   395;   621;   915;   252;     4;     0;   -73;   -73;  11.2; drag-lps8-05; 3; 8; 125000; 3805
2023-07-22 10:40:46; hka-aqm-am209;  29.63;  36.49;   393;   623;   997;   281;     4;     0;   -73;   -73;  11.5; drag-lps8-05; 0; 8; 125000; 3806
2023-07-22 10:41:06; hka-aqm-am209;  29.68;  36.52;   392;   622;   904;   243;     0;     0;   -71;   -71;  10.5; drag-lps8-05; 7; 8; 125000; 3807
2023-07-22 10:41:26; hka-aqm-am209;  29.68;  36.52;   391;   618;   963;   265;     0;     0;   -72;   -72;  10.8; drag-lps8-05; 4; 8; 125000; 3808
2023-07-22 10:42:06; hka-aqm-am209;  29.66;  36.52;   390;   618;  1045;   299;     4;     0;   -73;   -73;  10.2; drag-lps8-05; 0; 8; 125000; 3809
2023-07-22 10:55:47; hka-aqm-am209;  29.70;  36.35;   388;   632;  1026;   292;     4;     0;   -73;   -73;  10.0; drag-lps8-05; 7; 8; 125000; 3810
2023-07-22 10:56:25; hka-aqm-am209;  29.67;  36.35;   392;   627;  1155;   344;     3;     0;   -72;   -72;   7.5; drag-lps8-05; 5; 8; 125000; 3811
2023-07-22 11:07:05; hka-aqm-am209;  29.75;  36.29;   393;   618;  1082;   311;     6;     0;   -70;   -70;   9.8; drag-lps8-05; 6; 8; 125000; 3812
2023-07-22 11:16:28; hka-aqm-am209;  29.72;  36.25;   392;   624;  1281;   394;     4;     0;   -71;   -71;   9.8; drag-lps8-05; 3; 8; 125000; 3813
2023-07-22 11:17:06; hka-aqm-am209;  29.76;  36.19;   389;   623;  1053;   302;     4;     0;   -71;   -71;  10.8; drag-lps8-05; 1; 8; 125000; 3815
2023-07-22 11:17:26; hka-aqm-am209;  29.73;  36.19;   388;   624;  1165;   343;     4;     0;   -73;   -73;   9.0; drag-lps8-05; 0; 8; 125000; 3816
2023-07-22 11:17:47; hka-aqm-am209;  29.72;  36.25;   387;   623;  1220;   366;     1;     0;   -72;   -72;  11.2; drag-lps8-05; 1; 8; 125000; 3817
2023-07-22 11:19:26; hka-aqm-am209;  29.77;  36.25;   389;   623;  1083;   311;     3;     0;   -72;   -72;   8.2; drag-lps8-05; 2; 8; 125000; 3818
2023-07-22 11:19:47; hka-aqm-am209;  29.74;  36.25;   388;   624;  1251;   379;     2;     0;   -73;   -73;   9.5; drag-lps8-05; 7; 8; 125000; 3819
2023-07-22 11:21:45; hka-aqm-am209;  29.72;  36.25;   391;   629;  1020;   288;     4;     0;   -72;   -72;   8.8; drag-lps8-05; 5; 8; 125000; 3820
2023-07-22 11:22:06; hka-aqm-am209;  29.78;  36.22;   389;   627;  1206;   364;     4;     0;   -71;   -71;  10.5; drag-lps8-05; 3; 8; 125000; 3821
2023-07-22 11:26:06; hka-aqm-am209;  29.74;  36.19;   387;   630;   915;   249;     6;     0;   -71;   -71;  11.0; drag-lps8-05; 4; 8; 125000; 3822
2023-07-22 11:28:47; hka-aqm-am209;  29.79;  36.19;   392;   635;  1108;   330;     6;     0;   -72;   -72;  10.2; drag-lps8-05; 6; 8; 125000; 3823
2023-07-22 11:33:27; hka-aqm-am209;  29.78;  36.19;   395;   620;   912;   269;     6;     0;   -71;   -71;   8.0; drag-lps8-05; 2; 8; 125000; 3824
2023-07-22 11:46:06; hka-aqm-am209;  29.74;  36.12;   391;   618;   577;   153;     3;     0;   -73;   -73;  10.5; drag-lps8-05; 0; 8; 125000; 3825
2023-07-22 11:46:47; hka-aqm-am209;  29.75;  36.16;   393;   618;   469;   109;     1;     0;   -71;   -71;   9.2; drag-lps8-05; 1; 8; 125000; 3826
2023-07-22 11:47:07; hka-aqm-am209;  29.74;  36.12;   391;   619;   629;   170;     0;     0;   -71;   -71;  12.0; drag-lps8-05; 4; 8; 125000; 3827
2023-07-22 11:47:28; hka-aqm-am209;  29.72;  36.16;   389;   616;   760;   224;     1;     0;   -72;   -72;  11.5; drag-lps8-05; 3; 8; 125000; 3828
2023-07-22 11:51:08; hka-aqm-am209;  29.73;  36.19;   387;   595;   505;   123;     3;     0;   -73;   -73;  11.5; drag-lps8-05; 7; 8; 125000; 3829
2023-07-22 11:53:25; hka-aqm-am209;  29.70;  36.16;   393;   607;   720;   209;     4;     0;   -72;   -72;   8.0; drag-lps8-05; 5; 8; 125000; 3830
2023-07-22 12:08:32; hka-aqm-am209;  29.78;  36.09;   386;   630;   771;   226;     5;     0;   -72;   -72;  11.5; drag-lps8-05; 6; 8; 125000; 3831
2023-07-22 12:21:46; hka-aqm-am209;  29.80;  36.12;   387;   627;   545;   134;     5;     0;   -72;   -72;   8.5; drag-lps8-05; 5; 8; 125000; 3832
2023-07-22 12:22:06; hka-aqm-am209;  29.74;  36.12;   386;   626;   670;   184;     0;     0;   -73;   -73;  10.8; drag-lps8-05; 3; 8; 125000; 3833
2023-07-22 12:22:28; hka-aqm-am209;  29.76;  36.06;   386;   625;   824;   245;     0;     0;   -73;   -73;  11.8; drag-lps8-05; 7; 8; 125000; 3834
2023-07-22 12:23:45; hka-aqm-am209;  29.80;  36.09;   390;   658;   673;   186;     2;     0;   -70;   -70;  10.5; drag-lps8-05; 6; 8; 125000; 3835
2023-07-22 12:24:45; hka-aqm-am209;  29.74;  36.12;   392;   636;   828;   246;     2;     0;   -72;   -72;   8.5; drag-lps8-05; 2; 8; 125000; 3836
2023-07-22 12:25:07; hka-aqm-am209;  29.73;  36.12;   389;   599;   736;   208;     1;     0;   -72;   -72;  10.5; drag-lps8-05; 0; 8; 125000; 3837
2023-07-22 12:25:27; hka-aqm-am209;  29.76;  36.12;   388;   607;   825;   244;     0;     0;   -71;   -71;  11.0; drag-lps8-05; 1; 8; 125000; 3838
2023-07-22 12:38:28; hka-aqm-am209;  29.74;  35.92;   387;   626;   716;   194;     3;     0;   -72;   -72;  10.5; drag-lps8-05; 4; 8; 125000; 3839
2023-07-22 12:39:47; hka-aqm-am209;  29.76;  35.96;   388;   624;   789;   224;     1;     0;   -71;   -71;  10.5; drag-lps8-05; 0; 8; 125000; 3840
2023-07-22 12:40:25; hka-aqm-am209;  29.77;  35.92;   391;   632;   704;   189;     4;     0;   -71;   -71;  11.0; drag-lps8-05; 4; 8; 125000; 3841
2023-07-22 12:41:08; hka-aqm-am209;  29.81;  35.99;   388;   628;   778;   217;     4;     0;   -73;   -73;  10.8; drag-lps8-05; 7; 8; 125000; 3842
2023-07-22 12:41:46; hka-aqm-am209;  29.75;  35.96;   387;   656;   692;   184;     0;     0;   -72;   -72;   8.0; drag-lps8-05; 2; 8; 125000; 3843
2023-07-22 12:42:46; hka-aqm-am209;  29.77;  35.99;   395;   649;   818;   235;     0;     0;   -72;   -72;  12.0; drag-lps8-05; 3; 8; 125000; 3844
2023-07-22 12:43:07; hka-aqm-am209;  29.77;  35.96;   392;   638;   708;   192;     0;     0;   -72;   -72;   8.5; drag-lps8-05; 5; 8; 125000; 3845
2023-07-22 12:43:27; hka-aqm-am209;  29.76;  35.96;   390;   592;   897;   269;     0;     0;   -70;   -70;  10.5; drag-lps8-05; 1; 8; 125000; 3846
2023-07-22 12:43:48; hka-aqm-am209;  29.80;  35.99;   388;   601;   739;   203;     0;     0;   -71;   -71;   8.5; drag-lps8-05; 6; 8; 125000; 3847
2023-07-22 12:44:07; hka-aqm-am209;  29.77;  35.99;   387;   609;   829;   240;     1;     0;   -72;   -72;   8.5; drag-lps8-05; 2; 8; 125000; 3848
2023-07-22 12:44:27; hka-aqm-am209;  29.76;  35.99;   387;   615;   661;   172;     1;     0;   -73;   -73;  10.5; drag-lps8-05; 7; 8; 125000; 3849
2023-07-22 12:45:45; hka-aqm-am209;  29.78;  35.99;   395;   619;   949;   291;     4;     0;   -70;   -70;  10.2; drag-lps8-05; 1; 8; 125000; 3850
2023-07-22 12:53:46; hka-aqm-am209;  29.78;  35.92;   390;   626;   748;   207;     4;     0;   -72;   -72;  11.0; drag-lps8-05; 6; 8; 125000; 3851
2023-07-22 12:54:06; hka-aqm-am209;  29.77;  35.92;   390;   625;   674;   174;     0;     0;   -72;   -72;   9.5; drag-lps8-05; 0; 8; 125000; 3852
2023-07-22 12:55:06; hka-aqm-am209;  29.80;  35.92;   387;   616;   986;   305;     1;     0;   -71;   -71;  11.0; drag-lps8-05; 4; 8; 125000; 3853
2023-07-22 12:57:25; hka-aqm-am209;  29.79;  35.99;   391;   624;   835;   240;     3;     0;   -73;   -73;  11.0; drag-lps8-05; 3; 8; 125000; 3854
2023-07-22 12:58:06; hka-aqm-am209;  29.82;  35.92;   388;   625;   752;   204;     3;     0;   -72;   -72;   8.5; drag-lps8-05; 5; 8; 125000; 3855
2023-07-22 13:08:48; hka-aqm-am209;  29.79;  35.82;   393;   626;  1032;   318;     5;     0;   -70;   -70;   9.5; drag-lps8-05; 4; 8; 125000; 3856
2023-07-22 13:09:07; hka-aqm-am209;  29.77;  35.86;   390;   624;   891;   260;     1;     0;   -71;   -71;   7.2; drag-lps8-05; 5; 8; 125000; 3857
2023-07-22 13:09:47; hka-aqm-am209;  29.82;  35.86;   386;   624;  1134;   360;     0;     0;   -71;   -71;  10.2; drag-lps8-05; 7; 8; 125000; 3858
2023-07-22 13:10:07; hka-aqm-am209;  29.80;  35.86;   386;   625;  1026;   313;     1;     0;   -72;   -72;  11.5; drag-lps8-05; 6; 8; 125000; 3859
2023-07-22 13:10:27; hka-aqm-am209;  29.80;  35.82;   386;   625;  1085;   338;     1;     0;   -71;   -71;  10.0; drag-lps8-05; 0; 8; 125000; 3860
2023-07-22 13:10:46; hka-aqm-am209;  29.77;  35.79;   386;   624;  1167;   371;     1;     0;   -70;   -70;  10.5; drag-lps8-05; 1; 8; 125000; 3861
2023-07-22 13:11:47; hka-aqm-am209;  29.76;  35.82;   386;   633;   958;   276;     1;     0;   -73;   -73;  10.8; drag-lps8-05; 3; 8; 125000; 3862
2023-07-22 13:12:47; hka-aqm-am209;  29.78;  35.82;   386;   627;  1136;   346;     1;     0;   -72;   -72;   7.8; drag-lps8-05; 2; 8; 125000; 3863
2023-07-22 13:13:06; hka-aqm-am209;  29.71;  35.76;   386;   628;  1256;   396;     0;     0;   -72;   -72;  11.0; drag-lps8-05; 1; 8; 125000; 3864
2023-07-22 13:15:27; hka-aqm-am209;  29.77;  35.79;   386;   639;  1206;   370;     1;     0;   -71;   -71;  11.0; drag-lps8-05; 6; 8; 125000; 3865
2023-07-22 13:16:06; hka-aqm-am209;  29.82;  35.79;   390;   582;   991;   281;     0;     0;   -72;   -72;   8.2; drag-lps8-05; 5; 8; 125000; 3866
2023-07-22 13:17:25; hka-aqm-am209;  29.81;  35.72;   396;   605;  1150;   346;     2;     0;   -72;   -72;   7.5; drag-lps8-05; 2; 8; 125000; 3867
2023-07-22 13:17:45; hka-aqm-am209;  29.80;  35.76;   393;   612;  1206;   374;     2;     0;   -70;   -70;  10.5; drag-lps8-05; 3; 8; 125000; 3868
2023-07-22 13:18:47; hka-aqm-am209;  29.84;  35.82;   393;   620;  1077;   313;     2;     0;   -71;   -71;  11.0; drag-lps8-05; 7; 8; 125000; 3869
2023-07-22 13:19:07; hka-aqm-am209;  29.81;  35.82;   391;   622;   960;   269;     0;     0;   -70;   -70;   9.8; drag-lps8-05; 4; 8; 125000; 3870
2023-07-22 13:24:07; hka-aqm-am209;  29.86;  35.79;   389;   637;  1041;   303;     3;     0;   -73;   -73;  10.8; drag-lps8-05; 0; 8; 125000; 3871
2023-07-22 13:24:26; hka-aqm-am209;  29.87;  35.79;   388;   632;   965;   270;     0;     0;   -73;   -73;  11.0; drag-lps8-05; 7; 8; 125000; 3872
2023-07-22 13:26:48; hka-aqm-am209;  29.87;  35.79;   388;   627;  1307;   409;     2;     0;   -72;   -72;  11.2; drag-lps8-05; 1; 8; 125000; 3873
2023-07-22 13:27:47; hka-aqm-am209;  29.82;  35.79;   387;   616;  1206;   363;     0;     0;   -70;   -70;  10.8; drag-lps8-05; 6; 8; 125000; 3874
2023-07-22 13:28:28; hka-aqm-am209;  29.85;  35.72;   387;   631;  1012;   285;     0;     0;   -73;   -73;  11.0; drag-lps8-05; 3; 8; 125000; 3875
2023-07-22 13:30:07; hka-aqm-am209;  29.87;  35.76;   387;   629;  1235;   381;     2;     0;   -71;   -71;   9.8; drag-lps8-05; 4; 8; 125000; 3876
2023-07-22 13:31:08; hka-aqm-am209;  29.82;  35.79;   387;   634;  1173;   358;     1;     0;   -72;   -72;   8.0; drag-lps8-05; 5; 8; 125000; 3877
2023-07-22 13:31:28; hka-aqm-am209;  29.80;  35.79;   387;   644;  1107;   330;     0;     0;   -70;   -70;   8.5; drag-lps8-05; 2; 8; 125000; 3878
2023-07-22 13:31:48; hka-aqm-am209;  29.85;  35.76;   387;   639;  1049;   309;     2;     0;   -73;   -73;  10.0; drag-lps8-05; 0; 8; 125000; 3879
2023-07-22 13:32:28; hka-aqm-am209;  29.82;  35.82;   387;   634;   950;   266;     2;     0;   -72;   -72;  10.5; drag-lps8-05; 7; 8; 125000; 3880
2023-07-22 13:33:07; hka-aqm-am209;  29.81;  35.79;   387;   632;  1083;   322;     0;     0;   -72;   -72;  11.0; drag-lps8-05; 6; 8; 125000; 3881
2023-07-22 13:33:47; hka-aqm-am209;  29.82;  35.79;   387;   631;   967;   277;     0;     0;   -73;   -73;  11.0; drag-lps8-05; 0; 8; 125000; 3882
2023-07-22 13:48:53; hka-aqm-am209;  29.85;  35.69;   391;   645;   614;   168;     2;     0;   -72;   -72;  11.2; drag-lps8-05; 4; 8; 125000; 3883
2023-07-22 13:50:27; hka-aqm-am209;  29.92;  35.69;   390;   635;   808;   249;     2;     0;   -71;   -71;   7.2; drag-lps8-05; 5; 8; 125000; 3884
2023-07-22 13:50:47; hka-aqm-am209;  29.88;  35.72;   389;   632;   875;   276;     0;     0;   -71;   -71;   7.2; drag-lps8-05; 2; 8; 125000; 3885
2023-07-22 13:51:07; hka-aqm-am209;  29.91;  35.72;   388;   631;   934;   300;     0;     0;   -73;   -73;   9.8; drag-lps8-05; 3; 8; 125000; 3886
2023-07-22 13:52:06; hka-aqm-am209;  29.92;  35.72;   392;   628;   710;   202;     2;     0;   -72;   -72;  11.0; drag-lps8-05; 1; 8; 125000; 3887
2023-07-22 14:00:27; hka-aqm-am209;  29.89;  35.76;   393;   636;   931;   292;     3;     0;   -71;   -71;   7.2; drag-lps8-05; 2; 8; 125000; 3888
2023-07-22 14:00:47; hka-aqm-am209;  29.87;  35.72;   391;   634;   877;   266;     1;     0;   -73;   -73;  11.0; drag-lps8-05; 7; 8; 125000; 3889
2023-07-22 14:01:46; hka-aqm-am209;  29.85;  35.76;   397;   635;   655;   174;     5;     0;   -72;   -72;  11.0; drag-lps8-05; 4; 8; 125000; 3890
2023-07-22 14:02:48; hka-aqm-am209;  29.87;  35.79;   393;   651;   794;   231;     5;     0;   -72;   -72;  11.0; drag-lps8-05; 6; 8; 125000; 3891
2023-07-22 14:03:07; hka-aqm-am209;  29.90;  35.79;   391;   646;   902;   280;     0;     0;   -72;   -72;  10.0; drag-lps8-05; 1; 8; 125000; 3892
2023-07-22 14:11:48; hka-aqm-am209;  29.85;  35.72;   392;   667;   733;   220;     1;     0;   -72;   -72;  11.2; drag-lps8-05; 3; 8; 125000; 3893
2023-07-22 14:12:26; hka-aqm-am209;  29.86;  35.72;   394;   656;   611;   163;     1;     0;   -73;   -73;  10.5; drag-lps8-05; 0; 8; 125000; 3894
2023-07-22 14:12:48; hka-aqm-am209;  29.89;  35.72;   391;   648;   540;   137;     1;     0;   -71;   -71;   8.5; drag-lps8-05; 5; 8; 125000; 3895
2023-07-22 14:18:27; hka-aqm-am209;  29.85;  35.72;   389;   586;   779;   236;     3;     0;   -72;   -72;   8.2; drag-lps8-05; 2; 8; 125000; 3896
2023-07-22 14:19:26; hka-aqm-am209;  29.83;  35.72;   396;   601;   879;   278;     1;     0;   -70;   -70;   7.8; drag-lps8-05; 5; 8; 125000; 3897
2023-07-22 14:34:32; hka-aqm-am209;  29.95;  35.72;   390;   641;   850;   262;     3;     0;   -72;   -72;  11.8; drag-lps8-05; 3; 8; 125000; 3898
2023-07-22 14:37:26; hka-aqm-am209;  29.89;  35.69;   390;   639;   690;   194;     3;     0;   -72;   -72;  10.2; drag-lps8-05; 1; 8; 125000; 3899
2023-07-22 14:37:46; hka-aqm-am209;  29.91;  35.69;   390;   592;   601;   158;     3;     0;   -71;   -71;   9.0; drag-lps8-05; 6; 8; 125000; 3900
2023-07-22 14:38:48; hka-aqm-am209;  29.96;  35.66;   387;   629;   832;   256;     3;     0;   -72;   -72;  11.2; drag-lps8-05; 4; 8; 125000; 3901
2023-07-22 14:41:27; hka-aqm-am209;  29.86;  35.66;   392;   631;   777;   229;     1;     0;   -72;   -72;   8.8; drag-lps8-05; 0; 8; 125000; 3902
2023-07-22 14:42:26; hka-aqm-am209;  29.88;  35.66;   399;   632;   900;   276;     1;     0;   -72;   -72;   9.0; drag-lps8-05; 7; 8; 125000; 3903
2023-07-22 14:50:06; hka-aqm-am209;  29.92;  35.66;   392;   634;   840;   255;     5;     0;   -71;   -71;  10.2; drag-lps8-05; 0; 8; 125000; 3904
2023-07-22 14:50:27; hka-aqm-am209;  29.90;  35.62;   390;   635;   926;   290;     1;     0;   -71;   -71;   9.2; drag-lps8-05; 6; 8; 125000; 3905
2023-07-22 14:59:47; hka-aqm-am209;  29.93;  35.59;   392;   655;   688;   188;     4;     0;   -72;   -72;   8.5; drag-lps8-05; 2; 8; 125000; 3906
2023-07-22 15:00:28; hka-aqm-am209;  29.89;  35.59;   390;   646;   912;   285;     1;     0;   -72;   -72;   8.0; drag-lps8-05; 5; 8; 125000; 3907
2023-07-22 15:01:07; hka-aqm-am209;  29.88;  35.59;   388;   637;   831;   246;     1;     0;   -73;   -73;  11.5; drag-lps8-05; 7; 8; 125000; 3908
2023-07-22 15:01:27; hka-aqm-am209;  29.92;  35.59;   387;   637;   928;   290;     0;     0;   -72;   -72;  11.5; drag-lps8-05; 4; 8; 125000; 3909
2023-07-22 15:01:47; hka-aqm-am209;  29.88;  35.59;   387;   638;   844;   251;     1;     0;   -72;   -72;   8.8; drag-lps8-05; 3; 8; 125000; 3910
2023-07-22 15:02:08; hka-aqm-am209;  29.90;  35.59;   387;   637;   961;   304;     1;     0;   -70;   -70;  10.2; drag-lps8-05; 1; 8; 125000; 3911
2023-07-22 15:04:46; hka-aqm-am209;  29.94;  35.59;   393;   636;   740;   201;     2;     0;   -71;   -71;  10.2; drag-lps8-05; 4; 8; 125000; 3912
2023-07-22 15:06:07; hka-aqm-am209;  29.96;  35.56;   392;   657;   976;   309;     3;     0;   -72;   -72;   8.0; drag-lps8-05; 5; 8; 125000; 3913
2023-07-22 15:08:48; hka-aqm-am209;  29.97;  35.59;   391;   659;   706;   193;     1;     0;   -73;   -73;  10.5; drag-lps8-05; 0; 8; 125000; 3914
2023-07-22 15:09:07; hka-aqm-am209;  29.95;  35.59;   390;   651;   757;   217;     0;     0;   -73;   -73;  11.8; drag-lps8-05; 7; 8; 125000; 3915
2023-07-22 15:09:28; hka-aqm-am209;  29.94;  35.62;   390;   648;   896;   280;     1;     0;   -72;   -72;  11.0; drag-lps8-05; 1; 8; 125000; 3916
2023-07-22 15:12:06; hka-aqm-am209;  29.97;  35.59;   392;   640;   778;   231;     2;     0;   -72;   -72;   7.5; drag-lps8-05; 2; 8; 125000; 3917
2023-07-22 15:12:27; hka-aqm-am209;  29.94;  35.56;   391;   638;   838;   257;     2;     0;   -72;   -72;  11.2; drag-lps8-05; 6; 8; 125000; 3918
2023-07-22 15:21:47; hka-aqm-am209;  29.97;  35.52;   393;   632;   650;   174;     3;     0;   -73;   -73;  11.0; drag-lps8-05; 3; 8; 125000; 3919
2023-07-22 15:26:07; hka-aqm-am209;  29.96;  35.52;   391;   658;   791;   232;     3;     0;   -73;   -73;   8.8; drag-lps8-05; 7; 8; 125000; 3920
2023-07-22 15:26:27; hka-aqm-am209;  29.98;  35.49;   389;   651;   971;   311;     0;     0;   -69;   -69;   8.2; drag-lps8-05; 2; 8; 125000; 3921
2023-07-22 15:28:47; hka-aqm-am209;  29.99;  35.46;   392;   654;  1034;   327;     4;     0;   -71;   -71;   9.2; drag-lps8-05; 1; 8; 125000; 3922
2023-07-22 15:30:48; hka-aqm-am209;  29.95;  35.46;   392;   652;   850;   241;     0;     0;   -73;   -73;  10.5; drag-lps8-05; 3; 8; 125000; 3923
2023-07-22 15:31:28; hka-aqm-am209;  30.01;  35.46;   390;   642;   967;   296;     1;     0;   -70;   -70;  10.2; drag-lps8-05; 6; 8; 125000; 3924
2023-07-22 15:31:47; hka-aqm-am209;  30.00;  35.46;   389;   639;   865;   252;     1;     0;   -72;   -72;  10.2; drag-lps8-05; 4; 8; 125000; 3925
2023-07-22 15:33:07; hka-aqm-am209;  30.00;  35.46;   387;   642;   930;   286;     0;     0;   -71;   -71;  11.0; drag-lps8-05; 0; 8; 125000; 3926
2023-07-22 15:33:27; hka-aqm-am209;  30.00;  35.46;   387;   640;   782;   219;     0;     0;   -71;   -71;   8.5; drag-lps8-05; 5; 8; 125000; 3927
2023-07-22 15:34:46; hka-aqm-am209;  30.01;  35.46;   391;   638;   963;   299;     3;     0;   -70;   -70;  10.0; drag-lps8-05; 1; 8; 125000; 3928
2023-07-22 15:46:07; hka-aqm-am209;  30.02;  35.42;   388;   636;   951;   285;     6;     0;   -72;   -72;  10.8; drag-lps8-05; 6; 8; 125000; 3929
2023-07-22 15:46:47; hka-aqm-am209;  30.03;  35.46;   392;   641;   872;   250;     1;     0;   -72;   -72;  11.5; drag-lps8-05; 4; 8; 125000; 3930
2023-07-22 15:53:26; hka-aqm-am209;  30.04;  35.42;   392;   636;  1023;   309;     3;     0;   -72;   -72;  11.8; drag-lps8-05; 3; 8; 125000; 3931
2023-07-22 16:01:27; hka-aqm-am209;  30.09;  35.36;   390;   647;   983;   297;     4;     0;   -71;   -71;   6.8; drag-lps8-05; 2; 8; 125000; 3932
2023-07-22 16:02:27; hka-aqm-am209;  30.04;  35.32;   392;   638;   876;   251;     2;     0;   -73;   -73;  10.5; drag-lps8-05; 7; 8; 125000; 3933
2023-07-22 16:03:27; hka-aqm-am209;  30.04;  35.32;   394;   635;   792;   218;     0;     0;   -72;   -72;   8.2; drag-lps8-05; 5; 8; 125000; 3934
2023-07-22 16:09:48; hka-aqm-am209;  30.16;  35.32;   387;   638;   916;   288;     1;     0;   -73;   -73;  11.8; drag-lps8-05; 0; 8; 125000; 3935
2023-07-22 16:10:08; hka-aqm-am209;  30.13;  35.36;   387;   635;   825;   243;     1;     0;   -71;   -71;   7.2; drag-lps8-05; 5; 8; 125000; 3936
2023-07-22 16:10:27; hka-aqm-am209;  30.13;  35.36;   387;   633;   958;   307;     1;     0;   -72;   -72;  11.2; drag-lps8-05; 1; 8; 125000; 3937
2023-07-22 16:13:27; hka-aqm-am209;  30.07;  35.42;   389;   621;   722;   201;     3;     0;   -70;   -70;   7.8; drag-lps8-05; 2; 8; 125000; 3938
2023-07-22 16:15:08; hka-aqm-am209;  30.08;  35.39;   387;   633;   889;   275;     2;     0;   -73;   -73;  11.5; drag-lps8-05; 7; 8; 125000; 3939
2023-07-22 16:15:27; hka-aqm-am209;  30.11;  35.39;   387;   634;   760;   218;     2;     0;   -73;   -73;  12.5; drag-lps8-05; 0; 8; 125000; 3940
2023-07-22 16:15:49; hka-aqm-am209;  30.10;  35.39;   387;   632;   945;   303;     1;     0;   -72;   -72;  10.2; drag-lps8-05; 4; 8; 125000; 3941
2023-07-22 16:16:48; hka-aqm-am209;  30.07;  35.42;   387;   655;   828;   249;     1;     0;   -73;   -73;  10.8; drag-lps8-05; 3; 8; 125000; 3942
2023-07-22 16:17:28; hka-aqm-am209;  30.13;  35.39;   392;   646;   724;   204;     0;     0;   -71;   -71;  11.0; drag-lps8-05; 6; 8; 125000; 3943
2023-07-22 16:22:28; hka-aqm-am209;  30.07;  35.46;   388;   634;   979;   312;     3;     0;   -71;   -71;  11.0; drag-lps8-05; 3; 8; 125000; 3944
2023-07-22 16:24:46; hka-aqm-am209;  30.09;  35.46;   393;   614;   756;   211;     5;     0;   -72;   -72;   9.8; drag-lps8-05; 6; 8; 125000; 3945
2023-07-22 16:26:08; hka-aqm-am209;  30.05;  35.46;   388;   634;   936;   290;     4;     0;   -73;   -73;  10.2; drag-lps8-05; 0; 8; 125000; 3946
2023-07-22 16:41:14; hka-aqm-am209;  30.08;  35.42;   389;   570;   788;   237;     4;     0;  -130;  -130; -10.2; drag-lps8-03; 4; 8; 125000; 3947
2023-07-22 16:56:20; hka-aqm-am209;  30.00;  35.46;   393;   636;   772;   235;     4;     0;   -72;   -72;  11.0; drag-lps8-05; 7; 8; 125000; 3948
2023-07-22 17:11:29; hka-aqm-am209;  30.06;  35.42;   388;   629;   718;   215;     4;     0;   -71;   -71;  11.2; drag-lps8-05; 1; 8; 125000; 3949
2023-07-22 17:26:35; hka-aqm-am209;  30.07;  35.39;   392;   630;   629;   192;     4;     0;   -71;   -71;   8.2; drag-lps8-05; 2; 8; 125000; 3950
2023-07-22 17:41:42; hka-aqm-am209;  30.02;  35.46;   408;   624;   587;   178;     4;     0;   -71;   -71;   7.8; drag-lps8-05; 5; 8; 125000; 3951
2023-07-22 17:56:48; hka-aqm-am209;  29.99;  35.46;   400;   630;   560;   165;     4;     0;   -72;   -72;  11.5; drag-lps8-05; 1; 8; 125000; 3952
2023-07-22 18:11:54; hka-aqm-am209;  29.88;  35.46;   404;   626;   534;   155;     4;     0;   -73;   -73;   8.5; drag-lps8-05; 7; 8; 125000; 3953
2023-07-22 18:27:01; hka-aqm-am209;  29.96;  35.52;   405;   624;   543;   158;     4;     1;   -72;   -72;  11.0; drag-lps8-05; 6; 8; 125000; 3954
2023-07-22 18:57:15; hka-aqm-am209;  29.88;  35.59;   399;   630;   478;   136;     4;     1;   -71;   -71;  10.2; drag-lps8-05; 3; 8; 125000; 3956
2023-07-22 19:12:22; hka-aqm-am209;  29.84;  35.59;   404;   622;   433;   123;     4;     2;   -72;   -72;   9.0; drag-lps8-05; 0; 8; 125000; 3957
2023-07-22 19:27:29; hka-aqm-am209;  29.83;  35.59;   401;   638;   414;   119;     4;     2;   -70;   -70;   7.5; drag-lps8-05; 5; 8; 125000; 3958
2023-07-22 19:42:36; hka-aqm-am209;  29.79;  35.66;   407;   627;   377;   105;     4;     2;   -72;   -72;   8.2; drag-lps8-05; 2; 8; 125000; 3959
2023-07-22 19:57:42; hka-aqm-am209;  29.72;  35.69;   400;   626;   305;    86;     4;     2;   -72;   -72;   8.0; drag-lps8-05; 5; 8; 125000; 3960
2023-07-22 20:12:49; hka-aqm-am209;  29.63;  35.79;   404;   623;   235;    67;     4;     2;   -71;   -71;   7.5; drag-lps8-05; 2; 8; 125000; 3961
2023-07-22 20:27:55; hka-aqm-am209;  29.62;  35.86;   407;   624;   155;    42;     4;     2;   -71;   -71;  10.8; drag-lps8-05; 1; 8; 125000; 3962
2023-07-22 20:43:02; hka-aqm-am209;  29.52;  35.99;   399;   648;    93;    25;     4;     2;  -131;  -131; -12.2; drag-lps8-03; 4; 8; 125000; 3963
2023-07-22 20:58:08; hka-aqm-am209;  29.43;  36.16;   400;   629;    36;    10;     4;     2;   -73;   -73;  11.5; drag-lps8-05; 0; 8; 125000; 3964
2023-07-22 21:13:15; hka-aqm-am209;  29.36;  36.19;   400;   629;    12;     4;     4;     2;   -72;   -72;   9.8; drag-lps8-05; 6; 8; 125000; 3965
2023-07-22 21:28:21; hka-aqm-am209;  29.31;  36.29;   398;   629;     6;     1;     4;     2;   -73;   -73;  11.8; drag-lps8-05; 3; 8; 125000; 3966
2023-07-22 21:43:28; hka-aqm-am209;  29.34;  36.12;   403;   628;     5;     1;     4;     2;   -73;   -73;   9.5; drag-lps8-05; 7; 8; 125000; 3967
2023-07-22 21:58:35; hka-aqm-am209;  29.28;  36.29;   399;   626;     5;     1;     4;     2;   -73;   -73;   9.0; drag-lps8-05; 0; 8; 125000; 3968
2023-07-22 22:13:41; hka-aqm-am209;  29.24;  36.35;   403;   606;     5;     0;     4;     2;   -71;   -71;   7.0; drag-lps8-05; 2; 8; 125000; 3969
2023-07-22 22:28:49; hka-aqm-am209;  29.20;  36.39;   397;   627;     5;     0;     4;     2;   -69;   -69;   8.2; drag-lps8-05; 5; 8; 125000; 3970
2023-07-22 22:43:55; hka-aqm-am209;  29.13;  36.45;   399;   626;     5;     0;     4;     2;   -70;   -70;   9.5; drag-lps8-05; 4; 8; 125000; 3971
2023-07-22 22:59:02; hka-aqm-am209;  29.10;  36.52;   396;   631;     5;     1;     4;     2;   -70;   -70;  10.8; drag-lps8-05; 1; 8; 125000; 3972
2023-07-22 23:14:10; hka-aqm-am209;  29.08;  36.59;   401;   633;     5;     0;     4;     2;   -73;   -73;  11.8; drag-lps8-05; 3; 8; 125000; 3973
2023-07-22 23:29:16; hka-aqm-am209;  29.04;  36.65;   404;   627;     5;     1;     4;     2;   -71;   -71;  11.5; drag-lps8-05; 6; 8; 125000; 3974
2023-07-22 23:44:22; hka-aqm-am209;  28.97;  36.75;   396;   629;     5;     0;     4;     2;   -73;   -73;  11.8; drag-lps8-05; 7; 8; 125000; 3975
2023-07-22 23:59:30; hka-aqm-am209;  28.97;  36.79;   402;   604;     5;     1;     4;     2;   -72;   -72;   7.8; drag-lps8-05; 2; 8; 125000; 3976
