# Logfile LoRaWAN TTN/TTS V3 logger version hka-log V 1.1
date_time;device_id;tmp;hum;CO2;VOC;vis;IR;WIFI;BLE;rssi;channel_rssi;snr;gateway;channel_index;spreading_factor;bandwidth;f_cnt
2023-06-23 00:01:40; hka-aqm-am210;  28.77;  46.14;   671;  1395;     4;     2;     5;    28;   -78;   -78;  12.2; drag-lps8-05; 4; 8; 125000; 19626
2023-06-23 00:16:46; hka-aqm-am210;  28.56;  46.72;   659;  1217;     4;     0;     2;     0;   -76;   -76;   8.2; drag-lps8-05; 2; 8; 125000; 19627
2023-06-23 00:31:52; hka-aqm-am210;  28.44;  47.01;   650;  1223;     4;     0;     3;     0;   -78;   -78;  11.8; drag-lps8-05; 6; 8; 125000; 19628
2023-06-23 00:47:00; hka-aqm-am210;  28.38;  47.10;   642;  1182;     6;     2;     5;    28;   -78;   -78;   9.0; drag-lps8-05; 5; 8; 125000; 19629
2023-06-23 01:02:06; hka-aqm-am210;  28.37;  47.20;   644;  1203;     4;     0;     1;     0;   -79;   -79;  12.5; drag-lps8-05; 7; 8; 125000; 19630
2023-06-23 01:17:12; hka-aqm-am210;  28.33;  47.23;   628;  1127;     4;     0;     2;     0;   -78;   -78;  11.8; drag-lps8-05; 0; 8; 125000; 19631
2023-06-23 01:32:19; hka-aqm-am210;  28.28;  47.33;   623;  1118;     4;     1;     5;    28;   -74;   -74;  10.0; drag-lps8-05; 1; 8; 125000; 19632
2023-06-23 01:47:26; hka-aqm-am210;  28.32;  47.23;   618;  1085;     4;     0;     1;     0;   -78;   -78;  12.5; drag-lps8-05; 0; 8; 125000; 19633
2023-06-23 02:02:32; hka-aqm-am210;  28.33;  47.20;   620;  1068;     5;     1;     1;     0;   -78;   -78;  11.0; drag-lps8-05; 4; 8; 125000; 19634
2023-06-23 02:17:39; hka-aqm-am210;  28.41;  47.01;   615;  1047;     4;     1;     5;    28;   -76;   -76;  11.0; drag-lps8-05; 1; 8; 125000; 19635
2023-06-23 02:32:46; hka-aqm-am210;  28.37;  47.07;   611;  1072;     6;     2;     1;     0;   -79;   -79;  10.5; drag-lps8-05; 3; 8; 125000; 19636
2023-06-23 02:47:52; hka-aqm-am210;  28.36;  47.13;   604;  1034;     4;     1;     2;     0;   -77;   -77;  10.8; drag-lps8-05; 7; 8; 125000; 19637
2023-06-23 03:02:59; hka-aqm-am210;  28.38;  47.04;   599;   981;     4;     0;     5;    28;   -76;   -76;   8.2; drag-lps8-05; 2; 8; 125000; 19638
2023-06-23 03:18:06; hka-aqm-am210;  28.40;  46.94;   604;   993;     4;     0;     0;     0;   -78;   -78;   9.2; drag-lps8-05; 5; 8; 125000; 19639
2023-06-23 03:33:12; hka-aqm-am210;  28.36;  47.01;   591;  1010;     4;     0;     0;     0;   -78;   -78;  11.8; drag-lps8-05; 6; 8; 125000; 19640
2023-06-23 03:48:19; hka-aqm-am210;  28.38;  46.97;   590;   994;     4;     0;     5;    28;   -77;   -77;  11.8; drag-lps8-05; 1; 8; 125000; 19641
2023-06-23 04:03:26; hka-aqm-am210;  28.39;  46.94;   582;   942;     4;     0;     1;     0;   -79;   -79;  10.5; drag-lps8-05; 3; 8; 125000; 19642
2023-06-23 04:18:32; hka-aqm-am210;  28.45;  46.78;   579;   953;     4;     0;     0;     0;   -78;   -78;  11.2; drag-lps8-05; 7; 8; 125000; 19643
2023-06-23 04:33:39; hka-aqm-am210;  28.50;  46.62;   576;   940;     4;     1;     5;    28;   -76;   -76;   8.2; drag-lps8-05; 2; 8; 125000; 19644
2023-06-23 04:48:45; hka-aqm-am210;  28.46;  46.72;   573;   925;     5;     1;     1;     0;   -78;   -78;  10.8; drag-lps8-05; 4; 8; 125000; 19645
2023-06-23 05:03:52; hka-aqm-am210;  28.46;  46.62;   565;   923;     5;     1;     1;     0;   -78;   -78;   8.0; drag-lps8-05; 5; 8; 125000; 19646
2023-06-23 05:18:59; hka-aqm-am210;  28.47;  46.62;   561;   924;     8;     2;     5;    28;   -78;   -78;  12.0; drag-lps8-05; 6; 8; 125000; 19647
2023-06-23 05:34:05; hka-aqm-am210;  28.44;  46.65;   557;   897;     9;     2;     2;     0;   -78;   -78;  12.0; drag-lps8-05; 0; 8; 125000; 19648
2023-06-23 05:49:11; hka-aqm-am210;  28.47;  46.52;   556;   864;    13;     3;     2;     0;   -79;   -79;  10.8; drag-lps8-05; 3; 8; 125000; 19649
2023-06-23 06:04:18; hka-aqm-am210;  28.30;  46.75;   549;   902;    18;     4;     5;    28;   -75;   -75;  10.5; drag-lps8-05; 1; 8; 125000; 19650
2023-06-23 06:19:24; hka-aqm-am210;  27.80;  46.07;   549;   852;    37;    11;     2;     0;   -78;   -78;  12.2; drag-lps8-05; 6; 8; 125000; 19651
2023-06-23 06:34:30; hka-aqm-am210;  27.43;  45.56;   550;   827;    36;     8;     1;     0;   -79;   -79;  11.0; drag-lps8-05; 7; 8; 125000; 19652
2023-06-23 06:49:39; hka-aqm-am210;  27.17;  45.75;   546;   804;    92;    26;     5;    28;   -78;   -78;  10.8; drag-lps8-05; 4; 8; 125000; 19653
2023-06-23 07:04:18; hka-aqm-am210;  27.02;  45.75;   536;   809;   350;   101;     5;    28;   -76;   -76;   8.5; drag-lps8-05; 2; 8; 125000; 19654
2023-06-23 07:11:18; hka-aqm-am210;  27.00;  45.62;   534;   734;   264;    70;     3;     0;   -78;   -78;   8.2; drag-lps8-05; 5; 8; 125000; 19655
2023-06-23 07:26:24; hka-aqm-am210;  27.09;  47.68;   529;   755;   322;    87;     2;     0;   -76;   -76;   9.8; drag-lps8-05; 0; 8; 125000; 19656
2023-06-23 07:27:58; hka-aqm-am210;  27.13;  48.13;   525;   818;   630;   134;     4;     0;   -78;   -78;  11.5; drag-lps8-05; 3; 8; 125000; 19657
2023-06-23 07:39:17; hka-aqm-am210;  27.50;  49.70;   546;   832;   715;   125;     3;     0;   -76;   -76;   8.2; drag-lps8-05; 6; 8; 125000; 19658
2023-06-23 07:43:56; hka-aqm-am210;  27.57;  49.54;   541;   794;   691;   117;     3;     0;   -77;   -77;  10.5; drag-lps8-05; 4; 8; 125000; 19659
2023-06-23 07:47:18; hka-aqm-am210;  27.64;  49.41;   537;   846;   801;   153;     2;     0;   -77;   -77;  11.5; drag-lps8-05; 7; 8; 125000; 19660
2023-06-23 07:51:17; hka-aqm-am210;  27.66;  48.83;   535;   845;   733;   127;     3;     0;   -75;   -75;  12.0; drag-lps8-05; 1; 8; 125000; 19661
2023-06-23 07:53:39; hka-aqm-am210;  27.68;  48.58;   537;   832;   739;   128;     2;     0;  -124;  -124;  -9.2; drag-lps8-03; 5; 8; 125000; 19662
2023-06-23 07:55:36; hka-aqm-am210;  27.70;  48.48;   543;   864;   422;   116;     2;     0;   -77;   -77;  10.8; drag-lps8-05; 0; 8; 125000; 19663
2023-06-23 08:04:16; hka-aqm-am210;  27.60;  48.19;   548;   812;   357;    91;     3;     0;   -75;   -75;   8.5; drag-lps8-05; 2; 8; 125000; 19664
2023-06-23 08:04:38; hka-aqm-am210;  27.61;  48.26;   546;   820;   452;   124;     2;     0;   -79;   -79;  10.8; drag-lps8-05; 3; 8; 125000; 19665
2023-06-23 08:06:57; hka-aqm-am210;  27.56;  47.84;   548;   887;   350;    88;     4;     0;   -78;   -78;  11.8; drag-lps8-05; 7; 8; 125000; 19666
2023-06-23 08:07:56; hka-aqm-am210;  27.52;  47.87;   546;   885;   405;   106;     3;     0;   -76;   -76;  10.5; drag-lps8-05; 0; 8; 125000; 19667
2023-06-23 08:14:59; hka-aqm-am210;  27.42;  47.30;   540;   867;   320;    84;     4;     0;   -73;   -73;   8.8; drag-lps8-05; 2; 8; 125000; 19668
2023-06-23 08:30:05; hka-aqm-am210;  27.13;  46.59;   541;   839;   223;    55;     3;     0;   -78;   -78;   8.8; drag-lps8-05; 5; 8; 125000; 19669
2023-06-23 08:34:58; hka-aqm-am210;  27.03;  46.33;   537;   848;   350;    94;     4;     0;   -76;   -76;  10.2; drag-lps8-05; 6; 8; 125000; 19670
2023-06-23 08:35:18; hka-aqm-am210;  27.06;  46.33;   537;   844;   279;    70;     1;     0;   -76;   -76;  11.8; drag-lps8-05; 1; 8; 125000; 19671
2023-06-23 08:35:38; hka-aqm-am210;  27.06;  46.33;   537;   848;   369;    99;     1;     0;   -77;   -77;  10.2; drag-lps8-05; 4; 8; 125000; 19672
2023-06-23 08:35:57; hka-aqm-am210;  27.03;  46.27;   537;   858;   271;    66;     1;     0;   -78;   -78;   8.8; drag-lps8-05; 5; 8; 125000; 19673
2023-06-23 08:37:39; hka-aqm-am210;  27.06;  46.20;   542;   846;   360;    98;     3;     0;   -76;   -76;  11.0; drag-lps8-05; 0; 8; 125000; 19674
2023-06-23 08:37:58; hka-aqm-am210;  27.06;  46.10;   540;   843;   268;    65;     2;     0;   -78;   -78;  10.5; drag-lps8-05; 4; 8; 125000; 19675
2023-06-23 08:42:36; hka-aqm-am210;  27.00;  45.98;   549;   782;   430;   114;     3;     0;   -76;   -76;  10.5; drag-lps8-05; 6; 8; 125000; 19676
2023-06-23 08:44:17; hka-aqm-am210;  26.97;  45.98;   541;   848;   266;    61;     2;     0;   -79;   -79;  12.0; drag-lps8-05; 3; 8; 125000; 19677
2023-06-23 08:45:37; hka-aqm-am210;  26.95;  46.07;   541;   841;   401;   105;     3;     0;   -77;   -77;   8.2; drag-lps8-05; 2; 8; 125000; 19678
2023-06-23 08:46:36; hka-aqm-am210;  26.97;  46.07;   542;   842;   315;    78;     3;     0;   -75;   -75;  11.2; drag-lps8-05; 1; 8; 125000; 19679
2023-06-23 08:50:57; hka-aqm-am210;  26.95;  46.14;   541;   835;   287;    70;     2;     0;   -78;   -78;  12.5; drag-lps8-05; 7; 8; 125000; 19680
2023-06-23 08:51:38; hka-aqm-am210;  26.94;  46.14;   538;   842;   329;    84;     1;     0;   -75;   -75;  11.5; drag-lps8-05; 1; 8; 125000; 19681
2023-06-23 09:06:44; hka-aqm-am210;  26.86;  46.01;   536;   831;   451;   116;     1;     0;   -75;   -75;   8.2; drag-lps8-05; 2; 8; 125000; 19682
2023-06-23 09:13:58; hka-aqm-am210;  26.85;  46.07;   533;   816;   381;    95;     3;     0;   -77;   -77;  10.8; drag-lps8-05; 7; 8; 125000; 19683
2023-06-23 09:14:18; hka-aqm-am210;  26.82;  46.07;   533;   823;   513;   138;     2;     0;   -77;   -77;   8.8; drag-lps8-05; 5; 8; 125000; 19684
2023-06-23 09:15:56; hka-aqm-am210;  26.83;  46.01;   540;   798;   454;   118;     3;     0;   -78;   -78;  12.5; drag-lps8-05; 0; 8; 125000; 19685
2023-06-23 09:16:18; hka-aqm-am210;  26.84;  46.04;   538;   793;   508;   137;     2;     0;   -79;   -79;  11.2; drag-lps8-05; 3; 8; 125000; 19686
2023-06-23 09:16:37; hka-aqm-am210;  26.84;  46.04;   536;   773;   379;    94;     2;     0;   -78;   -78;  12.2; drag-lps8-05; 6; 8; 125000; 19687
2023-06-23 09:17:57; hka-aqm-am210;  26.85;  46.01;   534;   872;   498;   133;     3;     0;   -78;   -78;  11.8; drag-lps8-05; 4; 8; 125000; 19688
2023-06-23 09:19:38; hka-aqm-am210;  26.88;  45.98;   535;   851;   386;    96;     4;     0;   -77;   -77;   8.0; drag-lps8-05; 5; 8; 125000; 19689
2023-06-23 09:20:38; hka-aqm-am210;  26.85;  45.94;   536;   833;   553;   150;     3;     0;   -75;   -75;   9.0; drag-lps8-05; 2; 8; 125000; 19690
2023-06-23 09:22:58; hka-aqm-am210;  26.80;  45.91;   534;   832;   361;    90;     3;     0;   -75;   -75;  11.0; drag-lps8-05; 1; 8; 125000; 19691
2023-06-23 09:24:17; hka-aqm-am210;  26.82;  45.81;   533;   826;   454;   121;     2;     0;   -78;   -78;  12.2; drag-lps8-05; 4; 8; 125000; 19692
2023-06-23 09:26:38; hka-aqm-am210;  26.81;  45.75;   531;   820;   389;   100;     2;     0;   -78;   -78;  12.0; drag-lps8-05; 0; 8; 125000; 19693
2023-06-23 09:27:17; hka-aqm-am210;  26.80;  45.75;   531;   823;   464;   126;     2;     1;   -77;   -77;  11.0; drag-lps8-05; 7; 8; 125000; 19694
2023-06-23 09:27:57; hka-aqm-am210;  26.84;  45.65;   531;   819;   372;    96;     2;     1;   -79;   -79;  11.8; drag-lps8-05; 3; 8; 125000; 19695
2023-06-23 09:28:37; hka-aqm-am210;  26.82;  45.68;   532;   821;   307;    77;     3;     1;   -77;   -77;  11.0; drag-lps8-05; 6; 8; 125000; 19696
2023-06-23 09:30:19; hka-aqm-am210;  26.81;  45.78;   532;   809;   370;    96;     3;     0;   -77;   -77;   8.5; drag-lps8-05; 2; 8; 125000; 19697
2023-06-23 09:30:37; hka-aqm-am210;  26.81;  45.78;   532;   815;   313;    77;     1;     0;   -77;   -77;  10.2; drag-lps8-05; 0; 8; 125000; 19698
2023-06-23 09:31:17; hka-aqm-am210;  26.82;  45.72;   532;   817;   417;   109;     4;     0;   -77;   -77;  10.8; drag-lps8-05; 4; 8; 125000; 19699
2023-06-23 09:32:59; hka-aqm-am210;  26.81;  45.75;   533;   792;   305;    75;     4;     0;   -76;   -76;  10.2; drag-lps8-05; 6; 8; 125000; 19700
2023-06-23 09:33:38; hka-aqm-am210;  26.79;  45.81;   532;   740;   371;   100;     3;     0;   -79;   -79;  11.0; drag-lps8-05; 3; 8; 125000; 19701
2023-06-23 09:33:58; hka-aqm-am210;  26.75;  45.81;   531;   742;   303;    75;     3;     0;   -76;   -76;   8.0; drag-lps8-05; 5; 8; 125000; 19702
2023-06-23 09:38:18; hka-aqm-am210;  26.74;  45.81;   532;   811;   289;    71;     4;     0;   -78;   -78;  11.5; drag-lps8-05; 7; 8; 125000; 19703
2023-06-23 09:40:17; hka-aqm-am210;  26.75;  45.81;   532;   799;   303;    76;     2;     0;   -76;   -76;  11.0; drag-lps8-05; 1; 8; 125000; 19704
2023-06-23 09:41:18; hka-aqm-am210;  26.75;  45.75;   532;   803;   296;    74;     2;     0;   -78;   -78;  12.5; drag-lps8-05; 7; 8; 125000; 19705
2023-06-23 09:42:39; hka-aqm-am210;  26.72;  45.72;   533;   805;   259;    61;     3;     0;   -79;   -79;  11.5; drag-lps8-05; 3; 8; 125000; 19706
2023-06-23 09:43:16; hka-aqm-am210;  26.72;  45.68;   536;   806;   322;    82;     1;     0;   -77;   -77;   8.2; drag-lps8-05; 5; 8; 125000; 19707
2023-06-23 09:44:58; hka-aqm-am210;  26.68;  45.56;   535;   796;   393;   105;     1;     0;   -77;   -77;  11.0; drag-lps8-05; 6; 8; 125000; 19708
2023-06-23 09:47:16; hka-aqm-am210;  26.73;  45.62;   535;   803;   319;    77;     2;     2;   -77;   -77;  10.5; drag-lps8-05; 0; 8; 125000; 19709
2023-06-23 09:47:37; hka-aqm-am210;  26.75;  45.68;   533;   806;   375;    97;     2;     1;   -75;   -75;   9.8; drag-lps8-05; 1; 8; 125000; 19710
2023-06-23 09:48:36; hka-aqm-am210;  26.74;  45.68;   534;   806;   306;    76;     1;     1;   -76;   -76;   8.8; drag-lps8-05; 2; 8; 125000; 19711
2023-06-23 09:48:58; hka-aqm-am210;  26.69;  45.68;   533;   748;   372;    96;     1;     1;   -77;   -77;  10.0; drag-lps8-05; 4; 8; 125000; 19712
2023-06-23 09:50:57; hka-aqm-am210;  26.76;  45.65;   533;   809;   299;    73;     2;     1;   -77;   -77;  10.2; drag-lps8-05; 6; 8; 125000; 19713
2023-06-23 09:52:57; hka-aqm-am210;  26.72;  45.68;   531;   824;   401;   104;     3;     1;   -77;   -77;  10.2; drag-lps8-05; 4; 8; 125000; 19714
2023-06-23 09:53:38; hka-aqm-am210;  26.71;  45.75;   532;   817;   315;    77;     2;     1;   -79;   -79;  11.2; drag-lps8-05; 7; 8; 125000; 19715
2023-06-23 09:54:36; hka-aqm-am210;  26.69;  45.75;   539;   810;   412;   109;     2;     1;   -75;   -75;   8.0; drag-lps8-05; 2; 8; 125000; 19716
2023-06-23 10:04:17; hka-aqm-am210;  26.75;  45.62;   550;   816;   306;    75;     4;     1;   -76;   -76;  11.5; drag-lps8-05; 1; 8; 125000; 19717
2023-06-23 10:06:36; hka-aqm-am210;  26.76;  45.56;   554;   778;   427;   116;     3;     0;   -78;   -78;  10.0; drag-lps8-05; 3; 8; 125000; 19718
2023-06-23 10:07:59; hka-aqm-am210;  26.73;  45.56;   552;   802;   323;    84;     2;     0;   -77;   -77;  12.0; drag-lps8-05; 0; 8; 125000; 19719
2023-06-23 10:11:17; hka-aqm-am210;  26.72;  45.65;   555;   819;   446;   125;     3;     0;   -78;   -78;   8.8; drag-lps8-05; 5; 8; 125000; 19720
2023-06-23 10:11:39; hka-aqm-am210;  26.72;  45.65;   555;   812;   322;    83;     2;     0;   -76;   -76;   8.2; drag-lps8-05; 2; 8; 125000; 19721
2023-06-23 10:16:38; hka-aqm-am210;  26.75;  45.56;   555;   814;   421;   113;     3;     2;   -79;   -79;  12.8; drag-lps8-05; 4; 8; 125000; 19722
2023-06-23 10:18:56; hka-aqm-am210;  26.73;  45.49;   562;   769;   373;    97;     3;     2;   -76;   -76;  10.5; drag-lps8-05; 6; 8; 125000; 19723
2023-06-23 10:19:17; hka-aqm-am210;  26.76;  45.56;   560;   774;   513;   144;     3;     1;   -78;   -78;  12.0; drag-lps8-05; 3; 8; 125000; 19724
2023-06-23 10:20:19; hka-aqm-am210;  26.73;  45.56;   558;   801;   347;    88;     4;     1;   -78;   -78;   8.2; drag-lps8-05; 5; 8; 125000; 19725
2023-06-23 10:22:56; hka-aqm-am210;  26.76;  45.56;   565;   825;   431;   115;     4;     1;   -74;   -74;  10.5; drag-lps8-05; 1; 8; 125000; 19726
2023-06-23 10:23:18; hka-aqm-am210;  26.74;  45.56;   563;   819;   524;   147;     2;     1;   -77;   -77;  11.5; drag-lps8-05; 0; 8; 125000; 19727
2023-06-23 10:26:17; hka-aqm-am210;  26.76;  45.56;   561;   811;   339;    86;     3;     1;   -78;   -78;  12.5; drag-lps8-05; 7; 8; 125000; 19728
2023-06-23 10:27:38; hka-aqm-am210;  26.68;  45.56;   561;   812;   501;   138;     2;     1;   -79;   -79;  12.2; drag-lps8-05; 4; 8; 125000; 19729
2023-06-23 10:29:57; hka-aqm-am210;  26.75;  45.56;   564;   763;   357;    95;     3;     1;   -78;   -78;   9.0; drag-lps8-05; 5; 8; 125000; 19730
2023-06-23 10:31:37; hka-aqm-am210;  26.70;  45.49;   564;   808;   391;   104;     2;     8;   -78;   -78;  10.2; drag-lps8-05; 0; 8; 125000; 19731
2023-06-23 10:32:58; hka-aqm-am210;  26.70;  45.49;   565;   819;   483;   136;     4;    17;   -76;   -76;  10.2; drag-lps8-05; 6; 8; 125000; 19732
2023-06-23 10:33:18; hka-aqm-am210;  26.73;  45.46;   564;   823;   364;    95;     4;    16;   -78;   -78;  12.5; drag-lps8-05; 7; 8; 125000; 19733
2023-06-23 10:34:37; hka-aqm-am210;  26.71;  45.46;   568;   829;   271;    65;     4;    17;   -75;   -75;   8.5; drag-lps8-05; 2; 8; 125000; 19734
2023-06-23 10:35:18; hka-aqm-am210;  26.67;  45.39;   565;   819;   429;   116;     2;    15;   -75;   -75;  11.5; drag-lps8-05; 1; 8; 125000; 19735
2023-06-23 10:35:57; hka-aqm-am210;  26.72;  45.39;   564;   817;   348;    88;     2;    16;   -78;   -78;  10.0; drag-lps8-05; 3; 8; 125000; 19736
2023-06-23 10:36:36; hka-aqm-am210;  26.71;  45.36;   569;   809;   435;   121;     2;    16;   -78;   -78;  12.8; drag-lps8-05; 6; 8; 125000; 19737
2023-06-23 10:36:57; hka-aqm-am210;  26.72;  45.39;   568;   810;   353;    91;     2;    13;   -78;   -78;  11.5; drag-lps8-05; 3; 8; 125000; 19738
2023-06-23 10:37:36; hka-aqm-am210;  26.68;  45.39;   571;   809;   280;    68;     3;    13;  -127;  -127; -10.0; drag-lps8-03; 4; 8; 125000; 19739
2023-06-23 10:38:38; hka-aqm-am210;  26.67;  45.39;   565;   805;   452;   123;     3;    15;   -70;   -70;   7.5; drag-lps8-05; 2; 8; 125000; 19740
2023-06-23 10:40:18; hka-aqm-am210;  26.71;  45.36;   565;   765;   368;    97;     5;    13;   -77;   -77;  11.0; drag-lps8-05; 7; 8; 125000; 19741
2023-06-23 10:41:19; hka-aqm-am210;  26.71;  45.39;   567;   791;   287;    71;     2;    12;   -77;   -77;  11.5; drag-lps8-05; 0; 8; 125000; 19742
2023-06-23 10:41:38; hka-aqm-am210;  26.71;  45.36;   567;   790;   220;    50;     2;    12;   -75;   -75;  11.2; drag-lps8-05; 1; 8; 125000; 19743
2023-06-23 10:45:18; hka-aqm-am210;  26.65;  45.39;   570;   801;   478;   138;     3;    15;   -75;   -75;   8.2; drag-lps8-05; 5; 8; 125000; 19744
2023-06-23 10:50:38; hka-aqm-am210;  26.75;  45.04;   570;   779;   462;   128;     4;    19;   -74;   -74;  10.2; drag-lps8-05; 6; 8; 125000; 19745
2023-06-23 10:51:18; hka-aqm-am210;  26.72;  45.04;   568;   833;   594;   175;     3;    21;   -76;   -76;  12.2; drag-lps8-05; 1; 8; 125000; 19746
2023-06-23 10:51:38; hka-aqm-am210;  26.74;  44.97;   567;   848;   398;   105;     3;    21;   -75;   -75;   8.8; drag-lps8-05; 2; 8; 125000; 19747
2023-06-23 10:52:36; hka-aqm-am210;  26.72;  44.97;   571;   831;   626;   184;     3;    20;   -77;   -77;  11.5; drag-lps8-05; 0; 8; 125000; 19748
2023-06-23 10:53:19; hka-aqm-am210;  26.73;  44.91;   569;   821;   557;   160;     2;    25;   -79;   -79;  11.5; drag-lps8-05; 4; 8; 125000; 19749
2023-06-23 10:53:37; hka-aqm-am210;  26.77;  44.91;   568;   813;   488;   136;     2;    29;   -77;   -77;   8.5; drag-lps8-05; 5; 8; 125000; 19750
2023-06-23 10:54:16; hka-aqm-am210;  26.75;  44.94;   571;   814;   573;   167;     3;    29;   -79;   -79;  11.0; drag-lps8-05; 3; 8; 125000; 19751
2023-06-23 10:54:58; hka-aqm-am210;  26.76;  44.88;   568;   819;   624;   186;     4;    22;   -78;   -78;  11.8; drag-lps8-05; 7; 8; 125000; 19752
2023-06-23 10:58:18; hka-aqm-am210;  26.82;  44.91;   562;   823;   415;   118;     3;    24;   -78;   -78;  12.0; drag-lps8-05; 0; 8; 125000; 19753
2023-06-23 10:58:38; hka-aqm-am210;  26.86;  44.97;   562;   807;   470;   135;     2;    24;   -78;   -78;  11.5; drag-lps8-05; 4; 8; 125000; 19754
2023-06-23 10:58:58; hka-aqm-am210;  26.78;  44.94;   562;   800;   528;   158;     2;    23;   -75;   -75;  11.8; drag-lps8-05; 1; 8; 125000; 19755
2023-06-23 10:59:17; hka-aqm-am210;  26.80;  44.94;   561;   815;   472;   139;     3;    22;   -74;   -74;   8.2; drag-lps8-05; 2; 8; 125000; 19756
2023-06-23 10:59:38; hka-aqm-am210;  26.82;  44.91;   562;   857;   374;   105;     3;    24;   -77;   -77;  10.2; drag-lps8-05; 7; 8; 125000; 19757
2023-06-23 11:03:38; hka-aqm-am210;  26.90;  45.10;   556;   751;   483;   138;     3;    25;   -77;   -77;  10.8; drag-lps8-05; 6; 8; 125000; 19758
2023-06-23 11:04:17; hka-aqm-am210;  26.98;  44.84;   544;   728;   562;   169;     2;    22;   -78;   -78;   8.5; drag-lps8-05; 5; 8; 125000; 19759
2023-06-23 11:04:58; hka-aqm-am210;  26.97;  44.75;   537;   729;   471;   138;     3;    22;   -79;   -79;  11.5; drag-lps8-05; 3; 8; 125000; 19760
2023-06-23 11:05:17; hka-aqm-am210;  26.92;  44.81;   536;   728;   328;    87;     3;    21;   -77;   -77;  11.0; drag-lps8-05; 7; 8; 125000; 19761
2023-06-23 11:07:58; hka-aqm-am210;  27.14;  44.36;   525;   627;   530;   159;     3;    23;   -72;   -72;   8.8; drag-lps8-05; 2; 8; 125000; 19762
2023-06-23 11:08:18; hka-aqm-am210;  27.14;  44.29;   523;   623;   470;   138;     4;    23;   -73;   -73;  10.8; drag-lps8-05; 1; 8; 125000; 19763
2023-06-23 11:08:57; hka-aqm-am210;  27.08;  44.26;   522;   610;   303;    79;     4;    23;   -75;   -75;  11.5; drag-lps8-05; 0; 8; 125000; 19764
2023-06-23 11:11:18; hka-aqm-am210;  27.04;  44.13;   505;   599;   510;   150;     5;    26;   -76;   -76;   8.8; drag-lps8-05; 5; 8; 125000; 19765
2023-06-23 11:12:37; hka-aqm-am210;  27.10;  43.90;   504;   597;   418;   116;     3;    24;   -75;   -75;  11.5; drag-lps8-05; 6; 8; 125000; 19766
2023-06-23 11:12:57; hka-aqm-am210;  27.06;  44.00;   504;   595;   532;   154;     3;    24;   -75;   -75;  10.5; drag-lps8-05; 4; 8; 125000; 19767
2023-06-23 11:13:58; hka-aqm-am210;  27.16;  44.03;   507;   607;   388;   106;     3;    29;   -78;   -78;  12.2; drag-lps8-05; 3; 8; 125000; 19768
2023-06-23 11:14:36; hka-aqm-am210;  27.15;  43.81;   512;   602;   460;   128;     2;    31;   -73;   -73;  10.8; drag-lps8-05; 1; 8; 125000; 19769
2023-06-23 11:14:57; hka-aqm-am210;  27.16;  44.00;   510;   599;   544;   161;     1;    31;   -73;   -73;  10.5; drag-lps8-05; 6; 8; 125000; 19770
2023-06-23 11:20:17; hka-aqm-am210;  27.06;  44.62;   576;   742;   401;   111;     4;    32;   -83;   -83;   8.8; drag-lps8-05; 2; 8; 125000; 19771
2023-06-23 11:20:58; hka-aqm-am210;  27.11;  45.10;   589;   709;   503;   145;     4;    37;   -88;   -88;  11.0; drag-lps8-05; 4; 8; 125000; 19772
2023-06-23 11:21:17; hka-aqm-am210;  27.14;  44.62;   594;   699;   451;   125;     4;    37;   -93;   -93;  11.5; drag-lps8-05; 7; 8; 125000; 19773
2023-06-23 11:21:38; hka-aqm-am210;  27.11;  44.65;   598;   701;   565;   168;     4;    37;   -90;   -90;   8.2; drag-lps8-05; 5; 8; 125000; 19774
2023-06-23 11:27:17; hka-aqm-am210;  27.31;  44.29;   622;   762;   512;   149;     6;    38;   -90;   -90;  12.2; drag-lps8-05; 0; 8; 125000; 19775
2023-06-23 11:27:38; hka-aqm-am210;  27.29;  44.36;   620;   766;   410;   114;     3;    36;   -93;   -93;  10.2; drag-lps8-05; 3; 8; 125000; 19776
2023-06-23 11:30:37; hka-aqm-am210;  27.30;  44.65;   611;   749;   591;   180;     4;    34;   -82;   -82;   7.8; drag-lps8-05; 2; 8; 125000; 19777
2023-06-23 11:32:17; hka-aqm-am210;  27.36;  44.46;   618;   756;   330;    92;     3;    32;   -84;   -84;  10.5; drag-lps8-05; 3; 8; 125000; 19778
2023-06-23 11:33:37; hka-aqm-am210;  27.43;  44.39;   616;   766;   354;    97;     2;    30;   -84;   -84;  11.8; drag-lps8-05; 4; 8; 125000; 19779
2023-06-23 11:33:58; hka-aqm-am210;  27.42;  44.49;   615;   753;   253;    65;     2;    31;   -79;   -79;  11.2; drag-lps8-05; 1; 8; 125000; 19780
2023-06-23 11:38:56; hka-aqm-am210;  27.49;  44.55;   628;   793;   438;   122;     4;    31;   -82;   -82;   8.0; drag-lps8-05; 5; 8; 125000; 19781
2023-06-23 11:39:37; hka-aqm-am210;  27.50;  44.65;   630;   787;   285;    70;     2;    23;   -80;   -80;   9.8; drag-lps8-05; 6; 8; 125000; 19782
2023-06-23 11:39:57; hka-aqm-am210;  27.51;  44.65;   632;   782;   439;   121;     2;    23;   -80;   -80;  10.5; drag-lps8-05; 7; 8; 125000; 19783
2023-06-23 11:55:03; hka-aqm-am210;  27.58;  44.46;   708;   825;   525;   150;     0;    36;   -85;   -85;  12.2; drag-lps8-05; 0; 8; 125000; 19784
2023-06-23 11:55:36; hka-aqm-am210;  27.61;  44.46;   708;   804;   459;   130;     5;    37;   -85;   -85;   9.2; drag-lps8-05; 5; 8; 125000; 19785
2023-06-23 11:58:16; hka-aqm-am210;  27.59;  44.46;   717;   873;   291;    81;     3;    36;  -130;  -130; -10.5; drag-lps8-03; 4; 8; 125000; 19786
2023-06-23 11:58:37; hka-aqm-am210;  27.62;  44.52;   717;   878;   420;   125;     2;    36;   -89;   -89;  12.0; drag-lps8-05; 3; 8; 125000; 19787
2023-06-23 11:58:57; hka-aqm-am210;  27.61;  44.49;   718;   862;   293;    80;     3;    36;   -84;   -84;   8.2; drag-lps8-05; 2; 8; 125000; 19788
2023-06-23 11:59:36; hka-aqm-am210;  27.61;  44.52;   722;   859;   237;    64;     3;    34;  -109;  -109;   4.8; drag-lps8-05; 6; 8; 125000; 19789
2023-06-23 12:08:37; hka-aqm-am210;  27.64;  44.26;   748;   786;   315;    83;     4;    34;   -90;   -90;  12.5; drag-lps8-05; 7; 8; 125000; 19790
2023-06-23 12:08:57; hka-aqm-am210;  27.63;  44.26;   748;   799;   444;   127;     4;    28;   -88;   -88;  12.0; drag-lps8-05; 0; 8; 125000; 19791
2023-06-23 12:09:38; hka-aqm-am210;  27.60;  44.26;   750;   894;   265;    65;     4;    34;   -83;   -83;  10.8; drag-lps8-05; 1; 8; 125000; 19792
2023-06-23 12:09:57; hka-aqm-am210;  27.60;  44.29;   751;   885;   410;   113;     2;    34;   -85;   -85;   9.2; drag-lps8-05; 2; 8; 125000; 19793
2023-06-23 12:10:17; hka-aqm-am210;  27.63;  44.26;   752;   886;   329;    84;     3;    32;   -90;   -90;  10.0; drag-lps8-05; 3; 8; 125000; 19794
2023-06-23 12:10:37; hka-aqm-am210;  27.60;  44.20;   753;   888;   466;   129;     4;    33;   -89;   -89;  10.5; drag-lps8-05; 7; 8; 125000; 19795
2023-06-23 12:12:17; hka-aqm-am210;  27.65;  44.13;   758;   884;   386;   100;     4;    33;   -88;   -88;  11.8; drag-lps8-05; 4; 8; 125000; 19796
2023-06-23 12:12:37; hka-aqm-am210;  27.62;  44.13;   760;   872;   478;   132;     4;    25;   -89;   -89;   8.8; drag-lps8-05; 5; 8; 125000; 19797
2023-06-23 12:13:17; hka-aqm-am210;  27.63;  44.13;   763;   884;   295;    69;     4;    27;   -90;   -90;  11.8; drag-lps8-05; 1; 8; 125000; 19799
2023-06-23 12:14:16; hka-aqm-am210;  27.64;  44.13;   769;   883;   373;    96;     4;    29;   -89;   -89;  11.8; drag-lps8-05; 6; 8; 125000; 19800
2023-06-23 12:14:37; hka-aqm-am210;  27.64;  44.10;   769;   885;   304;    73;     3;    27;   -89;   -89;  11.0; drag-lps8-05; 4; 8; 125000; 19801
2023-06-23 12:23:17; hka-aqm-am210;  27.67;  44.07;   782;   839;   394;   105;     4;    31;   -89;   -89;  10.2; drag-lps8-05; 0; 8; 125000; 19802
2023-06-23 12:24:17; hka-aqm-am210;  27.62;  43.94;   784;   914;   481;   131;     4;    28;   -87;   -87;   8.8; drag-lps8-05; 5; 8; 125000; 19803
2023-06-23 12:28:57; hka-aqm-am210;  27.72;  43.81;   791;   890;   510;   142;     4;    31;  -100;  -100;   9.5; drag-lps8-05; 6; 8; 125000; 19804
2023-06-23 12:32:38; hka-aqm-am210;  27.70;  44.23;   801;   883;   593;   180;     5;    33;   -79;   -79;  12.5; drag-lps8-05; 1; 8; 125000; 19805
2023-06-23 12:36:56; hka-aqm-am210;  27.88;  42.34;   731;   751;   680;   205;     3;    32;   -84;   -84;  12.5; drag-lps8-05; 7; 8; 125000; 19806
2023-06-23 12:37:17; hka-aqm-am210;  27.81;  41.62;   707;   692;   625;   192;     3;    26;   -83;   -83;   7.8; drag-lps8-05; 2; 8; 125000; 19807
2023-06-23 12:39:18; hka-aqm-am210;  27.88;  42.02;   632;   708;   375;   108;     4;    26;   -88;   -88;  10.0; drag-lps8-05; 3; 8; 125000; 19808
2023-06-23 12:49:37; hka-aqm-am210;  27.93;  41.66;   576;   601;   454;   136;     5;    25;   -78;   -78;   8.5; drag-lps8-05; 2; 8; 125000; 19809
2023-06-23 12:49:57; hka-aqm-am210;  27.90;  41.66;   571;   595;   505;   154;     2;    13;   -79;   -79;  11.2; drag-lps8-05; 4; 8; 125000; 19810
2023-06-23 12:50:17; hka-aqm-am210;  27.91;  41.72;   566;   589;   441;   131;     2;    12;   -84;   -84;  11.2; drag-lps8-05; 1; 8; 125000; 19811
2023-06-23 12:50:37; hka-aqm-am210;  27.87;  41.85;   563;   612;   501;   152;     2;    12;  -128;  -128; -11.0; drag-lps8-03; 5; 8; 125000; 19812
2023-06-23 13:03:56; hka-aqm-am210;  27.86;  41.07;   553;   590;   504;   148;     4;    13;   -77;   -77;  11.8; drag-lps8-05; 3; 8; 125000; 19813
2023-06-23 13:04:18; hka-aqm-am210;  27.93;  41.04;   550;   594;   393;   110;     2;     6;   -76;   -76;  12.2; drag-lps8-05; 0; 8; 125000; 19814
2023-06-23 13:05:18; hka-aqm-am210;  27.96;  40.61;   547;   619;   619;   192;     3;     7;   -78;   -78;  12.0; drag-lps8-05; 7; 8; 125000; 19815
2023-06-23 13:06:16; hka-aqm-am210;  27.90;  40.22;   544;   590;   505;   152;     3;     4;   -74;   -74;  10.2; drag-lps8-05; 6; 8; 125000; 19816
2023-06-23 13:06:56; hka-aqm-am210;  27.93;  40.48;   540;   586;   449;   133;     2;     5;   -77;   -77;  10.8; drag-lps8-05; 4; 8; 125000; 19817
2023-06-23 13:07:18; hka-aqm-am210;  27.92;  40.08;   533;   589;   369;   105;     2;     5;  -130;  -130; -11.2; drag-lps8-03; 5; 8; 125000; 19818
2023-06-23 13:08:37; hka-aqm-am210;  27.88;  39.89;   517;   588;   508;   157;     3;     4;   -77;   -77;  12.0; drag-lps8-05; 7; 8; 125000; 19819
2023-06-23 13:09:36; hka-aqm-am210;  27.94;  40.25;   517;   587;   401;   118;     2;     4;   -79;   -79;  12.2; drag-lps8-05; 3; 8; 125000; 19820
2023-06-23 13:09:58; hka-aqm-am210;  27.84;  40.02;   515;   579;   577;   182;     3;     4;  -130;  -130; -11.0; drag-lps8-03; 0; 8; 125000; 19821
2023-06-23 13:10:37; hka-aqm-am210;  27.88;  40.12;   512;   582;   399;   117;     5;     3;   -76;   -76;  11.5; drag-lps8-05; 1; 8; 125000; 19822
2023-06-23 13:11:36; hka-aqm-am210;  27.84;  40.48;   514;   577;   455;   137;     5;     2;   -77;   -77;  12.8; drag-lps8-05; 6; 8; 125000; 19823
2023-06-23 13:11:57; hka-aqm-am210;  27.77;  39.95;   513;   580;   508;   157;     3;     3;   -75;   -75;   8.5; drag-lps8-05; 2; 8; 125000; 19824
2023-06-23 13:12:17; hka-aqm-am210;  27.80;  40.31;   512;   581;   589;   188;     2;     3;   -75;   -75;   8.0; drag-lps8-05; 5; 8; 125000; 19825
2023-06-23 13:13:17; hka-aqm-am210;  27.79;  40.22;   510;   586;   371;   108;     3;     2;   -76;   -76;  10.5; drag-lps8-05; 1; 8; 125000; 19826
2023-06-23 13:17:57; hka-aqm-am210;  27.84;  40.08;   510;   628;   433;   130;     4;     4;   -79;   -79;  10.2; drag-lps8-05; 7; 8; 125000; 19827
2023-06-23 13:18:17; hka-aqm-am210;  27.90;  40.05;   510;   622;   515;   162;     4;     6;   -78;   -78;  10.0; drag-lps8-05; 0; 8; 125000; 19828
2023-06-23 13:18:57; hka-aqm-am210;  27.78;  39.99;   509;   602;   397;   117;     3;     6;   -78;   -78;   8.2; drag-lps8-05; 2; 8; 125000; 19829
2023-06-23 13:19:17; hka-aqm-am210;  27.75;  40.41;   508;   595;   286;    76;     3;     3;   -78;   -78;  12.0; drag-lps8-05; 4; 8; 125000; 19830
2023-06-23 13:19:57; hka-aqm-am210;  27.76;  40.41;   507;   584;   451;   136;     3;     2;   -76;   -76;  10.5; drag-lps8-05; 6; 8; 125000; 19831
2023-06-23 13:21:58; hka-aqm-am210;  27.77;  40.05;   512;   582;   303;    80;     3;     3;   -83;   -83;  11.8; drag-lps8-05; 3; 8; 125000; 19832
2023-06-23 13:23:16; hka-aqm-am210;  27.79;  39.56;   513;   585;   477;   144;     4;    25;   -76;   -76;  11.2; drag-lps8-05; 6; 8; 125000; 19833
2023-06-23 13:25:36; hka-aqm-am210;  27.85;  39.69;   516;   583;   494;   150;     5;    25;   -75;   -75;   8.8; drag-lps8-05; 2; 8; 125000; 19834
2023-06-23 13:28:18; hka-aqm-am210;  27.95;  40.81;   538;   589;   424;   120;     3;    25;   -73;   -73;  10.5; drag-lps8-05; 0; 8; 125000; 19835
2023-06-23 13:30:58; hka-aqm-am210;  27.93;  41.98;   596;   612;   357;    97;     3;    25;   -74;   -74;  10.0; drag-lps8-05; 7; 8; 125000; 19836
2023-06-23 13:31:18; hka-aqm-am210;  27.96;  42.24;   603;   606;   413;   119;     3;    19;   -79;   -79;  10.8; drag-lps8-05; 3; 8; 125000; 19837
2023-06-23 13:39:57; hka-aqm-am210;  27.98;  43.38;   811;   896;   400;   120;     5;    22;   -78;   -78;  12.5; drag-lps8-05; 4; 8; 125000; 19838
2023-06-23 13:40:17; hka-aqm-am210;  28.01;  43.42;   818;   898;   254;    71;     5;    15;   -75;   -75;   8.8; drag-lps8-05; 5; 8; 125000; 19839
2023-06-23 13:40:37; hka-aqm-am210;  28.04;  43.48;   825;   906;   345;   104;     3;    14;   -75;   -75;  10.5; drag-lps8-05; 1; 8; 125000; 19840
2023-06-23 13:41:18; hka-aqm-am210;  28.05;  43.51;   837;   919;   445;   136;     2;    18;   -78;   -78;  12.0; drag-lps8-05; 3; 8; 125000; 19841
2023-06-23 13:41:37; hka-aqm-am210;  28.04;  43.55;   844;   927;   299;    86;     3;    17;   -76;   -76;   8.2; drag-lps8-05; 5; 8; 125000; 19842
2023-06-23 13:41:58; hka-aqm-am210;  28.03;  43.55;   850;   940;   432;   132;     3;    17;   -73;   -73;  10.0; drag-lps8-05; 1; 8; 125000; 19843
2023-06-23 13:42:36; hka-aqm-am210;  28.06;  43.61;   859;   937;   255;    71;     3;    16;   -76;   -76;  11.8; drag-lps8-05; 4; 8; 125000; 19844
2023-06-23 13:53:56; hka-aqm-am210;  28.15;  43.61;  1006;  1069;   352;    94;     5;    28;   -83;   -83;  11.2; drag-lps8-05; 0; 8; 125000; 19845
2023-06-23 13:54:18; hka-aqm-am210;  28.14;  43.74;  1007;  1075;   466;   132;     4;    30;   -85;   -85;  12.2; drag-lps8-05; 6; 8; 125000; 19846
2023-06-23 13:57:38; hka-aqm-am210;  28.22;  43.74;  1028;  1093;   308;    80;     4;    30;   -78;   -78;   8.8; drag-lps8-05; 2; 8; 125000; 19847
2023-06-23 13:58:18; hka-aqm-am210;  28.26;  43.77;  1032;  1104;   449;   127;     1;    29;   -83;   -83;   9.8; drag-lps8-05; 7; 8; 125000; 19848
2023-06-23 14:03:57; hka-aqm-am210;  28.31;  44.33;  1097;  1150;   504;   139;     3;    31;   -79;   -79;  11.8; drag-lps8-05; 3; 8; 125000; 19849
2023-06-23 14:04:17; hka-aqm-am210;  28.33;  44.07;  1099;  1185;   427;   122;     3;    26;   -75;   -75;   8.2; drag-lps8-05; 2; 8; 125000; 19850
2023-06-23 14:09:37; hka-aqm-am210;  28.35;  43.94;  1122;  1204;   323;    86;     4;    30;   -78;   -78;  11.5; drag-lps8-05; 0; 8; 125000; 19851
2023-06-23 14:09:57; hka-aqm-am210;  28.34;  43.94;  1123;  1192;   453;   129;     2;    21;   -81;   -81;  12.0; drag-lps8-05; 7; 8; 125000; 19852
2023-06-23 14:10:56; hka-aqm-am210;  28.34;  43.81;  1128;  1214;   312;    81;     3;    21;   -78;   -78;  10.8; drag-lps8-05; 1; 8; 125000; 19853
2023-06-23 14:11:38; hka-aqm-am210;  28.34;  43.87;  1130;  1167;   374;   101;     4;    23;   -82;   -82;  10.5; drag-lps8-05; 4; 8; 125000; 19854
2023-06-23 14:11:57; hka-aqm-am210;  28.34;  43.81;  1131;  1156;   306;    78;     4;    25;   -79;   -79;   8.2; drag-lps8-05; 5; 8; 125000; 19855
2023-06-23 14:12:37; hka-aqm-am210;  28.37;  43.84;  1138;  1164;   475;   138;     4;    26;   -76;   -76;  10.5; drag-lps8-05; 6; 8; 125000; 19856
2023-06-23 14:17:16; hka-aqm-am210;  28.36;  43.55;  1158;  1236;   260;    68;     4;    30;   -78;   -78;  11.8; drag-lps8-05; 0; 8; 125000; 19857
2023-06-23 14:19:16; hka-aqm-am210;  28.31;  43.90;  1163;  1269;   272;    68;     4;    26;  -130;  -130; -10.8; drag-lps8-03; 4; 8; 125000; 19858
2023-06-23 14:19:57; hka-aqm-am210;  28.36;  43.81;  1161;  1285;   305;    86;     2;    25;   -73;   -73;   8.0; drag-lps8-05; 2; 8; 125000; 19859
2023-06-23 14:20:57; hka-aqm-am210;  28.31;  43.87;  1168;  1318;   459;   137;     3;    31;   -81;   -81;  12.0; drag-lps8-05; 3; 8; 125000; 19860
2023-06-23 14:22:38; hka-aqm-am210;  28.31;  44.03;  1186;  1334;   335;    94;     3;    29;   -75;   -75;   8.5; drag-lps8-05; 5; 8; 125000; 19861
2023-06-23 14:22:57; hka-aqm-am210;  28.31;  44.07;  1189;  1332;   443;   132;     3;    29;   -75;   -75;  10.8; drag-lps8-05; 6; 8; 125000; 19862
2023-06-23 14:23:37; hka-aqm-am210;  28.32;  44.07;  1196;  1334;   292;    81;     4;    29;   -76;   -76;  10.2; drag-lps8-05; 1; 8; 125000; 19863
2023-06-23 14:28:16; hka-aqm-am210;  28.34;  44.20;  1255;  1369;   492;   147;     5;    34;   -79;   -79;  11.2; drag-lps8-05; 7; 8; 125000; 19864
2023-06-23 14:28:37; hka-aqm-am210;  28.33;  44.23;  1262;  1398;   257;    71;     3;    35;   -78;   -78;  11.2; drag-lps8-05; 0; 8; 125000; 19865
2023-06-23 14:28:58; hka-aqm-am210;  28.34;  44.16;  1269;  1426;   324;    92;     3;    35;   -76;   -76;   9.0; drag-lps8-05; 2; 8; 125000; 19866
2023-06-23 14:29:57; hka-aqm-am210;  28.37;  44.07;  1284;  1443;   246;    66;     3;    37;   -81;   -81;  10.5; drag-lps8-05; 3; 8; 125000; 19867
2023-06-23 14:45:03; hka-aqm-am210;  28.29;  44.33;  1456;  1559;   165;    36;     3;    28;   -81;   -81;  10.8; drag-lps8-05; 6; 8; 125000; 19868
2023-06-23 14:52:17; hka-aqm-am210;  28.17;  44.33;  1515;  1623;   268;    69;     7;    38;   -77;   -77;  11.2; drag-lps8-05; 4; 8; 125000; 19869
2023-06-23 14:52:58; hka-aqm-am210;  28.24;  44.29;  1522;  1642;   402;   115;     3;    24;   -79;   -79;   8.5; drag-lps8-05; 5; 8; 125000; 19870
2023-06-23 15:03:18; hka-aqm-am210;  28.15;  44.42;  1592;  1803;   319;    89;     6;    35;   -73;   -73;  11.0; drag-lps8-05; 1; 8; 125000; 19871
2023-06-23 15:03:38; hka-aqm-am210;  28.18;  44.33;  1587;  1780;   404;   119;     2;    15;   -75;   -75;  11.2; drag-lps8-05; 7; 8; 125000; 19872
2023-06-23 15:04:57; hka-aqm-am210;  28.20;  44.29;  1575;  1758;   230;    59;     3;    15;   -73;   -73;   8.0; drag-lps8-05; 5; 8; 125000; 19873
2023-06-23 15:05:17; hka-aqm-am210;  28.20;  44.13;  1573;  1746;   284;    76;     3;    11;   -74;   -74;  10.8; drag-lps8-05; 0; 8; 125000; 19874
2023-06-23 15:09:56; hka-aqm-am210;  28.21;  43.64;  1527;  1632;   440;   133;     3;    11;   -75;   -75;  11.2; drag-lps8-05; 7; 8; 125000; 19875
2023-06-23 15:13:56; hka-aqm-am210;  28.14;  43.58;  1456;  1542;   369;   105;     3;     8;   -73;   -73;  10.8; drag-lps8-05; 3; 8; 125000; 19876
2023-06-23 15:14:16; hka-aqm-am210;  28.16;  43.55;  1448;  1568;   437;   128;     1;     6;   -73;   -73;  12.0; drag-lps8-05; 1; 8; 125000; 19877
2023-06-23 15:23:18; hka-aqm-am210;  27.91;  43.68;  1326;  1381;   348;    99;     4;    13;  -129;  -129; -10.0; drag-lps8-03; 4; 8; 125000; 19878
2023-06-23 15:23:37; hka-aqm-am210;  27.90;  43.68;  1317;  1369;   250;    65;     1;     8;   -71;   -71;   8.2; drag-lps8-05; 2; 8; 125000; 19879
2023-06-23 15:33:37; hka-aqm-am210;  27.78;  43.68;  1200;  1274;   257;    67;     3;    11;   -75;   -75;  12.5; drag-lps8-05; 6; 8; 125000; 19880
2023-06-23 15:36:17; hka-aqm-am210;  27.70;  43.68;  1179;  1222;   436;   128;     3;    13;   -76;   -76;  11.8; drag-lps8-05; 7; 8; 125000; 19881
2023-06-23 15:36:57; hka-aqm-am210;  27.69;  43.64;  1177;  1199;   369;   106;     2;    10;   -72;   -72;   8.5; drag-lps8-05; 2; 8; 125000; 19882
2023-06-23 15:37:17; hka-aqm-am210;  27.71;  43.61;  1170;  1216;   436;   130;     3;    11;   -75;   -75;  11.8; drag-lps8-05; 1; 8; 125000; 19883
2023-06-23 15:38:17; hka-aqm-am210;  27.69;  43.61;  1159;  1222;   292;    79;     3;    12;   -75;   -75;  11.2; drag-lps8-05; 4; 8; 125000; 19884
2023-06-23 15:38:58; hka-aqm-am210;  27.68;  43.55;  1159;  1195;   442;   133;     1;     9;  -131;  -131; -11.0; drag-lps8-03; 0; 8; 125000; 19885
2023-06-23 15:39:17; hka-aqm-am210;  27.70;  43.55;  1155;  1211;   325;    91;     1;     7;   -76;   -76;   8.0; drag-lps8-05; 5; 8; 125000; 19886
2023-06-23 15:39:37; hka-aqm-am210;  27.69;  43.48;  1153;  1224;   261;    69;     1;     7;   -78;   -78;  11.8; drag-lps8-05; 3; 8; 125000; 19887
2023-06-23 15:41:18; hka-aqm-am210;  27.68;  43.38;  1147;  1078;   389;   114;     3;     9;   -76;   -76;  11.5; drag-lps8-05; 6; 8; 125000; 19888
2023-06-23 15:42:37; hka-aqm-am210;  27.64;  43.38;  1132;  1106;   366;   105;     4;     9;   -78;   -78;  12.2; drag-lps8-05; 3; 8; 125000; 19889
2023-06-23 15:44:37; hka-aqm-am210;  27.66;  43.38;  1118;  1162;   256;    67;     2;     8;   -75;   -75;  11.8; drag-lps8-05; 6; 8; 125000; 19890
2023-06-23 15:59:43; hka-aqm-am210;  27.50;  43.35;  1063;  1094;   211;    52;     4;    10;   -75;   -75;  11.8; drag-lps8-05; 0; 8; 125000; 19891
2023-06-23 16:08:36; hka-aqm-am210;  27.46;  43.25;  1038;  1056;   363;   105;     5;    13;  -125;  -125;  -9.8; drag-lps8-03; 2; 8; 125000; 19892
2023-06-23 16:13:37; hka-aqm-am210;  27.42;  43.35;  1027;  1040;   235;    59;     4;     7;   -76;   -76;  11.0; drag-lps8-05; 7; 8; 125000; 19893
2023-06-23 16:14:58; hka-aqm-am210;  27.44;  43.35;  1031;  1067;   216;    53;     2;     4;  -128;  -128;  -9.5; drag-lps8-03; 4; 8; 125000; 19894
2023-06-23 16:17:17; hka-aqm-am210;  27.40;  43.32;  1023;  1054;   220;    54;     4;     5;   -73;   -73;  11.8; drag-lps8-05; 1; 8; 125000; 19895
2023-06-23 16:27:18; hka-aqm-am210;  27.30;  43.22;   994;  1043;   412;   123;     3;     7;  -127;  -127;  -7.8; drag-lps8-03; 5; 8; 125000; 19896
2023-06-23 16:46:16; hka-aqm-am210;  27.18;  43.16;   954;  1001;   287;    81;     5;     8;   -72;   -72;   8.5; drag-lps8-05; 2; 8; 125000; 19899
2023-06-23 16:46:38; hka-aqm-am210;  27.21;  43.22;   952;  1001;   191;    47;     3;     4;   -75;   -75;  11.8; drag-lps8-05; 1; 8; 125000; 19900
2023-06-23 16:47:18; hka-aqm-am210;  27.21;  43.22;   949;  1026;   265;    75;     3;     4;  -128;  -128;  -9.5; drag-lps8-03; 7; 8; 125000; 19901
2023-06-23 16:47:38; hka-aqm-am210;  27.20;  43.22;   947;  1003;   361;   109;     4;     5;   -75;   -75;  12.0; drag-lps8-05; 6; 8; 125000; 19902
2023-06-23 17:02:44; hka-aqm-am210;  27.15;  43.12;   928;   969;   377;   112;     1;     2;   -77;   -77;  10.8; drag-lps8-05; 3; 8; 125000; 19903
2023-06-23 17:06:57; hka-aqm-am210;  27.17;  43.16;   912;   963;   366;   109;     5;     9;   -74;   -74;   8.8; drag-lps8-05; 5; 8; 125000; 19904
2023-06-23 17:08:17; hka-aqm-am210;  27.17;  43.16;   911;   844;   226;    58;     4;     5;   -77;   -77;  10.2; drag-lps8-05; 3; 8; 125000; 19905
2023-06-23 17:08:37; hka-aqm-am210;  27.16;  43.16;   910;   868;   335;    98;     3;     2;  -128;  -128;  -8.5; drag-lps8-03; 0; 8; 125000; 19906
2023-06-23 17:09:18; hka-aqm-am210;  27.11;  43.16;   908;   898;   353;   105;     3;     5;   -74;   -74;   9.8; drag-lps8-05; 6; 8; 125000; 19907
2023-06-23 17:10:17; hka-aqm-am210;  27.15;  43.19;   904;   938;   276;    77;     3;     5;  -124;  -124;  -9.5; drag-lps8-03; 2; 8; 125000; 19908
2023-06-23 17:11:17; hka-aqm-am210;  27.15;  43.19;   904;   947;   348;   104;     3;     4;   -75;   -75;  11.2; drag-lps8-05; 1; 8; 125000; 19909
2023-06-23 17:11:37; hka-aqm-am210;  27.13;  43.16;   902;   957;   297;    87;     3;     5;   -77;   -77;  11.0; drag-lps8-05; 4; 8; 125000; 19910
2023-06-23 17:12:17; hka-aqm-am210;  27.11;  43.16;   900;   965;   224;    59;     3;     5;  -128;  -128;  -9.2; drag-lps8-03; 7; 8; 125000; 19911
2023-06-23 17:12:56; hka-aqm-am210;  27.09;  43.16;   904;   973;   327;    96;     3;     3;   -77;   -77;   8.0; drag-lps8-05; 5; 8; 125000; 19912
2023-06-23 17:13:16; hka-aqm-am210;  27.10;  43.16;   902;   972;   255;    71;     3;     3;  -126;  -126; -11.8; drag-lps8-03; 6; 8; 125000; 19913
2023-06-23 17:13:57; hka-aqm-am210;  27.10;  43.09;   900;   967;   330;    99;     3;     5;   -72;   -72;   8.5; drag-lps8-05; 2; 8; 125000; 19914
2023-06-23 17:14:38; hka-aqm-am210;  27.11;  43.09;   900;   953;   253;    71;     2;     6;   -76;   -76;  10.8; drag-lps8-05; 4; 8; 125000; 19915
2023-06-23 17:29:44; hka-aqm-am210;  27.08;  43.22;   872;   948;   229;    57;     3;     6;   -75;   -75;   8.0; drag-lps8-05; 5; 8; 125000; 19916
2023-06-23 17:33:18; hka-aqm-am210;  27.00;  43.09;   868;   838;   207;    53;     4;    10;   -75;   -75;  10.8; drag-lps8-05; 7; 8; 125000; 19917
2023-06-23 17:33:36; hka-aqm-am210;  27.03;  43.06;   867;   804;   270;    76;     3;     1;   -76;   -76;  11.5; drag-lps8-05; 0; 8; 125000; 19918
2023-06-23 17:34:16; hka-aqm-am210;  26.98;  43.06;   866;   818;   305;    90;     3;     1;   -78;   -78;  11.2; drag-lps8-05; 3; 8; 125000; 19919
2023-06-23 17:36:57; hka-aqm-am210;  26.99;  43.09;   858;   962;   168;    39;     3;     1;   -75;   -75;  11.8; drag-lps8-05; 1; 8; 125000; 19920
2023-06-23 17:52:03; hka-aqm-am210;  26.98;  43.03;   847;   915;   155;    35;     1;     0;  -127;  -127;  -8.2; drag-lps8-03; 4; 8; 125000; 19921
2023-06-23 17:53:37; hka-aqm-am210;  26.93;  43.03;   838;   851;   236;    68;     4;     4;  -128;  -128;  -8.8; drag-lps8-03; 0; 8; 125000; 19922
2023-06-23 17:54:36; hka-aqm-am210;  26.94;  42.96;   838;   858;   169;    40;     2;     0;   -75;   -75;  11.0; drag-lps8-05; 7; 8; 125000; 19923
2023-06-23 17:57:37; hka-aqm-am210;  26.93;  43.06;   832;   914;   286;    84;     3;     0;   -76;   -76;  12.0; drag-lps8-05; 6; 8; 125000; 19924
2023-06-23 18:00:18; hka-aqm-am210;  26.94;  43.06;   828;   905;   280;    81;     3;     0;  -126;  -126; -10.5; drag-lps8-03; 2; 8; 125000; 19925
2023-06-23 18:15:24; hka-aqm-am210;  26.88;  42.93;   820;   901;   160;    39;     4;     1;   -77;   -77;   8.5; drag-lps8-05; 5; 8; 125000; 19926
2023-06-23 18:17:36; hka-aqm-am210;  26.85;  42.96;   810;   908;   224;    66;     4;     4;   -78;   -78;  10.0; drag-lps8-05; 3; 8; 125000; 19927
2023-06-23 18:17:56; hka-aqm-am210;  26.88;  42.96;   807;   905;   155;    38;     1;     4;   -73;   -73;  11.5; drag-lps8-05; 1; 8; 125000; 19928
2023-06-23 18:20:17; hka-aqm-am210;  26.82;  43.03;   805;   882;   256;    76;     3;     4;  -126;  -126; -12.2; drag-lps8-03; 3; 8; 125000; 19929
2023-06-23 18:26:57; hka-aqm-am210;  26.85;  43.03;   797;   881;   234;    66;     3;     4;   -77;   -77;  11.2; drag-lps8-05; 7; 8; 125000; 19930
2023-06-23 18:27:16; hka-aqm-am210;  26.87;  43.03;   796;   878;   179;    45;     2;     1;   -76;   -76;  11.8; drag-lps8-05; 6; 8; 125000; 19931
2023-06-23 18:41:57; hka-aqm-am210;  26.84;  42.90;   778;   853;   207;    59;     4;     1;  -124;  -124;  -6.0; drag-lps8-03; 5; 8; 125000; 19932
2023-06-23 18:55:15; hka-aqm-am210;  26.81;  42.80;   762;   862;   135;    29;     3;     0;   -74;   -74;  10.8; drag-lps8-05; 0; 8; 125000; 19933
2023-06-23 18:55:55; hka-aqm-am210;  26.78;  42.83;   766;   860;   188;    52;     1;     0;   -75;   -75;  12.0; drag-lps8-05; 1; 8; 125000; 19934
2023-06-23 19:11:02; hka-aqm-am210;  26.74;  42.80;   747;   843;   144;    34;     0;     0;   -76;   -76;  10.2; drag-lps8-05; 4; 8; 125000; 19935
2023-06-23 19:26:08; hka-aqm-am210;  26.74;  42.86;   737;   831;   179;    49;     2;     0;   -71;   -71;   7.8; drag-lps8-05; 2; 8; 125000; 19936
2023-06-23 19:41:14; hka-aqm-am210;  26.65;  42.77;   718;   838;   160;    44;     1;     0;  -128;  -128; -11.0; drag-lps8-03; 5; 8; 125000; 19937
2023-06-23 19:56:21; hka-aqm-am210;  26.67;  43.84;   709;   822;   142;    40;     2;     0;   -77;   -77;  12.2; drag-lps8-05; 4; 8; 125000; 19938
2023-06-23 20:11:27; hka-aqm-am210;  26.89;  45.14;   697;   830;   118;    33;     3;     0;   -74;   -74;  10.5; drag-lps8-05; 0; 8; 125000; 19939
2023-06-23 20:26:33; hka-aqm-am210;  27.10;  45.23;   684;   845;    89;    24;     1;     0;   -75;   -75;  10.2; drag-lps8-05; 7; 8; 125000; 19940
2023-06-23 20:41:39; hka-aqm-am210;  27.36;  44.33;   675;   785;    68;    18;     0;     0;   -78;   -78;  10.0; drag-lps8-05; 3; 8; 125000; 19941
2023-06-23 20:56:46; hka-aqm-am210;  27.52;  43.81;   660;   826;    36;     8;     2;     0;   -74;   -74;  10.5; drag-lps8-05; 6; 8; 125000; 19942
2023-06-23 21:11:52; hka-aqm-am210;  27.53;  43.61;   658;   821;    22;     5;     2;     0;   -67;   -67;   8.0; drag-lps8-05; 2; 8; 125000; 19943
2023-06-23 21:26:58; hka-aqm-am210;  27.65;  43.16;   649;   823;    11;     2;     2;     0;   -73;   -73;  10.8; drag-lps8-05; 1; 8; 125000; 19944
2023-06-23 21:42:05; hka-aqm-am210;  27.72;  42.86;   643;   792;     6;     1;     2;     0;   -69;   -69;   8.0; drag-lps8-05; 2; 8; 125000; 19945
2023-06-23 21:57:11; hka-aqm-am210;  27.85;  42.54;   638;   802;     4;     0;     2;     0;   -75;   -75;  10.5; drag-lps8-05; 6; 8; 125000; 19946
2023-06-23 22:12:17; hka-aqm-am210;  27.90;  42.31;   636;   797;     4;     0;     4;     0;   -75;   -75;  12.8; drag-lps8-05; 1; 8; 125000; 19947
2023-06-23 22:27:23; hka-aqm-am210;  28.00;  42.08;   627;   756;     4;     0;     0;     0;   -75;   -75;  10.8; drag-lps8-05; 0; 8; 125000; 19948
2023-06-23 22:42:30; hka-aqm-am210;  27.98;  42.05;   624;   802;     6;     2;     4;     1;   -75;   -75;  10.5; drag-lps8-05; 7; 8; 125000; 19949
2023-06-23 22:57:38; hka-aqm-am210;  28.01;  41.98;   629;   796;     4;     0;     4;     1;  -126;  -126;  -9.5; drag-lps8-03; 4; 8; 125000; 19950
2023-06-23 23:12:44; hka-aqm-am210;  28.09;  41.79;   621;   821;     4;     0;     2;     0;  -128;  -128;  -8.0; drag-lps8-03; 5; 8; 125000; 19951
2023-06-23 23:27:50; hka-aqm-am210;  28.08;  41.69;   618;   803;     6;     2;     2;     0;   -79;   -79;  10.8; drag-lps8-05; 3; 8; 125000; 19952
2023-06-23 23:42:57; hka-aqm-am210;  28.12;  41.66;   615;   800;     4;     0;     5;     1;  -130;  -130;  -9.5; drag-lps8-03; 0; 8; 125000; 19953
2023-06-23 23:58:03; hka-aqm-am210;  28.15;  41.59;   618;   801;     5;     1;     5;     1;   -78;   -78;  12.0; drag-lps8-05; 4; 8; 125000; 19954
