# Logfile LoRaWAN TTN/TTS V3 logger version hka-log V 1.1
date_time;device_id;tmp;hum;CO2;VOC;vis;IR;WIFI;BLE;rssi;channel_rssi;snr;gateway;channel_index;spreading_factor;bandwidth;f_cnt
2023-03-19 00:00:25; hka-aqm-am115;  23.11;  28.74;   467;   727;     6;     0;     3;     0;   -95;   -95;   7.8; drag-lps8-05; 5; 8; 125000; 10528
2023-03-19 00:15:32; hka-aqm-am115;  23.09;  28.81;   464;   743;     6;     0;     4;     0;   -95;   -95;   8.5; drag-lps8-05; 2; 8; 125000; 10529
2023-03-19 00:30:40; hka-aqm-am115;  23.05;  28.84;   461;   747;     6;     0;     6;     0;   -96;   -96;  10.0; drag-lps8-05; 0; 8; 125000; 10530
2023-03-19 00:45:46; hka-aqm-am115;  23.00;  28.91;   457;   751;     7;     2;     1;     0;   -96;   -96;  10.0; drag-lps8-05; 6; 8; 125000; 10531
2023-03-19 01:00:52; hka-aqm-am115;  22.98;  28.94;   467;   741;     6;     0;     3;     0;   -95;   -95;  10.0; drag-lps8-05; 1; 8; 125000; 10532
2023-03-19 01:16:01; hka-aqm-am115;  22.96;  29.01;   464;   740;     6;     1;     6;     0;   -97;   -97;  11.2; drag-lps8-05; 3; 8; 125000; 10533
2023-03-19 01:31:07; hka-aqm-am115;  22.94;  29.08;   462;   733;     6;     0;     2;     0;   -96;   -96;  11.0; drag-lps8-05; 7; 8; 125000; 10534
2023-03-19 01:46:13; hka-aqm-am115;  22.91;  29.14;   470;   712;     6;     1;     1;     0;   -97;   -97;  11.0; drag-lps8-05; 0; 8; 125000; 10535
2023-03-19 02:01:20; hka-aqm-am115;  22.91;  29.21;   462;   737;     6;     0;     6;     0;   -96;   -96;  10.5; drag-lps8-05; 1; 8; 125000; 10536
2023-03-19 02:16:26; hka-aqm-am115;  22.89;  29.28;   460;   724;     6;     1;     1;     0;   -93;   -93;   9.0; drag-lps8-05; 5; 8; 125000; 10537
2023-03-19 02:31:33; hka-aqm-am115;  22.85;  29.31;   463;   720;     6;     0;     2;     0;   -93;   -93;   7.8; drag-lps8-05; 2; 8; 125000; 10538
2023-03-19 02:46:40; hka-aqm-am115;  22.82;  29.38;   468;   719;     6;     0;     6;     0;   -94;   -94;  10.5; drag-lps8-05; 6; 8; 125000; 10539
2023-03-19 03:01:46; hka-aqm-am115;  22.81;  29.42;   462;   705;     6;     1;     2;     0;   -94;   -94;   9.5; drag-lps8-05; 3; 8; 125000; 10540
2023-03-19 03:16:53; hka-aqm-am115;  22.80;  29.52;   470;   729;     6;     0;     3;     0;   -94;   -94;   9.5; drag-lps8-05; 4; 8; 125000; 10541
2023-03-19 03:32:01; hka-aqm-am115;  22.76;  29.55;   466;   694;     6;     0;     6;     0;   -96;   -96;  10.5; drag-lps8-05; 7; 8; 125000; 10542
2023-03-19 03:47:07; hka-aqm-am115;  22.74;  29.62;   472;   671;     8;     2;     3;     0;   -95;   -95;   8.5; drag-lps8-05; 2; 8; 125000; 10543
2023-03-19 04:02:14; hka-aqm-am115;  22.72;  29.69;   463;   679;     6;     0;     2;     0;   -95;   -95;  10.5; drag-lps8-05; 0; 8; 125000; 10544
2023-03-19 04:17:21; hka-aqm-am115;  22.69;  29.72;   468;   678;     6;     1;     6;     0;   -95;   -95;   7.2; drag-lps8-05; 5; 8; 125000; 10545
2023-03-19 04:32:27; hka-aqm-am115;  22.67;  29.79;   471;   672;     6;     0;     4;     0;   -95;   -95;  10.0; drag-lps8-05; 1; 8; 125000; 10546
2023-03-19 04:47:34; hka-aqm-am115;  22.63;  29.89;   457;   687;     6;     0;     1;     0;   -96;   -96;  10.8; drag-lps8-05; 6; 8; 125000; 10547
2023-03-19 05:02:41; hka-aqm-am115;  22.58;  29.89;   464;   675;     6;     0;     6;     0;   -95;   -95;   9.5; drag-lps8-05; 3; 8; 125000; 10548
2023-03-19 05:17:48; hka-aqm-am115;  22.58;  29.99;   456;   667;     8;     2;     1;     0;   -96;   -96;   9.8; drag-lps8-05; 7; 8; 125000; 10549
2023-03-19 05:32:54; hka-aqm-am115;  22.55;  30.06;   465;   661;     8;     2;     1;     0;   -93;   -93;  10.5; drag-lps8-05; 4; 8; 125000; 10550
2023-03-19 05:48:01; hka-aqm-am115;  22.53;  30.09;   465;   677;     6;     1;     6;     0;   -96;   -96;   8.5; drag-lps8-05; 2; 8; 125000; 10551
2023-03-19 06:03:08; hka-aqm-am115;  22.51;  30.16;   456;   599;     8;     2;     3;     0;   -94;   -94;  10.0; drag-lps8-05; 6; 8; 125000; 10552
2023-03-19 06:18:14; hka-aqm-am115;  22.50;  30.23;   461;   656;     6;     1;     3;     0;   -94;   -94;   7.5; drag-lps8-05; 5; 8; 125000; 10553
2023-03-19 06:33:20; hka-aqm-am115;  22.48;  30.29;   461;   656;     9;     1;     6;     0;   -96;   -96;  10.5; drag-lps8-05; 0; 8; 125000; 10554
2023-03-19 06:48:27; hka-aqm-am115;  22.47;  30.29;   454;   693;    12;     2;     3;     0;   -95;   -95;  10.2; drag-lps8-05; 3; 8; 125000; 10555
2023-03-19 07:03:33; hka-aqm-am115;  22.46;  30.36;   455;   652;    24;     5;     1;     0;   -96;   -96;  11.0; drag-lps8-05; 4; 8; 125000; 10556
2023-03-19 07:18:42; hka-aqm-am115;  22.46;  30.36;   466;   645;    56;    13;     6;     0;   -96;   -96;  10.0; drag-lps8-05; 7; 8; 125000; 10557
2023-03-19 07:33:48; hka-aqm-am115;  22.44;  30.36;   456;   654;    91;    24;     5;     0;   -95;   -95;  11.2; drag-lps8-05; 1; 8; 125000; 10558
2023-03-19 07:48:55; hka-aqm-am115;  22.45;  30.43;   454;   653;    87;    21;     3;     0;   -95;   -95;   7.2; drag-lps8-05; 5; 8; 125000; 10559
2023-03-19 08:04:01; hka-aqm-am115;  22.48;  30.43;   465;   646;    86;    20;     6;     0;   -95;   -95;   7.8; drag-lps8-05; 2; 8; 125000; 10560
2023-03-19 08:19:08; hka-aqm-am115;  22.50;  30.43;   455;   656;   110;    26;     4;     0;   -97;   -97;  11.8; drag-lps8-05; 0; 8; 125000; 10561
2023-03-19 08:34:14; hka-aqm-am115;  22.48;  30.46;   460;   643;   187;    46;     6;     0;   -95;   -95;  10.2; drag-lps8-05; 6; 8; 125000; 10562
2023-03-19 08:49:22; hka-aqm-am115;  22.52;  30.43;   461;   645;   206;    51;     6;     0;   -96;   -96;  11.5; drag-lps8-05; 4; 8; 125000; 10563
2023-03-19 09:02:01; hka-aqm-am115;  22.52;  30.46;   458;   642;   388;    99;     6;     0;   -94;   -94;   9.5; drag-lps8-05; 1; 8; 125000; 10564
2023-03-19 09:04:01; hka-aqm-am115;  22.55;  30.43;   456;   647;   443;   115;     3;     0;   -95;   -95;   9.0; drag-lps8-05; 7; 8; 125000; 10565
2023-03-19 09:05:00; hka-aqm-am115;  22.53;  30.43;   451;   643;   485;   125;     4;     0;   -97;   -97;  11.0; drag-lps8-05; 3; 8; 125000; 10566
2023-03-19 09:05:40; hka-aqm-am115;  22.54;  30.43;   454;   642;   733;   199;     4;     0;   -97;   -97;  11.8; drag-lps8-05; 0; 8; 125000; 10567
2023-03-19 09:06:00; hka-aqm-am115;  22.55;  30.43;   453;   643;   658;   176;     4;     0;   -97;   -97;  10.8; drag-lps8-05; 3; 8; 125000; 10568
2023-03-19 09:08:00; hka-aqm-am115;  22.54;  30.43;   460;   640;   675;   180;     4;     0;   -95;   -95;   9.5; drag-lps8-05; 2; 8; 125000; 10569
2023-03-19 09:08:42; hka-aqm-am115;  22.55;  30.43;   455;   654;   423;   106;     4;     0;   -95;   -95;   8.0; drag-lps8-05; 5; 8; 125000; 10570
2023-03-19 09:10:21; hka-aqm-am115;  22.56;  30.43;   460;   638;   510;   132;     5;     0;   -96;   -96;  11.8; drag-lps8-05; 7; 8; 125000; 10571
2023-03-19 09:10:42; hka-aqm-am115;  22.56;  30.43;   457;   639;   664;   179;     5;     0;   -96;   -96;  11.0; drag-lps8-05; 4; 8; 125000; 10572
2023-03-19 09:11:22; hka-aqm-am115;  22.56;  30.43;   454;   612;   514;   134;     5;     0;   -96;   -96;  10.5; drag-lps8-05; 6; 8; 125000; 10573
2023-03-19 09:12:21; hka-aqm-am115;  22.56;  30.43;   462;   625;   415;   104;     5;     0;   -96;   -96;  10.8; drag-lps8-05; 1; 8; 125000; 10574
2023-03-19 09:12:41; hka-aqm-am115;  22.56;  30.43;   460;   629;   524;   135;     2;     0;   -96;   -96;  10.2; drag-lps8-05; 4; 8; 125000; 10575
2023-03-19 09:14:00; hka-aqm-am115;  22.56;  30.43;   457;   638;   592;   155;     3;     0;   -97;   -97;  10.2; drag-lps8-05; 7; 8; 125000; 10576
2023-03-19 09:16:21; hka-aqm-am115;  22.57;  30.43;   452;   643;   666;   176;     4;     0;   -94;   -94;   9.8; drag-lps8-05; 1; 8; 125000; 10577
2023-03-19 09:17:01; hka-aqm-am115;  22.58;  30.43;   456;   645;   600;   156;     4;     0;   -97;   -97;  11.2; drag-lps8-05; 3; 8; 125000; 10578
2023-03-19 09:17:40; hka-aqm-am115;  22.58;  30.43;   459;   644;   529;   135;     2;     0;   -96;   -96;   8.0; drag-lps8-05; 2; 8; 125000; 10579
2023-03-19 09:18:00; hka-aqm-am115;  22.59;  30.43;   456;   657;   592;   153;     3;     0;   -95;   -95;   7.2; drag-lps8-05; 5; 8; 125000; 10580
2023-03-19 09:18:20; hka-aqm-am115;  22.60;  30.43;   454;   653;   746;   198;     3;     0;   -96;   -96;  10.5; drag-lps8-05; 6; 8; 125000; 10581
2023-03-19 09:22:00; hka-aqm-am115;  22.58;  30.43;   457;   645;   687;   180;     4;     0;   -97;   -97;  12.0; drag-lps8-05; 0; 8; 125000; 10582
2023-03-19 09:22:22; hka-aqm-am115;  22.59;  30.43;   455;   644;   467;   115;     3;     0;   -96;   -96;   8.2; drag-lps8-05; 5; 8; 125000; 10583
2023-03-19 09:23:22; hka-aqm-am115;  22.60;  30.43;   457;   652;   380;    90;     4;     0;   -96;   -96;   8.5; drag-lps8-05; 2; 8; 125000; 10584
2023-03-19 09:25:21; hka-aqm-am115;  22.61;  30.43;   454;   633;   672;   173;     4;     0;   -95;   -95;  10.2; drag-lps8-05; 1; 8; 125000; 10585
2023-03-19 09:25:41; hka-aqm-am115;  22.61;  30.43;   452;   636;   731;   190;     2;     0;   -96;   -96;  10.0; drag-lps8-05; 7; 8; 125000; 10586
2023-03-19 09:26:20; hka-aqm-am115;  22.60;  30.40;   455;   633;   943;   253;     3;     0;   -93;   -93;  10.2; drag-lps8-05; 4; 8; 125000; 10587
2023-03-19 09:26:40; hka-aqm-am115;  22.61;  30.40;   453;   636;   711;   184;     3;     0;   -96;   -96;  10.5; drag-lps8-05; 6; 8; 125000; 10588
2023-03-19 09:27:01; hka-aqm-am115;  22.62;  30.40;   453;   648;   586;   148;     4;     0;   -97;   -97;  10.2; drag-lps8-05; 3; 8; 125000; 10589
2023-03-19 09:28:01; hka-aqm-am115;  22.63;  30.40;   460;   648;   780;   206;     4;     0;   -95;   -95;  10.0; drag-lps8-05; 0; 8; 125000; 10590
2023-03-19 09:28:41; hka-aqm-am115;  22.64;  30.40;   461;   644;   697;   180;     3;     0;   -97;   -97;  11.0; drag-lps8-05; 3; 8; 125000; 10591
2023-03-19 09:29:22; hka-aqm-am115;  22.62;  30.40;   461;   640;   543;   135;     3;     0;   -93;   -93;   7.5; drag-lps8-05; 5; 8; 125000; 10592
2023-03-19 09:30:01; hka-aqm-am115;  22.63;  30.36;   455;   654;   469;   114;     3;     0;   -95;   -95;   9.2; drag-lps8-05; 7; 8; 125000; 10593
2023-03-19 09:30:40; hka-aqm-am115;  22.63;  30.40;   458;   650;   698;   180;     4;     0;   -96;   -96;  11.0; drag-lps8-05; 1; 8; 125000; 10594
2023-03-19 09:31:01; hka-aqm-am115;  22.63;  30.43;   456;   644;   453;   110;     4;     0;   -97;   -97;  12.0; drag-lps8-05; 0; 8; 125000; 10595
2023-03-19 09:32:01; hka-aqm-am115;  22.64;  30.40;   453;   626;   534;   133;     4;     0;   -96;   -96;  11.2; drag-lps8-05; 6; 8; 125000; 10596
2023-03-19 09:32:21; hka-aqm-am115;  22.63;  30.40;   453;   628;   602;   152;     3;     0;   -96;   -96;  10.5; drag-lps8-05; 4; 8; 125000; 10597
2023-03-19 09:32:41; hka-aqm-am115;  22.62;  30.36;   453;   634;   480;   117;     3;     0;   -96;   -96;   7.5; drag-lps8-05; 2; 8; 125000; 10598
2023-03-19 09:35:02; hka-aqm-am115;  22.65;  30.36;   455;   630;   500;   123;     5;     0;   -97;   -97;  11.2; drag-lps8-05; 0; 8; 125000; 10599
2023-03-19 09:35:22; hka-aqm-am115;  22.65;  30.40;   455;   644;   444;   106;     3;     0;   -96;   -96;   8.2; drag-lps8-05; 2; 8; 125000; 10600
2023-03-19 09:35:41; hka-aqm-am115;  22.64;  30.36;   455;   641;   538;   132;     2;     0;   -96;   -96;  10.5; drag-lps8-05; 6; 8; 125000; 10601
2023-03-19 09:36:40; hka-aqm-am115;  22.65;  30.36;   463;   640;   748;   193;     4;     0;   -94;   -94;  10.0; drag-lps8-05; 1; 8; 125000; 10602
2023-03-19 09:37:21; hka-aqm-am115;  22.64;  30.40;   458;   642;   542;   134;     3;     0;   -97;   -97;  11.2; drag-lps8-05; 7; 8; 125000; 10603
2023-03-19 09:38:00; hka-aqm-am115;  22.65;  30.36;   461;   640;   490;   120;     3;     0;   -94;   -94;   8.0; drag-lps8-05; 5; 8; 125000; 10604
2023-03-19 09:39:21; hka-aqm-am115;  22.66;  30.40;   459;   576;   874;   230;     5;     0;   -94;   -94;   9.8; drag-lps8-05; 4; 8; 125000; 10605
2023-03-19 09:39:41; hka-aqm-am115;  22.66;  30.36;   457;   598;   741;   192;     2;     0;   -96;   -96;   9.5; drag-lps8-05; 3; 8; 125000; 10606
2023-03-19 09:40:01; hka-aqm-am115;  22.66;  30.36;   455;   613;   617;   157;     2;     0;   -95;   -95;   9.8; drag-lps8-05; 0; 8; 125000; 10607
2023-03-19 09:40:21; hka-aqm-am115;  22.66;  30.36;   454;   620;   432;   106;     2;     0;   -95;   -95;   7.5; drag-lps8-05; 5; 8; 125000; 10608
2023-03-19 09:48:41; hka-aqm-am115;  22.70;  30.36;   457;   637;   615;   155;     6;     0;   -94;   -94;   9.8; drag-lps8-05; 3; 8; 125000; 10609
2023-03-19 09:49:01; hka-aqm-am115;  22.70;  30.36;   455;   639;   520;   128;     2;     0;   -95;   -95;   9.5; drag-lps8-05; 7; 8; 125000; 10610
2023-03-19 09:50:42; hka-aqm-am115;  22.71;  30.36;   458;   664;   561;   139;     3;     0;   -95;   -95;   9.8; drag-lps8-05; 6; 8; 125000; 10611
2023-03-19 09:52:41; hka-aqm-am115;  22.73;  30.36;   460;   647;   473;   116;     4;     0;   -96;   -96;  10.2; drag-lps8-05; 4; 8; 125000; 10612
2023-03-19 09:57:21; hka-aqm-am115;  22.72;  30.36;   462;   638;   478;   117;     4;     0;   -94;   -94;   9.8; drag-lps8-05; 1; 8; 125000; 10613
2023-03-19 09:57:41; hka-aqm-am115;  22.75;  30.33;   459;   656;   377;    90;     3;     0;   -96;   -96;   8.5; drag-lps8-05; 2; 8; 125000; 10614
2023-03-19 09:59:21; hka-aqm-am115;  22.72;  30.36;   457;   618;   464;   113;     3;     0;   -96;   -96;  10.8; drag-lps8-05; 1; 8; 125000; 10615
2023-03-19 10:00:02; hka-aqm-am115;  22.73;  30.36;   454;   629;   554;   138;     3;     0;   -95;   -95;  10.8; drag-lps8-05; 4; 8; 125000; 10616
2023-03-19 10:00:21; hka-aqm-am115;  22.74;  30.33;   453;   631;   715;   182;     3;     0;   -94;   -94;   9.0; drag-lps8-05; 6; 8; 125000; 10617
2023-03-19 10:01:22; hka-aqm-am115;  22.74;  30.33;   457;   642;   678;   173;     3;     0;   -94;   -94;   8.5; drag-lps8-05; 2; 8; 125000; 10618
2023-03-19 10:01:41; hka-aqm-am115;  22.74;  30.36;   454;   640;   591;   148;     4;     0;   -95;   -95;  10.0; drag-lps8-05; 7; 8; 125000; 10619
2023-03-19 10:02:21; hka-aqm-am115;  22.74;  30.36;   452;   606;   683;   173;     4;     0;   -94;   -94;   7.8; drag-lps8-05; 5; 8; 125000; 10620
2023-03-19 10:02:41; hka-aqm-am115;  22.75;  30.33;   452;   616;   524;   128;     3;     0;   -95;   -95;  10.0; drag-lps8-05; 3; 8; 125000; 10621
2023-03-19 10:03:41; hka-aqm-am115;  22.74;  30.33;   455;   625;   654;   166;     5;     0;   -97;   -97;  10.8; drag-lps8-05; 0; 8; 125000; 10622
2023-03-19 10:04:20; hka-aqm-am115;  22.76;  30.33;   458;   627;   718;   184;     4;     0;   -97;   -97;  11.8; drag-lps8-05; 7; 8; 125000; 10623
2023-03-19 10:04:40; hka-aqm-am115;  22.75;  30.33;   456;   629;   646;   163;     2;     0;   -95;   -95;   9.8; drag-lps8-05; 1; 8; 125000; 10624
2023-03-19 10:05:20; hka-aqm-am115;  22.75;  30.29;   458;   627;   394;    93;     4;     0;   -93;   -93;   8.0; drag-lps8-05; 2; 8; 125000; 10625
2023-03-19 10:07:22; hka-aqm-am115;  22.75;  30.33;   460;   645;   552;   138;     4;     0;   -96;   -96;  10.5; drag-lps8-05; 4; 8; 125000; 10626
2023-03-19 10:07:42; hka-aqm-am115;  22.76;  30.33;   457;   636;   380;    90;     3;     0;   -95;   -95;   9.8; drag-lps8-05; 0; 8; 125000; 10627
2023-03-19 10:08:42; hka-aqm-am115;  22.78;  30.29;   457;   644;   568;   142;     4;     0;   -94;   -94;   8.8; drag-lps8-05; 3; 8; 125000; 10628
2023-03-19 10:09:40; hka-aqm-am115;  22.76;  30.29;   457;   639;   525;   128;     5;     0;   -96;   -96;  11.2; drag-lps8-05; 6; 8; 125000; 10629
2023-03-19 10:10:20; hka-aqm-am115;  22.77;  30.29;   454;   640;   638;   161;     4;     0;   -96;   -96;   8.5; drag-lps8-05; 5; 8; 125000; 10630
2023-03-19 10:11:01; hka-aqm-am115;  22.78;  30.36;   457;   635;   340;    80;     3;     0;   -97;   -97;  10.0; drag-lps8-05; 3; 8; 125000; 10631
2023-03-19 10:12:21; hka-aqm-am115;  22.78;  30.29;   457;   672;   336;    79;     5;     0;   -96;   -96;  10.8; drag-lps8-05; 4; 8; 125000; 10632
2023-03-19 10:13:02; hka-aqm-am115;  22.77;  30.29;   454;   650;   435;   105;     5;     0;   -96;   -96;  10.2; drag-lps8-05; 1; 8; 125000; 10633
2023-03-19 10:14:01; hka-aqm-am115;  22.78;  30.29;   454;   647;   332;    79;     4;     0;   -94;   -94;   7.5; drag-lps8-05; 2; 8; 125000; 10634
2023-03-19 10:19:21; hka-aqm-am115;  22.80;  30.29;   453;   637;   657;   162;     5;     0;   -96;   -96;   9.2; drag-lps8-05; 7; 8; 125000; 10635
2023-03-19 10:20:01; hka-aqm-am115;  22.80;  30.29;   453;   656;   440;   105;     2;     0;   -96;   -96;   7.8; drag-lps8-05; 5; 8; 125000; 10636
2023-03-19 10:21:01; hka-aqm-am115;  22.80;  30.29;   453;   647;   826;   207;     5;     0;   -97;   -97;  12.2; drag-lps8-05; 0; 8; 125000; 10637
2023-03-19 10:21:40; hka-aqm-am115;  22.79;  30.29;   457;   639;   548;   135;     5;     0;   -96;   -96;  11.0; drag-lps8-05; 6; 8; 125000; 10638
2023-03-19 10:22:00; hka-aqm-am115;  22.82;  30.29;   454;   639;   421;   101;     3;     0;   -94;   -94;   8.2; drag-lps8-05; 2; 8; 125000; 10639
2023-03-19 10:31:01; hka-aqm-am115;  22.82;  30.29;   454;   624;   668;   163;     5;     0;   -95;   -95;  10.2; drag-lps8-05; 4; 8; 125000; 10640
2023-03-19 10:31:21; hka-aqm-am115;  22.81;  30.29;   452;   649;   866;   217;     2;     0;   -97;   -97;  12.5; drag-lps8-05; 0; 8; 125000; 10641
2023-03-19 10:31:41; hka-aqm-am115;  22.82;  30.26;   451;   640;   576;   138;     2;     0;   -96;   -96;   7.8; drag-lps8-05; 5; 8; 125000; 10642
2023-03-19 10:32:02; hka-aqm-am115;  22.82;  30.26;   451;   631;   925;   232;     6;     0;   -96;   -96;  10.8; drag-lps8-05; 6; 8; 125000; 10643
2023-03-19 10:32:41; hka-aqm-am115;  22.82;  30.29;   451;   627;   917;   230;     5;     0;   -97;   -97;  10.8; drag-lps8-05; 7; 8; 125000; 10645
2023-03-19 10:33:41; hka-aqm-am115;  22.83;  30.26;   454;   631;   497;   119;     3;     0;   -95;   -95;  11.2; drag-lps8-05; 1; 8; 125000; 10646
2023-03-19 10:38:01; hka-aqm-am115;  22.83;  30.23;   449;   634;   457;   107;     4;     0;   -97;   -97;  11.5; drag-lps8-05; 0; 8; 125000; 10647
2023-03-19 10:39:02; hka-aqm-am115;  22.85;  30.23;   451;   626;   574;   135;     3;     0;   -97;   -97;  11.0; drag-lps8-05; 3; 8; 125000; 10648
2023-03-19 10:39:21; hka-aqm-am115;  22.86;  30.23;   450;   625;   742;   180;     3;     0;   -95;   -95;   8.5; drag-lps8-05; 5; 8; 125000; 10649
2023-03-19 10:39:41; hka-aqm-am115;  22.85;  30.26;   450;   622;   985;   246;     3;     0;   -95;   -95;   7.8; drag-lps8-05; 2; 8; 125000; 10650
2023-03-19 10:40:02; hka-aqm-am115;  22.84;  30.23;   450;   621;   897;   223;     4;     0;   -97;   -97;  10.2; drag-lps8-05; 7; 8; 125000; 10651
2023-03-19 10:40:21; hka-aqm-am115;  22.85;  30.26;   450;   622;  1280;   326;     4;     0;   -96;   -96;  10.8; drag-lps8-05; 6; 8; 125000; 10652
2023-03-19 10:46:21; hka-aqm-am115;  22.88;  30.23;   451;   624;   947;   234;     6;     0;   -95;   -95;  10.5; drag-lps8-05; 4; 8; 125000; 10653
2023-03-19 10:47:01; hka-aqm-am115;  22.88;  30.23;   448;   636;   807;   196;     4;     0;   -96;   -96;  11.0; drag-lps8-05; 1; 8; 125000; 10654
2023-03-19 10:47:21; hka-aqm-am115;  22.88;  30.23;   447;   633;   992;   246;     3;     0;   -96;   -96;   8.2; drag-lps8-05; 2; 8; 125000; 10655
2023-03-19 10:48:01; hka-aqm-am115;  22.90;  30.23;   451;   630;  1297;   331;     3;     0;   -96;   -96;  10.5; drag-lps8-05; 6; 8; 125000; 10656
2023-03-19 10:48:41; hka-aqm-am115;  22.88;  30.23;   448;   641;  1203;   305;     3;     0;   -95;   -95;  10.8; drag-lps8-05; 4; 8; 125000; 10657
2023-03-19 10:50:20; hka-aqm-am115;  22.90;  30.23;   459;   661;  1310;   335;     5;     0;   -93;   -93;   8.0; drag-lps8-05; 5; 8; 125000; 10658
2023-03-19 10:51:22; hka-aqm-am115;  22.91;  30.23;   450;   633;  1072;   267;     4;     0;   -97;   -97;  11.0; drag-lps8-05; 3; 8; 125000; 10659
2023-03-19 10:51:41; hka-aqm-am115;  22.90;  30.23;   449;   630;  1123;   282;     4;     0;   -96;   -96;  10.2; drag-lps8-05; 0; 8; 125000; 10660
2023-03-19 10:52:01; hka-aqm-am115;  22.89;  30.23;   449;   668;  1312;   334;     2;     0;   -96;   -96;   9.8; drag-lps8-05; 7; 8; 125000; 10661
2023-03-19 11:02:40; hka-aqm-am115;  22.98;  30.16;   460;   642;  1168;   292;     4;     0;   -95;   -95;  10.0; drag-lps8-05; 1; 8; 125000; 10662
2023-03-19 11:03:02; hka-aqm-am115;  22.99;  30.16;   456;   632;   955;   234;     1;     0;   -95;   -95;  10.5; drag-lps8-05; 4; 8; 125000; 10663
2023-03-19 11:03:21; hka-aqm-am115;  22.98;  30.16;   453;   624;  1162;   291;     3;     0;   -96;   -96;  11.5; drag-lps8-05; 7; 8; 125000; 10664
2023-03-19 11:03:41; hka-aqm-am115;  22.99;  30.16;   451;   623;  1080;   269;     4;     0;   -95;   -95;  11.0; drag-lps8-05; 1; 8; 125000; 10665
2023-03-19 11:04:21; hka-aqm-am115;  22.99;  30.16;   448;   624;  1243;   315;     4;     0;   -96;   -96;   8.2; drag-lps8-05; 2; 8; 125000; 10667
2023-03-19 11:04:42; hka-aqm-am115;  23.00;  30.16;   447;   621;  1302;   328;     2;     0;   -97;   -97;  11.0; drag-lps8-05; 0; 8; 125000; 10668
2023-03-19 11:05:01; hka-aqm-am115;  23.00;  30.16;   448;   620;   840;   202;     4;     0;   -94;   -94;   9.2; drag-lps8-05; 6; 8; 125000; 10669
2023-03-19 11:05:41; hka-aqm-am115;  23.01;  30.16;   451;   620;  1285;   323;     4;     0;   -96;   -96;   9.5; drag-lps8-05; 3; 8; 125000; 10670
2023-03-19 11:06:01; hka-aqm-am115;  23.00;  30.16;   450;   665;  1123;   276;     2;     0;   -96;   -96;  10.0; drag-lps8-05; 7; 8; 125000; 10671
2023-03-19 11:06:22; hka-aqm-am115;  23.00;  30.16;   449;   652;   605;   140;     2;     0;   -96;   -96;  10.5; drag-lps8-05; 4; 8; 125000; 10672
2023-03-19 11:06:41; hka-aqm-am115;  23.01;  30.16;   448;   644;   866;   208;     3;     0;   -96;   -96;  10.5; drag-lps8-05; 6; 8; 125000; 10673
2023-03-19 11:07:22; hka-aqm-am115;  23.00;  30.16;   451;   634;   636;   148;     3;     0;   -95;   -95;  10.0; drag-lps8-05; 1; 8; 125000; 10674
2023-03-19 11:07:41; hka-aqm-am115;  23.00;  30.16;   449;   638;   543;   124;     1;     0;   -97;   -97;  11.5; drag-lps8-05; 0; 8; 125000; 10675
2023-03-19 11:08:01; hka-aqm-am115;  23.01;  30.16;   448;   634;   490;   111;     2;     0;   -97;   -97;  11.0; drag-lps8-05; 3; 8; 125000; 10676
2023-03-19 11:08:41; hka-aqm-am115;  23.02;  30.09;   447;   631;   557;   129;     2;     0;   -95;   -95;   8.2; drag-lps8-05; 5; 8; 125000; 10677
2023-03-19 11:09:01; hka-aqm-am115;  23.00;  30.16;   447;   629;  1121;   277;     2;     0;   -96;   -96;   8.2; drag-lps8-05; 2; 8; 125000; 10678
2023-03-19 11:09:22; hka-aqm-am115;  23.01;  30.13;   446;   624;   444;   102;     3;     0;   -94;   -94;   9.8; drag-lps8-05; 1; 8; 125000; 10679
2023-03-19 11:11:01; hka-aqm-am115;  23.02;  30.16;   445;   620;   665;   157;     3;     0;   -95;   -95;  10.2; drag-lps8-05; 7; 8; 125000; 10680
2023-03-19 11:11:21; hka-aqm-am115;  23.02;  30.16;   445;   620;  1100;   272;     3;     0;   -97;   -97;  11.5; drag-lps8-05; 0; 8; 125000; 10681
2023-03-19 11:11:41; hka-aqm-am115;  23.02;  30.13;   445;   617;  1183;   293;     3;     0;   -93;   -93;  10.0; drag-lps8-05; 6; 8; 125000; 10682
2023-03-19 11:12:02; hka-aqm-am115;  23.02;  30.09;   445;   617;  1059;   261;     1;     0;   -97;   -97;  11.2; drag-lps8-05; 3; 8; 125000; 10683
2023-03-19 11:12:21; hka-aqm-am115;  23.03;  30.13;   445;   619;  1253;   314;     2;     0;   -93;   -93;   7.8; drag-lps8-05; 5; 8; 125000; 10684
2023-03-19 11:12:41; hka-aqm-am115;  23.04;  30.13;   445;   646;  1121;   278;     2;     0;   -93;   -93;  10.5; drag-lps8-05; 4; 8; 125000; 10685
2023-03-19 11:13:20; hka-aqm-am115;  23.02;  30.16;   449;   637;  1276;   320;     2;     0;   -96;   -96;   8.2; drag-lps8-05; 2; 8; 125000; 10686
2023-03-19 11:13:42; hka-aqm-am115;  23.04;  30.16;   448;   629;  1044;   257;     2;     0;   -97;   -97;  12.2; drag-lps8-05; 0; 8; 125000; 10687
2023-03-19 11:14:21; hka-aqm-am115;  23.04;  30.13;   447;   622;  1211;   301;     2;     0;   -95;   -95;  10.2; drag-lps8-05; 4; 8; 125000; 10688
2023-03-19 11:15:21; hka-aqm-am115;  23.06;  30.13;   447;   620;  1153;   287;     2;     0;   -95;   -95;   8.0; drag-lps8-05; 5; 8; 125000; 10689
2023-03-19 11:20:42; hka-aqm-am115;  23.06;  30.09;   448;   639;  1060;   264;     4;     0;   -95;   -95;   8.8; drag-lps8-05; 2; 8; 125000; 10690
2023-03-19 11:21:21; hka-aqm-am115;  23.07;  30.09;   451;   631;  1188;   299;     2;     0;   -96;   -96;  10.5; drag-lps8-05; 6; 8; 125000; 10691
2023-03-19 11:28:02; hka-aqm-am115;  23.11;  30.09;   448;   594;  1063;   265;     5;     0;   -97;   -97;  10.5; drag-lps8-05; 7; 8; 125000; 10692
2023-03-19 11:29:00; hka-aqm-am115;  23.12;  30.09;   449;   607;  1126;   284;     3;     0;   -95;   -95;   9.8; drag-lps8-05; 1; 8; 125000; 10693
2023-03-19 11:29:20; hka-aqm-am115;  23.11;  30.09;   448;   610;  1232;   309;     3;     0;   -97;   -97;  10.8; drag-lps8-05; 3; 8; 125000; 10694
2023-03-19 11:32:21; hka-aqm-am115;  23.12;  30.09;   450;   613;  1034;   259;     3;     0;   -94;   -94;   9.2; drag-lps8-05; 1; 8; 125000; 10695
2023-03-19 11:33:02; hka-aqm-am115;  23.12;  30.09;   454;   611;   555;   133;     3;     0;   -97;   -97;  11.5; drag-lps8-05; 3; 8; 125000; 10696
2023-03-19 11:36:41; hka-aqm-am115;  23.14;  30.09;   449;   620;   683;   167;     4;     0;   -97;   -97;  11.8; drag-lps8-05; 7; 8; 125000; 10697
2023-03-19 11:37:42; hka-aqm-am115;  23.15;  30.09;   450;   646;   923;   230;     2;     0;   -96;   -96;  11.0; drag-lps8-05; 4; 8; 125000; 10698
2023-03-19 11:38:01; hka-aqm-am115;  23.14;  30.09;   448;   634;   603;   146;     3;     0;   -96;   -96;  11.2; drag-lps8-05; 6; 8; 125000; 10699
2023-03-19 11:38:21; hka-aqm-am115;  23.14;  30.06;   447;   628;   688;   169;     3;     0;   -93;   -93;   8.0; drag-lps8-05; 5; 8; 125000; 10700
2023-03-19 11:38:41; hka-aqm-am115;  23.13;  30.06;   447;   622;   570;   138;     5;     0;   -97;   -97;  10.5; drag-lps8-05; 0; 8; 125000; 10701
2023-03-19 11:51:22; hka-aqm-am115;  23.19;  30.09;   449;   642;   597;   143;     5;     0;   -95;   -95;   8.5; drag-lps8-05; 2; 8; 125000; 10702
2023-03-19 11:51:41; hka-aqm-am115;  23.19;  30.09;   448;   655;   486;   115;     4;     0;   -96;   -96;   9.8; drag-lps8-05; 1; 8; 125000; 10703
2023-03-19 11:53:21; hka-aqm-am115;  23.20;  30.06;   444;   597;   451;   107;     4;     0;   -97;   -97;  10.5; drag-lps8-05; 7; 8; 125000; 10704
2023-03-19 11:55:22; hka-aqm-am115;  23.20;  30.09;   444;   626;   598;   145;     4;     0;   -96;   -96;   8.2; drag-lps8-05; 5; 8; 125000; 10705
2023-03-19 11:56:01; hka-aqm-am115;  23.19;  30.06;   448;   628;   461;   111;     2;     0;   -96;   -96;   8.0; drag-lps8-05; 2; 8; 125000; 10706
2023-03-19 11:57:02; hka-aqm-am115;  23.20;  30.09;   442;   628;   655;   160;     4;     0;   -97;   -97;  10.8; drag-lps8-05; 0; 8; 125000; 10707
2023-03-19 11:57:21; hka-aqm-am115;  23.19;  30.02;   441;   629;   796;   198;     3;     0;   -95;   -95;   9.8; drag-lps8-05; 6; 8; 125000; 10708
2023-03-19 11:57:42; hka-aqm-am115;  23.19;  30.06;   442;   629;   739;   181;     4;     0;   -96;   -96;  11.2; drag-lps8-05; 4; 8; 125000; 10709
2023-03-19 11:58:01; hka-aqm-am115;  23.20;  30.06;   442;   629;   678;   165;     4;     0;   -96;   -96;   9.5; drag-lps8-05; 3; 8; 125000; 10710
2023-03-19 11:58:42; hka-aqm-am115;  23.19;  30.09;   442;   630;   584;   143;     3;     0;   -95;   -95;  10.2; drag-lps8-05; 4; 8; 125000; 10711
2023-03-19 11:59:21; hka-aqm-am115;  23.20;  30.06;   442;   633;   607;   148;     3;     0;   -96;   -96;   9.2; drag-lps8-05; 6; 8; 125000; 10712
2023-03-19 12:03:21; hka-aqm-am115;  23.22;  30.02;   446;   599;   386;    93;     4;     0;   -96;   -96;  10.2; drag-lps8-05; 0; 8; 125000; 10713
2023-03-19 12:18:27; hka-aqm-am115;  23.26;  30.06;   440;   644;   477;   115;     2;     0;   -95;   -95;   8.8; drag-lps8-05; 5; 8; 125000; 10714
2023-03-19 12:33:34; hka-aqm-am115;  23.28;  30.02;   440;   654;   751;   180;     2;     0;   -95;   -95;   9.5; drag-lps8-05; 3; 8; 125000; 10715
2023-03-19 12:36:42; hka-aqm-am115;  23.30;  30.02;   444;   656;   970;   235;     5;     0;   -96;   -96;  10.0; drag-lps8-05; 7; 8; 125000; 10716
2023-03-19 12:37:01; hka-aqm-am115;  23.31;  30.06;   442;   653;   888;   214;     3;     0;   -96;   -96;  11.0; drag-lps8-05; 1; 8; 125000; 10717
2023-03-19 12:38:00; hka-aqm-am115;  23.30;  30.02;   441;   649;   985;   239;     3;     0;   -96;   -96;   8.8; drag-lps8-05; 2; 8; 125000; 10718
2023-03-19 12:39:22; hka-aqm-am115;  23.33;  30.06;   442;   651;   982;   239;     4;     0;   -95;   -95;   8.8; drag-lps8-05; 5; 8; 125000; 10719
2023-03-19 12:39:42; hka-aqm-am115;  23.32;  30.02;   440;   650;   732;   174;     2;     0;   -94;   -94;   9.5; drag-lps8-05; 3; 8; 125000; 10720
2023-03-19 12:50:41; hka-aqm-am115;  23.36;  30.02;   441;   649;   712;   171;     5;     0;   -95;   -95;  11.5; drag-lps8-05; 4; 8; 125000; 10721
2023-03-19 12:53:02; hka-aqm-am115;  23.39;  30.02;   437;   646;   557;   132;     5;     0;   -97;   -97;  11.8; drag-lps8-05; 7; 8; 125000; 10722
2023-03-19 12:53:21; hka-aqm-am115;  23.38;  30.02;   436;   664;   609;   145;     3;     0;   -95;   -95;  10.0; drag-lps8-05; 1; 8; 125000; 10723
2023-03-19 12:56:22; hka-aqm-am115;  23.40;  30.02;   438;   596;   617;   149;     4;     0;   -97;   -97;  10.5; drag-lps8-05; 0; 8; 125000; 10724
2023-03-19 12:57:42; hka-aqm-am115;  23.40;  30.02;   440;   634;   801;   196;     5;     0;   -95;   -95;  10.0; drag-lps8-05; 6; 8; 125000; 10725
2023-03-19 12:58:22; hka-aqm-am115;  23.41;  30.02;   438;   641;   902;   225;     4;     0;   -94;   -94;   8.5; drag-lps8-05; 2; 8; 125000; 10726
2023-03-19 12:59:21; hka-aqm-am115;  23.42;  30.02;   438;   648;   742;   182;     3;     0;   -96;   -96;  11.0; drag-lps8-05; 6; 8; 125000; 10727
2023-03-19 12:59:41; hka-aqm-am115;  23.42;  30.02;   437;   648;   681;   166;     2;     0;   -96;   -96;   8.0; drag-lps8-05; 2; 8; 125000; 10728
2023-03-19 13:00:42; hka-aqm-am115;  23.42;  30.02;   435;   652;   557;   135;     3;     0;   -96;   -96;   8.0; drag-lps8-05; 5; 8; 125000; 10729
2023-03-19 13:03:02; hka-aqm-am115;  23.42;  30.02;   436;   652;   572;   139;     5;     0;   -96;   -96;  11.5; drag-lps8-05; 1; 8; 125000; 10730
2023-03-19 13:03:41; hka-aqm-am115;  23.42;  30.02;   436;   650;   527;   127;     4;     0;   -96;   -96;  11.0; drag-lps8-05; 4; 8; 125000; 10731
2023-03-19 13:18:48; hka-aqm-am115;  23.48;  30.02;   433;   646;   490;   119;     1;     0;   -97;   -97;  10.2; drag-lps8-05; 0; 8; 125000; 10732
2023-03-19 13:33:54; hka-aqm-am115;  23.50;  30.02;   434;   663;   332;    80;     2;     0;   -95;   -95;   9.8; drag-lps8-05; 3; 8; 125000; 10733
2023-03-19 13:49:02; hka-aqm-am115;  23.56;  30.02;   437;   654;   308;    76;     5;     0;   -95;   -95;  10.0; drag-lps8-05; 7; 8; 125000; 10734
2023-03-19 14:04:08; hka-aqm-am115;  23.57;  30.02;   432;   684;   235;    57;     4;     0;   -96;   -96;  10.8; drag-lps8-05; 6; 8; 125000; 10735
2023-03-19 14:19:14; hka-aqm-am115;  23.56;  30.02;   439;   660;   267;    65;     1;     0;   -97;   -97;  11.0; drag-lps8-05; 3; 8; 125000; 10736
2023-03-19 14:34:23; hka-aqm-am115;  23.57;  30.09;   437;   654;   327;    80;     6;     0;   -97;   -97;  11.8; drag-lps8-05; 7; 8; 125000; 10737
2023-03-19 14:49:30; hka-aqm-am115;  23.58;  30.09;   433;   653;   320;    78;     1;     0;   -93;   -93;   9.0; drag-lps8-05; 1; 8; 125000; 10738
2023-03-19 15:04:36; hka-aqm-am115;  23.58;  30.13;   441;   676;   611;   150;     2;     0;   -96;   -96;  11.0; drag-lps8-05; 4; 8; 125000; 10739
2023-03-19 15:06:01; hka-aqm-am115;  23.58;  30.13;   437;   656;   620;   152;     6;     0;   -96;   -96;   8.5; drag-lps8-05; 5; 8; 125000; 10740
2023-03-19 15:06:21; hka-aqm-am115;  23.58;  30.16;   435;   659;   529;   128;     4;     0;   -96;   -96;   7.5; drag-lps8-05; 2; 8; 125000; 10741
2023-03-19 15:06:42; hka-aqm-am115;  23.60;  30.16;   434;   699;   405;    97;     3;     0;   -95;   -95;   9.8; drag-lps8-05; 0; 8; 125000; 10742
2023-03-19 15:21:48; hka-aqm-am115;  23.63;  30.16;   429;   659;   211;    50;     4;     0;   -96;   -96;  10.2; drag-lps8-05; 1; 8; 125000; 10743
2023-03-19 15:36:54; hka-aqm-am115;  23.64;  30.16;   434;   668;   315;    77;     2;     0;   -96;   -96;   7.8; drag-lps8-05; 2; 8; 125000; 10744
2023-03-19 15:52:03; hka-aqm-am115;  23.66;  30.19;   437;   655;   310;    77;     6;     0;   -96;   -96;  11.8; drag-lps8-05; 0; 8; 125000; 10745
2023-03-19 15:54:02; hka-aqm-am115;  23.65;  30.19;   431;   665;   313;    77;     6;     0;   -95;   -95;   9.5; drag-lps8-05; 3; 8; 125000; 10746
2023-03-19 16:03:42; hka-aqm-am115;  23.66;  30.23;   433;   654;   547;   135;     5;     0;   -94;   -94;   8.8; drag-lps8-05; 6; 8; 125000; 10747
2023-03-19 16:04:03; hka-aqm-am115;  23.66;  30.23;   432;   656;   770;   193;     5;     0;   -96;   -96;   8.0; drag-lps8-05; 5; 8; 125000; 10748
2023-03-19 16:04:43; hka-aqm-am115;  23.67;  30.23;   431;   676;   568;   141;     2;     0;   -96;   -96;  11.0; drag-lps8-05; 7; 8; 125000; 10749
2023-03-19 16:05:23; hka-aqm-am115;  23.66;  30.23;   430;   659;   747;   188;     6;     0;   -95;   -95;  10.0; drag-lps8-05; 4; 8; 125000; 10750
2023-03-19 16:06:21; hka-aqm-am115;  23.67;  30.23;   433;   665;   666;   165;     6;     0;   -94;   -94;   8.2; drag-lps8-05; 2; 8; 125000; 10751
2023-03-19 16:07:42; hka-aqm-am115;  23.68;  30.23;   432;   699;   763;   189;     4;     0;   -97;   -97;  11.5; drag-lps8-05; 0; 8; 125000; 10752
2023-03-19 16:08:03; hka-aqm-am115;  23.68;  30.23;   431;   684;   935;   234;     4;     0;   -95;   -95;   7.5; drag-lps8-05; 5; 8; 125000; 10753
2023-03-19 16:08:23; hka-aqm-am115;  23.67;  30.23;   430;   676;  1400;   358;     4;     0;   -96;   -96;  11.0; drag-lps8-05; 1; 8; 125000; 10754
2023-03-19 16:08:43; hka-aqm-am115;  23.67;  30.23;   429;   669;  1661;   428;     3;     0;   -95;   -95;  10.5; drag-lps8-05; 4; 8; 125000; 10755
2023-03-19 16:09:21; hka-aqm-am115;  23.69;  30.23;   433;   662;  1792;   464;     3;     0;   -97;   -97;  11.5; drag-lps8-05; 7; 8; 125000; 10756
2023-03-19 16:10:42; hka-aqm-am115;  23.68;  30.23;   430;   671;  1715;   444;     4;     0;   -96;   -96;  10.5; drag-lps8-05; 6; 8; 125000; 10757
2023-03-19 16:11:02; hka-aqm-am115;  23.70;  30.23;   430;   666;  1832;   473;     2;     0;   -97;   -97;  10.5; drag-lps8-05; 3; 8; 125000; 10758
2023-03-19 16:11:42; hka-aqm-am115;  23.69;  30.23;   430;   688;  1747;   451;     5;     0;   -97;   -97;   9.2; drag-lps8-05; 7; 8; 125000; 10759
2023-03-19 16:12:02; hka-aqm-am115;  23.70;  30.23;   429;   680;  1294;   330;     5;     0;   -96;   -96;  11.0; drag-lps8-05; 6; 8; 125000; 10760
2023-03-19 16:12:41; hka-aqm-am115;  23.70;  30.23;   433;   671;   798;   198;     3;     0;   -94;   -94;  10.5; drag-lps8-05; 1; 8; 125000; 10761
2023-03-19 16:13:22; hka-aqm-am115;  23.70;  30.23;   430;   664;   621;   153;     3;     0;   -95;   -95;   7.5; drag-lps8-05; 2; 8; 125000; 10762
2023-03-19 16:13:42; hka-aqm-am115;  23.70;  30.26;   429;   661;   544;   134;     2;     0;   -96;   -96;   7.5; drag-lps8-05; 5; 8; 125000; 10763
2023-03-19 16:17:02; hka-aqm-am115;  23.72;  30.26;   439;   659;   547;   133;     4;     0;   -97;   -97;  11.5; drag-lps8-05; 3; 8; 125000; 10764
2023-03-19 16:17:42; hka-aqm-am115;  23.75;  30.23;   433;   661;   480;   117;     3;     0;   -96;   -96;   9.8; drag-lps8-05; 0; 8; 125000; 10765
2023-03-19 16:30:02; hka-aqm-am115;  23.79;  30.26;   432;   663;   611;   160;     5;     0;   -96;   -96;  11.2; drag-lps8-05; 4; 8; 125000; 10766
2023-03-19 16:30:22; hka-aqm-am115;  23.80;  30.23;   432;   695;   544;   141;     4;     0;   -97;   -97;  11.2; drag-lps8-05; 0; 8; 125000; 10767
2023-03-19 16:30:43; hka-aqm-am115;  23.80;  30.23;   432;   681;   293;    71;     4;     0;   -95;   -95;   8.2; drag-lps8-05; 2; 8; 125000; 10768
2023-03-19 16:31:02; hka-aqm-am115;  23.80;  30.23;   432;   674;   240;    58;     3;     0;   -95;   -95;  11.2; drag-lps8-05; 4; 8; 125000; 10769
2023-03-19 16:46:08; hka-aqm-am115;  23.82;  30.26;   429;   657;    87;    21;     4;     0;   -96;   -96;  12.0; drag-lps8-05; 1; 8; 125000; 10770
2023-03-19 17:01:15; hka-aqm-am115;  23.83;  30.29;   429;   651;    55;    14;     1;     0;   -96;   -96;   8.0; drag-lps8-05; 5; 8; 125000; 10771
2023-03-19 17:16:23; hka-aqm-am115;  23.80;  30.40;   435;   630;   105;    26;     6;     0;   -96;   -96;  10.8; drag-lps8-05; 3; 8; 125000; 10772
2023-03-19 17:31:29; hka-aqm-am115;  23.79;  30.50;   429;   654;   140;    37;     5;     0;   -97;   -97;  11.0; drag-lps8-05; 7; 8; 125000; 10773
2023-03-19 17:46:36; hka-aqm-am115;  23.77;  30.63;   430;   615;   109;    30;     1;     0;   -96;   -96;  10.8; drag-lps8-05; 6; 8; 125000; 10774
2023-03-19 18:01:43; hka-aqm-am115;  23.71;  30.77;   429;   658;    59;    15;     6;     0;   -95;   -95;  10.5; drag-lps8-05; 4; 8; 125000; 10775
2023-03-19 18:16:49; hka-aqm-am115;  23.68;  30.97;   438;   660;    34;     9;     2;     0;   -96;   -96;  11.0; drag-lps8-05; 1; 8; 125000; 10776
2023-03-19 18:31:56; hka-aqm-am115;  23.63;  31.10;   431;   630;    16;     5;     4;     0;   -97;   -97;  12.2; drag-lps8-05; 0; 8; 125000; 10777
2023-03-19 18:47:03; hka-aqm-am115;  23.55;  31.24;   431;   620;     8;     1;     6;     0;   -96;   -96;   8.8; drag-lps8-05; 5; 8; 125000; 10778
2023-03-19 19:02:09; hka-aqm-am115;  23.50;  31.37;   433;   674;     6;     0;     2;     0;   -96;   -96;  10.5; drag-lps8-05; 3; 8; 125000; 10779
2023-03-19 19:17:15; hka-aqm-am115;  23.45;  31.58;   429;   684;     6;     0;     2;     0;   -96;   -96;   8.5; drag-lps8-05; 2; 8; 125000; 10780
2023-03-19 19:32:23; hka-aqm-am115;  23.42;  31.71;   430;   674;     8;     2;     6;     0;   -96;   -96;  11.5; drag-lps8-05; 7; 8; 125000; 10781
2023-03-19 19:47:29; hka-aqm-am115;  23.36;  31.88;   429;   688;     6;     0;     0;     0;   -96;   -96;  11.0; drag-lps8-05; 6; 8; 125000; 10782
2023-03-19 20:02:36; hka-aqm-am115;  23.31;  32.05;   437;   670;     7;     2;     2;     0;   -97;   -97;  12.0; drag-lps8-05; 0; 8; 125000; 10783
2023-03-19 20:17:43; hka-aqm-am115;  23.28;  32.25;   429;   724;     6;     0;     6;     0;   -93;   -93;   9.8; drag-lps8-05; 1; 8; 125000; 10784
2023-03-19 20:32:49; hka-aqm-am115;  23.24;  32.45;   444;   711;     6;     0;     2;     0;   -96;   -96;   8.5; drag-lps8-05; 2; 8; 125000; 10785
2023-03-19 20:47:55; hka-aqm-am115;  23.19;  32.62;   434;   711;     6;     0;     2;     0;   -94;   -94;   8.5; drag-lps8-05; 5; 8; 125000; 10786
2023-03-19 21:03:03; hka-aqm-am115;  23.16;  32.78;   433;   712;     6;     0;     6;     0;   -96;   -96;  10.8; drag-lps8-05; 4; 8; 125000; 10787
2023-03-19 21:18:10; hka-aqm-am115;  23.11;  33.02;   436;   706;     6;     0;     0;     0;   -97;   -97;  11.2; drag-lps8-05; 7; 8; 125000; 10788
2023-03-19 21:33:16; hka-aqm-am115;  23.05;  33.22;   434;   720;     6;     1;     2;     0;   -96;   -96;  11.0; drag-lps8-05; 6; 8; 125000; 10789
2023-03-19 21:48:24; hka-aqm-am115;  23.00;  33.42;   434;   722;     6;     1;     3;     0;   -94;   -94;   9.8; drag-lps8-05; 3; 8; 125000; 10790
2023-03-19 22:03:31; hka-aqm-am115;  22.98;  33.59;   436;   686;     6;     0;     1;     0;   -95;   -95;   9.8; drag-lps8-05; 4; 8; 125000; 10791
2023-03-19 22:18:37; hka-aqm-am115;  22.95;  33.79;   437;   741;     6;     1;     6;     0;   -96;   -96;  11.2; drag-lps8-05; 1; 8; 125000; 10792
2023-03-19 22:33:44; hka-aqm-am115;  22.92;  33.89;   436;   719;     6;     0;     6;     0;   -97;   -97;  11.0; drag-lps8-05; 3; 8; 125000; 10793
2023-03-19 22:48:50; hka-aqm-am115;  22.88;  34.06;   446;   730;     6;     1;     6;     0;   -96;   -96;  10.2; drag-lps8-05; 0; 8; 125000; 10794
2023-03-19 23:03:56; hka-aqm-am115;  22.87;  34.12;   435;   666;     6;     0;     6;     0;   -94;   -94;  10.0; drag-lps8-05; 6; 8; 125000; 10795
2023-03-19 23:19:04; hka-aqm-am115;  22.84;  34.26;   436;   705;     6;     1;     6;     0;   -95;   -95;   9.5; drag-lps8-05; 7; 8; 125000; 10796
2023-03-19 23:34:10; hka-aqm-am115;  22.80;  34.32;   440;   659;     6;     0;     2;     0;   -96;   -96;   7.5; drag-lps8-05; 5; 8; 125000; 10797
2023-03-19 23:49:17; hka-aqm-am115;  22.80;  34.39;   457;   681;     6;     1;     6;     0;   -96;   -96;   7.8; drag-lps8-05; 2; 8; 125000; 10798
