# Logfile LoRaWAN TTN/TTS V3 logger version hka-log V 1.1
date_time;device_id;tmp;hum;CO2;VOC;vis;IR;WIFI;BLE;rssi;channel_rssi;snr;gateway;channel_index;spreading_factor;bandwidth;f_cnt
2023-04-08 00:04:28; hka-aqm-am115;  22.46;  29.75;   437;   712;    13;     1;     5;     2;   -96;   -96;  11.2; drag-lps8-05; 3; 8; 125000; 15909
2023-04-08 00:19:34; hka-aqm-am115;  22.43;  29.82;   434;   709;    13;     1;     5;     2;  -113;  -113;   3.8; drag-lps8-03; 1; 8; 125000; 15910
2023-04-08 00:34:40; hka-aqm-am115;  22.39;  29.96;   439;   699;    13;     1;     5;     2;  -113;  -113;   6.5; drag-lps8-03; 7; 8; 125000; 15911
2023-04-08 00:49:47; hka-aqm-am115;  22.35;  30.02;   440;   717;    13;     1;     5;     2;   -94;   -94;  10.5; drag-lps8-05; 4; 8; 125000; 15912
2023-04-08 01:04:54; hka-aqm-am115;  22.34;  30.02;   439;   703;    13;     1;     5;     2;  -109;  -109; nan; drag-lps8-03; 6; 8; 125000; 15913
2023-04-08 01:20:00; hka-aqm-am115;  22.35;  30.09;   436;   704;    14;     3;     5;     2;  -111;  -111;  -2.2; drag-lps8-03; 0; 8; 125000; 15914
2023-04-08 01:35:07; hka-aqm-am115;  22.32;  30.16;   436;   701;    13;     1;     5;     2;  -108;  -108; nan; drag-lps8-03; 5; 8; 125000; 15915
2023-04-08 01:50:13; hka-aqm-am115;  22.30;  30.23;   437;   721;    13;     1;     5;     2;   -96;   -96;  11.0; drag-lps8-05; 3; 8; 125000; 15916
2023-04-08 02:05:19; hka-aqm-am115;  22.27;  30.36;   433;   697;    15;     3;     5;     2;  -112;  -112;  -3.0; drag-lps8-03; 1; 8; 125000; 15917
2023-04-08 02:20:27; hka-aqm-am115;  22.25;  30.43;   438;   693;    13;     1;     5;     2;   -97;   -97;   8.5; drag-lps8-05; 2; 8; 125000; 15918
2023-04-08 02:35:34; hka-aqm-am115;  22.25;  30.53;   435;   692;    15;     3;     5;     2;  -113;  -113;   1.5; drag-lps8-03; 7; 8; 125000; 15919
2023-04-08 02:50:40; hka-aqm-am115;  22.22;  30.63;   435;   686;    15;     3;     5;     2;  -110;  -110;  -2.5; drag-lps8-03; 1; 8; 125000; 15920
2023-04-08 03:05:48; hka-aqm-am115;  22.21;  30.73;   440;   682;    13;     1;     5;     2;   -95;   -95;   8.2; drag-lps8-05; 5; 8; 125000; 15921
2023-04-08 03:20:54; hka-aqm-am115;  22.17;  30.83;   435;   709;    13;     1;     5;     2;  -112;  -112;   2.2; drag-lps8-03; 2; 8; 125000; 15922
2023-04-08 03:36:01; hka-aqm-am115;  22.16;  30.83;   439;   640;    15;     3;     5;     2;   -96;   -96;  10.2; drag-lps8-05; 3; 8; 125000; 15923
2023-04-08 03:51:08; hka-aqm-am115;  22.16;  30.87;   438;   683;    13;     1;     5;     2;   -96;   -96;  11.0; drag-lps8-05; 6; 8; 125000; 15924
2023-04-08 04:06:14; hka-aqm-am115;  22.16;  30.94;   442;   678;    13;     1;     5;     2;   -95;   -95;  10.2; drag-lps8-05; 0; 8; 125000; 15925
2023-04-08 04:21:20; hka-aqm-am115;  22.15;  30.97;   439;   679;    13;     1;     5;     2;   -95;   -95;  11.5; drag-lps8-05; 4; 8; 125000; 15926
2023-04-08 04:36:28; hka-aqm-am115;  22.12;  31.04;   435;   670;    13;     1;     5;     2;   -96;   -96;   9.8; drag-lps8-05; 7; 8; 125000; 15927
2023-04-08 04:51:35; hka-aqm-am115;  22.12;  31.10;   434;   674;    13;     1;     5;     2;   -95;   -95;  10.0; drag-lps8-05; 6; 8; 125000; 15928
2023-04-08 05:06:41; hka-aqm-am115;  22.10;  31.17;   437;   626;    13;     1;     5;     2;   -95;   -95;   8.0; drag-lps8-05; 5; 8; 125000; 15929
2023-04-08 05:21:48; hka-aqm-am115;  22.10;  31.24;   442;   681;    13;     1;     5;     2;   -95;   -95;   8.2; drag-lps8-05; 2; 8; 125000; 15930
2023-04-08 05:36:55; hka-aqm-am115;  22.08;  31.24;   443;   676;    15;     3;     5;     2;   -96;   -96;  11.0; drag-lps8-05; 0; 8; 125000; 15931
2023-04-08 05:52:01; hka-aqm-am115;  22.06;  31.31;   433;   666;    13;     1;     5;     2;  -107;  -107;   7.2; drag-lps8-03; 4; 8; 125000; 15932
2023-04-08 06:07:08; hka-aqm-am115;  22.05;  31.37;   436;   666;    13;     1;     5;     2;   -94;   -94;  10.0; drag-lps8-05; 1; 8; 125000; 15933
2023-04-08 06:22:15; hka-aqm-am115;  22.02;  31.37;   440;   666;    15;     3;     5;     2;   -94;   -94;   9.0; drag-lps8-05; 3; 8; 125000; 15934
2023-04-08 06:37:21; hka-aqm-am115;  22.03;  31.44;   435;   670;    14;     1;     5;     2;  -113;  -113;   6.8; drag-lps8-03; 7; 8; 125000; 15935
2023-04-08 06:52:29; hka-aqm-am115;  22.02;  31.51;   442;   666;    20;     4;     5;     2;   -96;   -96;  11.0; drag-lps8-05; 3; 8; 125000; 15936
2023-04-08 07:07:35; hka-aqm-am115;  22.00;  31.58;   440;   651;    31;     6;     5;     2;  -109;  -109;   5.0; drag-lps8-03; 6; 8; 125000; 15937
2023-04-08 07:22:41; hka-aqm-am115;  21.96;  31.61;   439;   667;    44;     9;     5;     2;  -108;  -108;   6.0; drag-lps8-03; 5; 8; 125000; 15938
2023-04-08 07:37:48; hka-aqm-am115;  21.98;  31.61;   437;   618;    74;    17;     5;     2;   -95;   -95;  10.2; drag-lps8-05; 0; 8; 125000; 15939
2023-04-08 07:52:54; hka-aqm-am115;  21.99;  31.64;   453;   660;   203;    54;     5;     2;  -114;  -114;   2.0; drag-lps8-03; 2; 8; 125000; 15940
2023-04-08 08:08:01; hka-aqm-am115;  22.00;  31.64;   448;   660;   119;    28;     5;     2;   -95;   -95;  10.2; drag-lps8-05; 1; 8; 125000; 15941
2023-04-08 08:23:09; hka-aqm-am115;  22.00;  31.64;   440;   656;   146;    37;     5;     2;  -107;  -107;   6.2; drag-lps8-03; 4; 8; 125000; 15942
2023-04-08 08:38:15; hka-aqm-am115;  22.03;  31.71;   442;   656;   167;    41;     5;     2;  -112;  -112;   4.0; drag-lps8-03; 1; 8; 125000; 15943
2023-04-08 08:53:22; hka-aqm-am115;  22.03;  31.68;   439;   657;   238;    60;     5;     2;  -108;  -108;   5.5; drag-lps8-03; 3; 8; 125000; 15944
2023-04-08 09:08:29; hka-aqm-am115;  22.06;  31.68;   440;   683;   315;    82;     5;     2;  -113;  -113;   5.8; drag-lps8-03; 0; 8; 125000; 15945
2023-04-08 09:23:36; hka-aqm-am115;  22.10;  31.71;   444;   642;   415;   108;     5;     2;  -109;  -109;   5.5; drag-lps8-03; 6; 8; 125000; 15946
2023-04-08 09:25:48; hka-aqm-am115;  22.10;  31.71;   442;   680;   573;   158;     5;     2;  -114;  -114;   2.5; drag-lps8-03; 2; 8; 125000; 15947
2023-04-08 09:26:08; hka-aqm-am115;  22.11;  31.64;   440;   670;   494;   130;     1;     0;  -113;  -113;   6.2; drag-lps8-03; 7; 8; 125000; 15948
2023-04-08 09:30:08; hka-aqm-am115;  22.12;  31.68;   449;   650;   427;   107;     2;     0;  -109;  -109;   7.2; drag-lps8-03; 4; 8; 125000; 15949
2023-04-08 09:32:48; hka-aqm-am115;  22.11;  31.68;   440;   654;   466;   118;     2;     0;  -111;  -111;   6.2; drag-lps8-03; 5; 8; 125000; 15950
2023-04-08 09:33:29; hka-aqm-am115;  22.12;  31.64;   437;   657;   618;   168;     0;     0;  -111;  -111;   5.2; drag-lps8-03; 0; 8; 125000; 15951
2023-04-08 09:33:48; hka-aqm-am115;  22.12;  31.64;   436;   655;   754;   217;     0;     0;  -108;  -108;   5.2; drag-lps8-03; 6; 8; 125000; 15952
2023-04-08 09:34:09; hka-aqm-am115;  22.11;  31.64;   435;   655;   938;   286;     3;     0;   -95;   -95;  11.5; drag-lps8-05; 4; 8; 125000; 15953
2023-04-08 09:34:28; hka-aqm-am115;  22.12;  31.64;   435;   654;   552;   150;     3;     0;   -96;   -96;  11.2; drag-lps8-05; 3; 8; 125000; 15954
2023-04-08 09:34:49; hka-aqm-am115;  22.12;  31.64;   436;   656;   433;   109;     0;     0;  -111;  -111;   4.0; drag-lps8-03; 1; 8; 125000; 15955
2023-04-08 09:36:28; hka-aqm-am115;  22.12;  31.64;   441;   666;   485;   126;     2;     0;   -95;   -95;   8.8; drag-lps8-05; 5; 8; 125000; 15956
2023-04-08 09:37:07; hka-aqm-am115;  22.12;  31.64;   445;   659;   632;   174;     1;     0;  -114;  -114;   2.2; drag-lps8-03; 2; 8; 125000; 15957
2023-04-08 09:37:28; hka-aqm-am115;  22.15;  31.68;   443;   602;   453;   117;     0;     0;   -95;   -95;  11.0; drag-lps8-05; 7; 8; 125000; 15958
2023-04-08 09:37:49; hka-aqm-am115;  22.14;  31.64;   441;   619;   704;   201;     0;     0;   -96;   -96;  10.2; drag-lps8-05; 6; 8; 125000; 15959
2023-04-08 09:38:47; hka-aqm-am115;  22.14;  31.64;   443;   593;   859;   254;     1;     0;   -96;   -96;  10.8; drag-lps8-05; 1; 8; 125000; 15960
2023-04-08 09:39:08; hka-aqm-am115;  22.13;  31.64;   441;   614;   743;   207;     1;     0;  -109;  -109;   7.0; drag-lps8-03; 4; 8; 125000; 15961
2023-04-08 09:40:09; hka-aqm-am115;  22.13;  31.64;   438;   643;   567;   148;     2;     0;   -96;   -96;   7.8; drag-lps8-05; 5; 8; 125000; 15962
2023-04-08 09:40:48; hka-aqm-am115;  22.14;  31.64;   442;   645;   889;   255;     1;     0;   -96;   -96;  10.5; drag-lps8-05; 3; 8; 125000; 15963
2023-04-08 09:41:08; hka-aqm-am115;  22.14;  31.64;   440;   649;   680;   187;     0;     0;  -111;  -111;   5.5; drag-lps8-03; 0; 8; 125000; 15964
2023-04-08 09:41:29; hka-aqm-am115;  22.15;  31.64;   439;   651;   811;   236;     0;     0;   -95;   -95;   7.8; drag-lps8-05; 2; 8; 125000; 15965
2023-04-08 09:41:49; hka-aqm-am115;  22.14;  31.64;   438;   654;   703;   196;     0;     0;   -97;   -97;  10.2; drag-lps8-05; 7; 8; 125000; 15966
2023-04-08 09:42:08; hka-aqm-am115;  22.15;  31.64;   438;   655;  1036;   310;     0;     0;  -107;  -107;   5.2; drag-lps8-03; 5; 8; 125000; 15967
2023-04-08 09:42:29; hka-aqm-am115;  22.16;  31.64;   438;   655;   871;   254;     2;     0;   -96;   -96;   9.8; drag-lps8-05; 7; 8; 125000; 15968
2023-04-08 09:43:08; hka-aqm-am115;  22.14;  31.64;   442;   655;   962;   280;     2;     0;  -109;  -109;   6.2; drag-lps8-03; 3; 8; 125000; 15969
2023-04-08 09:43:28; hka-aqm-am115;  22.14;  31.64;   440;   655;  1071;   322;     1;     0;  -114;  -114;   2.0; drag-lps8-03; 2; 8; 125000; 15970
2023-04-08 09:43:49; hka-aqm-am115;  22.14;  31.64;   439;   695;  1136;   344;     1;     0;   -95;   -95;  10.2; drag-lps8-05; 1; 8; 125000; 15971
2023-04-08 09:44:08; hka-aqm-am115;  22.16;  31.64;   438;   681;   953;   279;     1;     0;   -96;   -96;  11.8; drag-lps8-05; 4; 8; 125000; 15972
2023-04-08 09:44:49; hka-aqm-am115;  22.16;  31.64;   442;   673;  1094;   326;     1;     0;  -111;  -111;   5.5; drag-lps8-03; 6; 8; 125000; 15974
2023-04-08 09:45:08; hka-aqm-am115;  22.16;  31.64;   440;   598;  1154;   347;     1;     0;  -111;  -111;   6.5; drag-lps8-03; 3; 8; 125000; 15975
2023-04-08 09:45:28; hka-aqm-am115;  22.16;  31.64;   439;   616;   909;   262;     1;     0;  -108;  -108;   7.2; drag-lps8-03; 4; 8; 125000; 15976
2023-04-08 09:45:48; hka-aqm-am115;  22.16;  31.64;   438;   629;   768;   214;     0;     0;   -95;   -95;   8.5; drag-lps8-05; 5; 8; 125000; 15977
2023-04-08 09:46:48; hka-aqm-am115;  22.15;  31.64;   441;   642;  1059;   314;     0;     0;   -95;   -95;   9.8; drag-lps8-05; 1; 8; 125000; 15978
2023-04-08 09:47:48; hka-aqm-am115;  22.15;  31.64;   443;   649;   528;   137;     1;     0;  -113;  -113;   6.0; drag-lps8-03; 7; 8; 125000; 15979
2023-04-08 09:49:27; hka-aqm-am115;  22.16;  31.64;   441;   650;   585;   152;     1;     0;   -96;   -96;   9.8; drag-lps8-05; 0; 8; 125000; 15980
2023-04-08 09:49:48; hka-aqm-am115;  22.18;  31.64;   439;   649;   904;   263;     0;     0;  -111;  -111;   6.0; drag-lps8-03; 6; 8; 125000; 15981
2023-04-08 09:50:28; hka-aqm-am115;  22.15;  31.64;   443;   650;   745;   209;     2;     0;   -95;   -95;   8.2; drag-lps8-05; 2; 8; 125000; 15982
2023-04-08 09:50:48; hka-aqm-am115;  22.16;  31.64;   441;   651;   950;   278;     0;     0;  -109;  -109;   7.2; drag-lps8-03; 4; 8; 125000; 15983
2023-04-08 09:51:08; hka-aqm-am115;  22.18;  31.64;   440;   651;  1027;   307;     0;     0;  -111;  -111;   5.8; drag-lps8-03; 5; 8; 125000; 15984
2023-04-08 09:51:47; hka-aqm-am115;  22.18;  31.64;   443;   653;  1088;   323;     0;     0;  -111;  -111;   5.8; drag-lps8-03; 6; 8; 125000; 15985
2023-04-08 09:52:09; hka-aqm-am115;  22.16;  31.64;   441;   604;   911;   265;     1;     0;   -96;   -96;   9.2; drag-lps8-05; 0; 8; 125000; 15986
2023-04-08 09:52:28; hka-aqm-am115;  22.17;  31.61;   440;   619;   808;   229;     1;     0;   -95;   -95;   9.8; drag-lps8-05; 1; 8; 125000; 15987
2023-04-08 09:53:09; hka-aqm-am115;  22.18;  31.64;   439;   638;   562;   145;     1;     0;  -112;  -112;   6.0; drag-lps8-03; 7; 8; 125000; 15988
2023-04-08 09:54:28; hka-aqm-am115;  22.18;  31.64;   438;   652;   603;   161;     1;     0;  -111;  -111;   6.0; drag-lps8-03; 3; 8; 125000; 15989
2023-04-08 09:54:48; hka-aqm-am115;  22.18;  31.61;   438;   652;   691;   188;     0;     0;   -95;   -95;   8.5; drag-lps8-05; 2; 8; 125000; 15990
2023-04-08 09:55:28; hka-aqm-am115;  22.18;  31.61;   442;   652;   958;   281;     2;     0;  -109;  -109;   5.8; drag-lps8-03; 6; 8; 125000; 15991
2023-04-08 09:55:48; hka-aqm-am115;  22.18;  31.61;   440;   654;   700;   190;     0;     0;   -97;   -97;  11.8; drag-lps8-05; 0; 8; 125000; 15992
2023-04-08 09:56:29; hka-aqm-am115;  22.19;  31.61;   440;   655;   886;   256;     1;     0;   -94;   -94;   8.8; drag-lps8-05; 1; 8; 125000; 15993
2023-04-08 09:57:27; hka-aqm-am115;  22.20;  31.61;   448;   656;   698;   188;     3;     0;   -96;   -96;   8.2; drag-lps8-05; 5; 8; 125000; 15994
2023-04-08 09:57:49; hka-aqm-am115;  22.19;  31.64;   444;   656;   581;   147;     0;     0;   -97;   -97;  11.2; drag-lps8-05; 7; 8; 125000; 15995
2023-04-08 09:58:47; hka-aqm-am115;  22.22;  31.61;   444;   692;  1243;   369;     1;     0;  -108;  -108;   7.5; drag-lps8-03; 4; 8; 125000; 15996
2023-04-08 09:59:48; hka-aqm-am115;  22.22;  31.64;   443;   672;   934;   271;     2;     0;  -114;  -114;   1.5; drag-lps8-03; 2; 8; 125000; 15997
2023-04-08 10:00:08; hka-aqm-am115;  22.22;  31.64;   440;   666;   765;   210;     0;     0;  -109;  -109;   6.2; drag-lps8-03; 3; 8; 125000; 15998
2023-04-08 10:00:29; hka-aqm-am115;  22.20;  31.61;   439;   663;   608;   156;     1;     0;   -96;   -96;  10.8; drag-lps8-05; 1; 8; 125000; 15999
2023-04-08 10:00:48; hka-aqm-am115;  22.23;  31.64;   438;   659;   519;   128;     1;     0;   -96;   -96;  11.8; drag-lps8-05; 6; 8; 125000; 16000
2023-04-08 10:02:29; hka-aqm-am115;  22.22;  31.61;   438;   655;   763;   204;     1;     0;  -113;  -113;   5.5; drag-lps8-03; 0; 8; 125000; 16001
2023-04-08 10:03:07; hka-aqm-am115;  22.24;  31.58;   441;   655;   705;   188;     1;     0;   -96;   -96;   8.2; drag-lps8-05; 5; 8; 125000; 16002
2023-04-08 10:03:28; hka-aqm-am115;  22.21;  31.61;   440;   654;   959;   271;     0;     0;  -109;  -109;   7.5; drag-lps8-03; 4; 8; 125000; 16003
2023-04-08 10:03:48; hka-aqm-am115;  22.21;  31.58;   439;   652;   828;   227;     0;     0;   -96;   -96;   7.2; drag-lps8-05; 2; 8; 125000; 16004
2023-04-08 10:05:07; hka-aqm-am115;  22.22;  31.58;   444;   688;   945;   266;     0;     0;  -109;  -109;   6.0; drag-lps8-03; 3; 8; 125000; 16005
2023-04-08 10:05:29; hka-aqm-am115;  22.23;  31.58;   442;   677;  1087;   317;     2;     0;   -97;   -97;  11.5; drag-lps8-05; 7; 8; 125000; 16006
2023-04-08 10:06:29; hka-aqm-am115;  22.22;  31.61;   443;   665;   572;   148;     2;     0;   -94;   -94;   9.8; drag-lps8-05; 6; 8; 125000; 16007
2023-04-08 10:06:48; hka-aqm-am115;  22.23;  31.61;   441;   660;   816;   224;     0;     0;   -97;   -97;  11.0; drag-lps8-05; 0; 8; 125000; 16008
2023-04-08 10:07:09; hka-aqm-am115;  22.24;  31.61;   440;   658;  1144;   338;     0;     0;  -113;  -113;   6.2; drag-lps8-03; 7; 8; 125000; 16009
2023-04-08 10:07:28; hka-aqm-am115;  22.23;  31.58;   439;   656;   835;   238;     0;     0;   -97;   -97;   8.8; drag-lps8-05; 2; 8; 125000; 16010
2023-04-08 10:07:48; hka-aqm-am115;  22.24;  31.58;   438;   655;   730;   201;     1;     0;  -111;  -111;   6.0; drag-lps8-03; 3; 8; 125000; 16011
2023-04-08 10:08:28; hka-aqm-am115;  22.23;  31.61;   438;   653;   545;   141;     1;     0;  -109;  -109;   7.8; drag-lps8-03; 4; 8; 125000; 16012
2023-04-08 10:08:48; hka-aqm-am115;  22.24;  31.58;   438;   653;   490;   126;     2;     0;   -96;   -96;   8.5; drag-lps8-05; 5; 8; 125000; 16013
2023-04-08 10:12:08; hka-aqm-am115;  22.26;  31.58;   438;   672;   539;   142;     2;     0;  -114;  -114;   3.2; drag-lps8-03; 1; 8; 125000; 16014
2023-04-08 10:12:28; hka-aqm-am115;  22.24;  31.58;   438;   668;   481;   123;     1;     0;  -113;  -113;   6.2; drag-lps8-03; 7; 8; 125000; 16015
2023-04-08 10:14:28; hka-aqm-am115;  22.25;  31.58;   435;   654;   955;   273;     2;     0;  -113;  -113;   3.2; drag-lps8-03; 1; 8; 125000; 16016
2023-04-08 10:15:08; hka-aqm-am115;  22.24;  31.58;   440;   654;  1055;   305;     2;     0;   -96;   -96;  10.0; drag-lps8-05; 6; 8; 125000; 16017
2023-04-08 10:15:47; hka-aqm-am115;  22.25;  31.58;   443;   655;   575;   147;     1;     0;   -96;   -96;  11.2; drag-lps8-05; 0; 8; 125000; 16018
2023-04-08 10:16:29; hka-aqm-am115;  22.26;  31.58;   439;   653;  1273;   375;     1;     0;   -95;   -95;  10.8; drag-lps8-05; 3; 8; 125000; 16019
2023-04-08 10:18:29; hka-aqm-am115;  22.27;  31.58;   438;   651;   714;   185;     2;     0;   -96;   -96;   9.0; drag-lps8-05; 5; 8; 125000; 16020
2023-04-08 10:19:07; hka-aqm-am115;  22.26;  31.58;   442;   651;  1155;   332;     0;     0;   -94;   -94;   7.8; drag-lps8-05; 2; 8; 125000; 16021
2023-04-08 10:19:29; hka-aqm-am115;  22.26;  31.58;   441;   652;  1084;   311;     1;     0;   -93;   -93;  10.2; drag-lps8-05; 4; 8; 125000; 16022
2023-04-08 10:19:48; hka-aqm-am115;  22.27;  31.58;   440;   651;   768;   203;     1;     0;  -109;  -109;   5.5; drag-lps8-03; 5; 8; 125000; 16023
2023-04-08 10:20:08; hka-aqm-am115;  22.27;  31.54;   440;   653;   702;   180;     0;     0;  -113;  -113;   6.5; drag-lps8-03; 7; 8; 125000; 16024
2023-04-08 10:20:29; hka-aqm-am115;  22.28;  31.58;   439;   654;   829;   220;     1;     0;   -97;   -97;   7.8; drag-lps8-05; 2; 8; 125000; 16025
2023-04-08 10:21:07; hka-aqm-am115;  22.30;  31.58;   442;   653;  1185;   341;     2;     0;  -111;  -111;   5.8; drag-lps8-03; 6; 8; 125000; 16026
2023-04-08 10:21:28; hka-aqm-am115;  22.27;  31.58;   440;   654;  1292;   378;     1;     0;  -113;  -113;   5.2; drag-lps8-03; 0; 8; 125000; 16027
2023-04-08 10:22:48; hka-aqm-am115;  22.29;  31.54;   438;   653;  1023;   280;     1;     0;  -111;  -111;   6.0; drag-lps8-03; 3; 8; 125000; 16028
2023-04-08 10:23:08; hka-aqm-am115;  22.29;  31.54;   438;   653;  1192;   347;     1;     0;   -94;   -94;  10.0; drag-lps8-05; 1; 8; 125000; 16029
2023-04-08 10:26:28; hka-aqm-am115;  22.30;  31.58;   441;   625;  1202;   346;     1;     1;   -96;   -96;  11.0; drag-lps8-05; 4; 8; 125000; 16030
2023-04-08 10:27:49; hka-aqm-am115;  22.32;  31.51;   437;   649;  1008;   280;     1;     2;  -113;  -113;   6.5; drag-lps8-03; 7; 8; 125000; 16031
2023-04-08 10:28:08; hka-aqm-am115;  22.31;  31.51;   437;   651;  1086;   308;     1;     1;   -95;   -95;  10.2; drag-lps8-05; 0; 8; 125000; 16032
2023-04-08 10:28:48; hka-aqm-am115;  22.32;  31.54;   436;   651;   878;   237;     1;     1;  -114;  -114;   2.0; drag-lps8-03; 2; 8; 125000; 16033
2023-04-08 10:29:09; hka-aqm-am115;  22.33;  31.51;   436;   652;  1000;   274;     1;     1;  -113;  -113;   4.0; drag-lps8-03; 1; 8; 125000; 16034
2023-04-08 10:30:08; hka-aqm-am115;  22.32;  31.51;   436;   648;  1181;   337;     1;     2;  -111;  -111;   6.0; drag-lps8-03; 6; 8; 125000; 16035
2023-04-08 10:32:47; hka-aqm-am115;  22.33;  31.51;   442;   636;   615;   154;     3;     1;   -95;   -95;  10.0; drag-lps8-05; 3; 8; 125000; 16036
2023-04-08 10:33:47; hka-aqm-am115;  22.32;  31.51;   437;   647;   956;   261;     0;     0;   -94;   -94;   8.0; drag-lps8-05; 5; 8; 125000; 16037
2023-04-08 10:34:29; hka-aqm-am115;  22.34;  31.51;   437;   651;  1324;   380;     0;     0;  -108;  -108;   7.5; drag-lps8-03; 4; 8; 125000; 16038
2023-04-08 10:35:29; hka-aqm-am115;  22.34;  31.51;   441;   649;  1192;   337;     2;     1;  -114;  -114;   2.8; drag-lps8-03; 2; 8; 125000; 16039
2023-04-08 10:36:08; hka-aqm-am115;  22.33;  31.51;   439;   671;  1237;   350;     2;     1;   -96;   -96;  10.8; drag-lps8-05; 6; 8; 125000; 16040
2023-04-08 10:45:27; hka-aqm-am115;  22.38;  31.47;   443;   663;  1029;   288;     1;     1;   -96;   -96;  11.2; drag-lps8-05; 3; 8; 125000; 16041
2023-04-08 10:45:47; hka-aqm-am115;  22.38;  31.44;   440;   660;  1093;   308;     0;     0;   -96;   -96;  11.0; drag-lps8-05; 0; 8; 125000; 16042
2023-04-08 10:46:28; hka-aqm-am115;  22.40;  31.44;   443;   596;  1160;   329;     1;     1;  -109;  -109;   4.8; drag-lps8-03; 5; 8; 125000; 16043
2023-04-08 10:47:28; hka-aqm-am115;  22.39;  31.44;   444;   626;   614;   153;     1;     0;  -114;  -114;   4.0; drag-lps8-03; 1; 8; 125000; 16044
2023-04-08 10:48:07; hka-aqm-am115;  22.39;  31.44;   446;   633;   513;   124;     0;     0;  -113;  -113;   6.8; drag-lps8-03; 7; 8; 125000; 16045
2023-04-08 10:49:07; hka-aqm-am115;  22.40;  31.44;   440;   646;   706;   179;     1;     1;   -95;   -95;  10.5; drag-lps8-05; 4; 8; 125000; 16046
2023-04-08 10:49:28; hka-aqm-am115;  22.38;  31.44;   439;   649;  1086;   310;     1;     1;   -94;   -94;   9.0; drag-lps8-05; 3; 8; 125000; 16047
2023-04-08 10:49:49; hka-aqm-am115;  22.40;  31.44;   438;   647;   838;   229;     1;     1;   -97;   -97;  12.0; drag-lps8-05; 1; 8; 125000; 16048
2023-04-08 10:50:09; hka-aqm-am115;  22.40;  31.44;   438;   648;   633;   161;     0;     1;  -108;  -108;   7.0; drag-lps8-03; 4; 8; 125000; 16049
2023-04-08 10:50:28; hka-aqm-am115;  22.41;  31.44;   438;   650;   706;   182;     0;     1;   -97;   -97;   8.5; drag-lps8-05; 2; 8; 125000; 16050
2023-04-08 10:51:07; hka-aqm-am115;  22.41;  31.44;   442;   648;   811;   216;     2;     1;  -108;  -108;   5.0; drag-lps8-03; 5; 8; 125000; 16051
2023-04-08 10:51:47; hka-aqm-am115;  22.41;  31.44;   444;   649;   970;   267;     1;     1;   -99;   -99;  12.2; drag-lps8-05; 0; 8; 125000; 16052
2023-04-08 10:52:28; hka-aqm-am115;  22.42;  31.44;   440;   651;  1138;   321;     2;     0;   -97;   -97;  11.2; drag-lps8-05; 7; 8; 125000; 16053
2023-04-08 10:53:08; hka-aqm-am115;  22.42;  31.44;   443;   650;   924;   252;     3;     1;  -111;  -111;   6.0; drag-lps8-03; 6; 8; 125000; 16054
2023-04-08 10:53:29; hka-aqm-am115;  22.42;  31.44;   441;   650;   796;   212;     0;     1;  -113;  -113;   6.8; drag-lps8-03; 7; 8; 125000; 16055
2023-04-08 10:53:49; hka-aqm-am115;  22.44;  31.41;   440;   651;   636;   164;     1;     1;  -111;  -111;   6.0; drag-lps8-03; 6; 8; 125000; 16056
2023-04-08 10:54:09; hka-aqm-am115;  22.44;  31.44;   439;   651;   531;   131;     1;     1;   -97;   -97;  11.0; drag-lps8-05; 1; 8; 125000; 16057
2023-04-08 10:55:49; hka-aqm-am115;  22.43;  31.44;   449;   650;   660;   172;     3;     1;   -95;   -95;  11.8; drag-lps8-05; 4; 8; 125000; 16058
2023-04-08 10:56:27; hka-aqm-am115;  22.43;  31.41;   449;   650;   724;   188;     1;     1;  -109;  -109;   6.0; drag-lps8-03; 3; 8; 125000; 16059
2023-04-08 10:57:08; hka-aqm-am115;  22.43;  31.44;   449;   648;   562;   136;     1;     1;   -99;   -99;  11.5; drag-lps8-05; 0; 8; 125000; 16060
2023-04-08 10:57:28; hka-aqm-am115;  22.44;  31.44;   445;   648;   643;   159;     1;     1;  -108;  -108;   6.2; drag-lps8-03; 5; 8; 125000; 16061
2023-04-08 10:57:48; hka-aqm-am115;  22.43;  31.44;   442;   648;  1144;   320;     1;     1;   -97;   -97;   8.5; drag-lps8-05; 2; 8; 125000; 16062
2023-04-08 10:58:48; hka-aqm-am115;  22.44;  31.41;   442;   649;   658;   162;     1;     1;  -111;  -111;   6.0; drag-lps8-03; 7; 8; 125000; 16063
2023-04-08 10:59:09; hka-aqm-am115;  22.44;  31.41;   441;   650;   587;   142;     1;     0;  -108;  -108;   5.8; drag-lps8-03; 6; 8; 125000; 16064
2023-04-08 11:00:08; hka-aqm-am115;  22.44;  31.37;   440;   657;   799;   214;     1;     0;   -95;   -95;   9.8; drag-lps8-05; 1; 8; 125000; 16065
2023-04-08 11:00:28; hka-aqm-am115;  22.44;  31.41;   440;   654;   660;   169;     1;     0;   -94;   -94;  10.2; drag-lps8-05; 4; 8; 125000; 16066
2023-04-08 11:00:49; hka-aqm-am115;  22.44;  31.41;   439;   653;   850;   229;     0;     1;   -93;   -93;   7.2; drag-lps8-05; 5; 8; 125000; 16067
2023-04-08 11:01:09; hka-aqm-am115;  22.44;  31.41;   438;   651;   610;   152;     1;     1;  -114;  -114;   6.2; drag-lps8-03; 0; 8; 125000; 16068
2023-04-08 11:01:47; hka-aqm-am115;  22.46;  31.41;   443;   606;  1008;   276;     1;     1;   -96;   -96;  11.0; drag-lps8-05; 3; 8; 125000; 16069
2023-04-08 11:02:08; hka-aqm-am115;  22.46;  31.44;   441;   621;   658;   165;     1;     1;  -114;  -114;   2.2; drag-lps8-03; 2; 8; 125000; 16070
2023-04-08 11:02:29; hka-aqm-am115;  22.44;  31.41;   440;   630;  1065;   296;     1;     1;  -111;  -111;   5.5; drag-lps8-03; 7; 8; 125000; 16071
2023-04-08 11:04:49; hka-aqm-am115;  22.45;  31.37;   437;   648;  1072;   291;     2;     1;  -113;  -113;   3.8; drag-lps8-03; 1; 8; 125000; 16072
2023-04-08 11:05:28; hka-aqm-am115;  22.44;  31.41;   441;   649;  1005;   271;     1;     1;   -99;   -99;  12.0; drag-lps8-05; 0; 8; 125000; 16073
2023-04-08 11:06:08; hka-aqm-am115;  22.47;  31.41;   444;   647;  1148;   315;     1;     0;   -94;   -94;   8.5; drag-lps8-05; 2; 8; 125000; 16074
2023-04-08 11:10:08; hka-aqm-am115;  22.50;  31.37;   440;   648;  1055;   289;     1;     1;   -94;   -94;   9.8; drag-lps8-05; 4; 8; 125000; 16075
2023-04-08 11:10:28; hka-aqm-am115;  22.50;  31.37;   439;   649;  1140;   314;     1;     1;   -93;   -93;   8.0; drag-lps8-05; 5; 8; 125000; 16076
2023-04-08 11:10:48; hka-aqm-am115;  22.48;  31.37;   438;   650;  1244;   346;     0;     0;  -108;  -108;   5.2; drag-lps8-03; 6; 8; 125000; 16077
2023-04-08 11:11:49; hka-aqm-am115;  22.48;  31.37;   447;   651;  1086;   294;     1;     1;  -111;  -111;   6.0; drag-lps8-03; 3; 8; 125000; 16078
2023-04-08 11:12:28; hka-aqm-am115;  22.49;  31.37;   443;   650;   957;   257;     0;     1;  -108;  -108;   5.5; drag-lps8-03; 6; 8; 125000; 16079
2023-04-08 11:12:48; hka-aqm-am115;  22.50;  31.37;   441;   651;   902;   239;     0;     1;   -94;   -94;   8.5; drag-lps8-05; 5; 8; 125000; 16080
2023-04-08 11:13:08; hka-aqm-am115;  22.50;  31.34;   440;   650;  1162;   321;     1;     1;  -113;  -113;   6.2; drag-lps8-03; 7; 8; 125000; 16081
2023-04-08 11:13:28; hka-aqm-am115;  22.50;  31.31;   440;   650;  1067;   291;     1;     1;   -97;   -97;   8.2; drag-lps8-05; 2; 8; 125000; 16082
2023-04-08 11:14:09; hka-aqm-am115;  22.50;  31.34;   438;   583;  1122;   308;     1;     1;   -95;   -95;   9.8; drag-lps8-05; 1; 8; 125000; 16083
2023-04-08 11:14:28; hka-aqm-am115;  22.50;  31.34;   438;   604;  1233;   342;     1;     1;  -109;  -109;   8.2; drag-lps8-03; 4; 8; 125000; 16084
2023-04-08 11:15:08; hka-aqm-am115;  22.50;  31.37;   442;   619;  1143;   314;     4;     0;   -94;   -94;   9.0; drag-lps8-05; 3; 8; 125000; 16085
2023-04-08 11:15:29; hka-aqm-am115;  22.49;  31.34;   440;   627;   968;   261;     1;     1;  -113;  -113;   5.5; drag-lps8-03; 0; 8; 125000; 16086
2023-04-08 11:15:49; hka-aqm-am115;  22.50;  31.34;   439;   634;  1220;   341;     1;     1;   -96;   -96;  10.2; drag-lps8-05; 6; 8; 125000; 16087
2023-04-08 11:16:09; hka-aqm-am115;  22.52;  31.37;   438;   638;  1070;   294;     1;     1;  -109;  -109;   6.0; drag-lps8-03; 3; 8; 125000; 16088
2023-04-08 11:16:28; hka-aqm-am115;  22.52;  31.31;   438;   641;   752;   195;     1;     1;   -95;   -95;   7.8; drag-lps8-05; 5; 8; 125000; 16089
2023-04-08 11:17:29; hka-aqm-am115;  22.52;  31.31;   438;   644;   645;   166;     1;     1;   -99;   -99;  11.5; drag-lps8-05; 0; 8; 125000; 16090
2023-04-08 11:17:48; hka-aqm-am115;  22.52;  31.31;   439;   646;   566;   142;     1;     1;   -99;   -99;  11.2; drag-lps8-05; 7; 8; 125000; 16091
2023-04-08 11:18:28; hka-aqm-am115;  22.50;  31.37;   442;   666;   496;   122;     2;     1;   -95;   -95;  11.0; drag-lps8-05; 4; 8; 125000; 16092
2023-04-08 11:19:28; hka-aqm-am115;  22.52;  31.34;   443;   657;   801;   213;     1;     1;   -97;   -97;  11.2; drag-lps8-05; 1; 8; 125000; 16093
2023-04-08 11:19:49; hka-aqm-am115;  22.52;  31.34;   442;   653;   736;   192;     1;     1;  -113;  -113;   2.8; drag-lps8-03; 2; 8; 125000; 16094
2023-04-08 11:20:08; hka-aqm-am115;  22.52;  31.31;   440;   649;   681;   178;     1;     1;   -97;   -97;  10.5; drag-lps8-05; 7; 8; 125000; 16095
2023-04-08 11:21:07; hka-aqm-am115;  22.54;  31.31;   441;   646;   581;   144;     0;     1;   -96;   -96;   8.2; drag-lps8-05; 5; 8; 125000; 16096
2023-04-08 11:22:07; hka-aqm-am115;  22.54;  31.31;   443;   645;   808;   214;     0;     0;  -109;  -109;   7.8; drag-lps8-03; 4; 8; 125000; 16097
2023-04-08 11:22:47; hka-aqm-am115;  22.52;  31.34;   440;   648;   950;   254;     0;     0;  -113;  -113;   6.2; drag-lps8-03; 0; 8; 125000; 16098
2023-04-08 11:23:09; hka-aqm-am115;  22.52;  31.31;   439;   646;  1079;   293;     2;     1;   -95;   -95;   7.8; drag-lps8-05; 2; 8; 125000; 16099
2023-04-08 11:23:48; hka-aqm-am115;  22.54;  31.31;   442;   646;  1318;   362;     2;     1;   -94;   -94;   4.0; drag-lps8-05; 1; 8; 125000; 16100
2023-04-08 11:24:47; hka-aqm-am115;  22.54;  31.34;   444;   654;  1285;   351;     0;     0;   -94;   -94;  10.2; drag-lps8-05; 6; 8; 125000; 16101
2023-04-08 11:37:08; hka-aqm-am115;  22.60;  31.24;   438;   645;  1281;   346;     3;     1;  -109;  -109;   6.0; drag-lps8-03; 3; 8; 125000; 16102
2023-04-08 11:38:08; hka-aqm-am115;  22.61;  31.27;   441;   647;  1169;   312;     1;     0;   -93;   -93;  11.2; drag-lps8-05; 4; 8; 125000; 16103
2023-04-08 11:39:08; hka-aqm-am115;  22.62;  31.24;   441;   644;  1285;   349;     2;     0;   -96;   -96;  10.5; drag-lps8-05; 3; 8; 125000; 16104
2023-04-08 11:39:29; hka-aqm-am115;  22.62;  31.24;   438;   644;  1345;   369;     1;     0;  -109;  -109;   4.5; drag-lps8-03; 5; 8; 125000; 16105
2023-04-08 11:39:48; hka-aqm-am115;  22.62;  31.24;   436;   588;  1162;   313;     0;     0;  -114;  -114;   2.5; drag-lps8-03; 2; 8; 125000; 16106
2023-04-08 11:40:27; hka-aqm-am115;  22.64;  31.24;   439;   607;   876;   225;     0;     0;   -96;   -96;   9.0; drag-lps8-05; 7; 8; 125000; 16107
2023-04-08 11:41:27; hka-aqm-am115;  22.64;  31.24;   439;   627;   911;   237;     2;     0;  -111;  -111;   6.2; drag-lps8-03; 6; 8; 125000; 16108
2023-04-08 11:41:48; hka-aqm-am115;  22.64;  31.24;   438;   632;   789;   199;     1;     0;  -112;  -112;   4.2; drag-lps8-03; 1; 8; 125000; 16109
2023-04-08 11:42:08; hka-aqm-am115;  22.64;  31.24;   437;   636;  1086;   285;     1;     0;   -97;   -97;  11.5; drag-lps8-05; 0; 8; 125000; 16110
2023-04-08 11:42:29; hka-aqm-am115;  22.66;  31.24;   437;   640;  1479;   406;     1;     0;   -99;   -99;  11.2; drag-lps8-05; 7; 8; 125000; 16111
2023-04-08 11:43:08; hka-aqm-am115;  22.65;  31.24;   437;   660;  1313;   358;     1;     0;   -95;   -95;  11.2; drag-lps8-05; 4; 8; 125000; 16112
2023-04-08 11:43:48; hka-aqm-am115;  22.64;  31.20;   437;   646;  1305;   361;     0;     0;  -107;  -107;   6.0; drag-lps8-03; 5; 8; 125000; 16113
2023-04-08 11:44:29; hka-aqm-am115;  22.65;  31.20;   438;   609;   676;   166;     1;     0;   -95;   -95;  10.2; drag-lps8-05; 6; 8; 125000; 16114
2023-04-08 11:47:29; hka-aqm-am115;  22.65;  31.24;   442;   645;  1042;   273;     1;     0;  -113;  -113;   6.0; drag-lps8-03; 0; 8; 125000; 16115
2023-04-08 11:48:28; hka-aqm-am115;  22.67;  31.24;   443;   582;  1137;   301;     2;     0;  -111;  -111;   6.5; drag-lps8-03; 3; 8; 125000; 16116
2023-04-08 11:48:48; hka-aqm-am115;  22.66;  31.17;   441;   603;  1234;   330;     2;     0;   -95;   -95;   9.5; drag-lps8-05; 1; 8; 125000; 16117
2023-04-08 11:49:08; hka-aqm-am115;  22.66;  31.17;   440;   617;  1353;   366;     1;     0;  -114;  -114;   2.5; drag-lps8-03; 2; 8; 125000; 16118
2023-04-08 11:50:08; hka-aqm-am115;  22.67;  31.17;   442;   631;  1517;   415;     2;     0;   -94;   -94;  10.0; drag-lps8-05; 1; 8; 125000; 16119
2023-04-08 11:50:28; hka-aqm-am115;  22.66;  31.17;   440;   634;  1310;   351;     2;     0;   -94;   -94;   9.2; drag-lps8-05; 6; 8; 125000; 16120
2023-04-08 11:51:28; hka-aqm-am115;  22.66;  31.17;   443;   686;  1130;   298;     0;     0;  -113;  -113;   6.5; drag-lps8-03; 7; 8; 125000; 16121
2023-04-08 11:53:08; hka-aqm-am115;  22.70;  31.17;   440;   607;   967;   249;     0;     0;  -107;  -107;   5.5; drag-lps8-03; 5; 8; 125000; 16122
2023-04-08 11:53:28; hka-aqm-am115;  22.70;  31.17;   439;   620;   901;   232;     0;     0;   -96;   -96;  10.8; drag-lps8-05; 3; 8; 125000; 16123
2023-04-08 11:53:48; hka-aqm-am115;  22.68;  31.17;   439;   628;   850;   217;     2;     0;   -99;   -99;  11.8; drag-lps8-05; 0; 8; 125000; 16124
2023-04-08 12:08:54; hka-aqm-am115;  22.74;  31.14;   441;   642;   678;   172;     3;     1;  -109;  -109;   8.0; drag-lps8-03; 4; 8; 125000; 16125
2023-04-08 12:22:09; hka-aqm-am115;  22.77;  31.10;   445;   619;   728;   182;     3;     1;   -96;   -96;   8.0; drag-lps8-05; 2; 8; 125000; 16126
2023-04-08 12:22:49; hka-aqm-am115;  22.77;  31.10;   440;   630;   876;   223;     1;     1;  -109;  -109;   8.2; drag-lps8-03; 4; 8; 125000; 16127
2023-04-08 12:23:09; hka-aqm-am115;  22.78;  31.10;   439;   645;  1092;   287;     1;     1;  -109;  -109;   4.2; drag-lps8-03; 5; 8; 125000; 16128
2023-04-08 12:23:30; hka-aqm-am115;  22.79;  31.10;   438;   644;  1018;   265;     1;     0;   -99;   -99;  12.5; drag-lps8-05; 0; 8; 125000; 16129
2023-04-08 12:23:49; hka-aqm-am115;  22.79;  31.10;   437;   681;   952;   247;     1;     0;  -113;  -113;   4.0; drag-lps8-03; 1; 8; 125000; 16130
2023-04-08 12:25:09; hka-aqm-am115;  22.81;  31.10;   439;   587;  1119;   294;     1;     1;  -110;  -110;   5.5; drag-lps8-03; 7; 8; 125000; 16131
2023-04-08 12:25:29; hka-aqm-am115;  22.80;  31.07;   439;   606;  1334;   359;     0;     1;  -112;  -112;   2.8; drag-lps8-03; 2; 8; 125000; 16132
2023-04-08 12:26:08; hka-aqm-am115;  22.80;  31.07;   439;   626;  1291;   344;     0;     1;   -96;   -96;  11.0; drag-lps8-05; 3; 8; 125000; 16133
2023-04-08 12:26:49; hka-aqm-am115;  22.80;  31.10;   439;   635;  1198;   318;     1;     1;  -111;  -111;   6.2; drag-lps8-03; 6; 8; 125000; 16134
2023-04-08 12:27:09; hka-aqm-am115;  22.80;  31.07;   439;   636;  1142;   301;     0;     0;  -108;  -108;   4.2; drag-lps8-03; 5; 8; 125000; 16135
2023-04-08 12:29:08; hka-aqm-am115;  22.82;  31.07;   438;   644;  1085;   285;     2;     1;  -109;  -109;   6.0; drag-lps8-03; 6; 8; 125000; 16136
2023-04-08 12:31:27; hka-aqm-am115;  22.81;  31.04;   442;   646;   910;   236;     2;     1;   -99;   -99;  11.0; drag-lps8-05; 0; 8; 125000; 16137
2023-04-08 12:31:48; hka-aqm-am115;  22.82;  31.07;   440;   644;   835;   217;     1;     1;   -96;   -96;   9.0; drag-lps8-05; 7; 8; 125000; 16138
2023-04-08 12:34:29; hka-aqm-am115;  22.83;  31.04;   442;   635;   886;   232;     1;     1;  -108;  -108;   5.2; drag-lps8-03; 3; 8; 125000; 16139
2023-04-08 12:35:10; hka-aqm-am115;  22.85;  31.04;   444;   637;   773;   199;     2;     2;  -109;  -109;   8.2; drag-lps8-03; 4; 8; 125000; 16140
2023-04-08 12:40:09; hka-aqm-am115;  22.85;  31.04;   437;   616;   832;   216;     2;     1;  -113;  -113;   4.0; drag-lps8-03; 1; 8; 125000; 16141
2023-04-08 12:40:29; hka-aqm-am115;  22.86;  31.04;   437;   625;   749;   192;     2;     1;  -112;  -112;   2.8; drag-lps8-03; 2; 8; 125000; 16142
2023-04-08 12:44:49; hka-aqm-am115;  22.88;  31.04;   436;   637;   808;   209;     2;     1;  -109;  -109;   5.5; drag-lps8-03; 6; 8; 125000; 16143
2023-04-08 12:46:09; hka-aqm-am115;  22.89;  31.04;   436;   639;   773;   198;     2;     2;  -112;  -112;   5.5; drag-lps8-03; 0; 8; 125000; 16144
2023-04-08 13:01:15; hka-aqm-am115;  22.94;  30.97;   446;   622;   432;   110;     2;     2;   -95;   -95;   7.2; drag-lps8-05; 2; 8; 125000; 16145
2023-04-08 13:16:21; hka-aqm-am115;  22.98;  30.90;   440;   634;   415;   107;     2;     2;  -109;  -109;   8.0; drag-lps8-03; 4; 8; 125000; 16146
2023-04-08 13:31:30; hka-aqm-am115;  23.03;  30.83;   443;   627;   326;    81;     2;     2;   -97;   -97;  11.8; drag-lps8-05; 7; 8; 125000; 16147
2023-04-08 13:46:36; hka-aqm-am115;  23.04;  30.83;   436;   634;   343;    87;     2;     2;  -109;  -109;   6.5; drag-lps8-03; 3; 8; 125000; 16148
2023-04-08 14:01:43; hka-aqm-am115;  23.06;  30.83;   443;   633;   631;   161;     3;     2;   -93;   -93;   8.0; drag-lps8-05; 5; 8; 125000; 16149
2023-04-08 14:16:50; hka-aqm-am115;  23.09;  30.77;   445;   647;   559;   142;     3;     2;   -97;   -97;  10.8; drag-lps8-05; 1; 8; 125000; 16150
2023-04-08 14:31:56; hka-aqm-am115;  23.13;  30.77;   444;   635;   479;   122;     3;     2;   -97;   -97;  10.5; drag-lps8-05; 7; 8; 125000; 16151
2023-04-08 14:47:02; hka-aqm-am115;  23.18;  30.70;   442;   632;   577;   147;     3;     2;   -96;   -96;  11.0; drag-lps8-05; 6; 8; 125000; 16152
2023-04-08 15:02:09; hka-aqm-am115;  23.20;  30.63;   435;   643;   445;   111;     3;     2;  -114;  -114;   6.2; drag-lps8-03; 0; 8; 125000; 16153
2023-04-08 15:09:50; hka-aqm-am115;  23.23;  30.63;   442;   640;   644;   164;     3;     2;  -108;  -108;   4.2; drag-lps8-03; 5; 8; 125000; 16154
2023-04-08 15:24:56; hka-aqm-am115;  23.29;  30.60;   442;   670;   963;   245;     2;     2;  -111;  -111;   6.2; drag-lps8-03; 3; 8; 125000; 16155
2023-04-08 15:25:09; hka-aqm-am115;  23.27;  30.63;   440;   661;   906;   230;     2;     2;   -97;   -97;  11.2; drag-lps8-05; 1; 8; 125000; 16156
2023-04-08 15:29:10; hka-aqm-am115;  23.30;  30.56;   445;   643;   777;   196;     2;     1;   -96;   -96;   7.8; drag-lps8-05; 2; 8; 125000; 16157
2023-04-08 15:44:16; hka-aqm-am115;  23.35;  30.53;   442;   648;   384;    96;     2;     2;  -107;  -107;   6.5; drag-lps8-03; 4; 8; 125000; 16158
2023-04-08 15:59:22; hka-aqm-am115;  23.40;  30.50;   438;   659;   491;   123;     3;     2;  -113;  -113;   3.2; drag-lps8-03; 1; 8; 125000; 16159
2023-04-08 16:14:29; hka-aqm-am115;  23.45;  30.36;   442;   652;   566;   141;     4;     2;  -109;  -109;   5.0; drag-lps8-03; 5; 8; 125000; 16160
2023-04-08 16:22:29; hka-aqm-am115;  23.45;  30.36;   441;   652;   761;   187;     4;     2;   -96;   -96;  10.2; drag-lps8-05; 6; 8; 125000; 16161
2023-04-08 16:23:28; hka-aqm-am115;  23.45;  30.36;   449;   652;   658;   160;     1;     2;  -109;  -109;   7.5; drag-lps8-03; 4; 8; 125000; 16162
2023-04-08 16:23:49; hka-aqm-am115;  23.48;  30.40;   446;   652;   592;   144;     0;     1;  -113;  -113;   5.8; drag-lps8-03; 0; 8; 125000; 16163
2023-04-08 16:35:49; hka-aqm-am115;  23.50;  30.33;   442;   667;   793;   199;     3;     2;  -113;  -113;   2.5; drag-lps8-03; 2; 8; 125000; 16164
2023-04-08 16:36:49; hka-aqm-am115;  23.52;  30.36;   443;   663;   655;   160;     1;     0;   -97;   -97;  11.8; drag-lps8-05; 7; 8; 125000; 16165
2023-04-08 16:43:09; hka-aqm-am115;  23.56;  30.33;   445;   706;   915;   234;     2;     1;   -94;   -94;  10.0; drag-lps8-05; 3; 8; 125000; 16166
2023-04-08 16:43:49; hka-aqm-am115;  23.54;  30.29;   442;   679;  1158;   305;     2;     0;  -109;  -109;   5.8; drag-lps8-03; 5; 8; 125000; 16167
2023-04-08 16:44:48; hka-aqm-am115;  23.56;  30.29;   445;   663;  1253;   333;     3;     0;  -112;  -112;   5.0; drag-lps8-03; 7; 8; 125000; 16168
2023-04-08 16:45:29; hka-aqm-am115;  23.56;  30.29;   442;   678;  1336;   357;     0;     0;  -111;  -111;   6.0; drag-lps8-03; 3; 8; 125000; 16169
2023-04-08 16:49:29; hka-aqm-am115;  23.60;  30.29;   439;   662;  1292;   343;     2;     1;   -96;   -96;   9.5; drag-lps8-05; 0; 8; 125000; 16170
2023-04-08 16:50:09; hka-aqm-am115;  23.61;  30.29;   443;   658;  1349;   361;     0;     1;  -114;  -114;   2.0; drag-lps8-03; 2; 8; 125000; 16171
2023-04-08 16:51:08; hka-aqm-am115;  23.62;  30.29;   445;   658;  1285;   347;     0;     1;  -111;  -111;   5.8; drag-lps8-03; 6; 8; 125000; 16172
2023-04-08 16:53:29; hka-aqm-am115;  23.65;  30.29;   444;   664;  1116;   295;     2;     1;  -109;  -109;   7.5; drag-lps8-03; 4; 8; 125000; 16173
2023-04-08 16:54:10; hka-aqm-am115;  23.67;  30.29;   443;   661;   766;   195;     3;     0;  -109;  -109;   4.8; drag-lps8-03; 5; 8; 125000; 16175
2023-04-08 16:55:09; hka-aqm-am115;  23.67;  30.23;   444;   665;   668;   169;     3;     1;   -96;   -96;  11.2; drag-lps8-05; 6; 8; 125000; 16176
2023-04-08 17:10:16; hka-aqm-am115;  23.78;  30.16;   440;   660;   328;    82;     3;     1;  -112;  -112;   2.5; drag-lps8-03; 2; 8; 125000; 16177
2023-04-08 17:25:22; hka-aqm-am115;  23.84;  30.02;   443;   677;   240;    60;     3;     1;   -97;   -97;  10.8; drag-lps8-05; 7; 8; 125000; 16178
2023-04-08 17:40:31; hka-aqm-am115;  23.87;  29.92;   444;   660;   171;    42;     3;     2;   -97;   -97;   9.5; drag-lps8-05; 1; 8; 125000; 16179
2023-04-08 17:55:37; hka-aqm-am115;  23.84;  29.89;   442;   669;   128;    31;     3;     2;   -96;   -96;  11.2; drag-lps8-05; 3; 8; 125000; 16180
2023-04-08 18:10:43; hka-aqm-am115;  23.78;  29.89;   447;   669;   120;    30;     3;     2;  -113;  -113;   6.0; drag-lps8-03; 0; 8; 125000; 16181
2023-04-08 18:25:51; hka-aqm-am115;  23.72;  29.96;   442;   705;   120;    28;     3;     2;  -109;  -109;   8.0; drag-lps8-03; 4; 8; 125000; 16182
2023-04-08 18:40:57; hka-aqm-am115;  23.65;  29.96;   449;   660;   131;    31;     3;     2;  -111;  -111;   5.8; drag-lps8-03; 6; 8; 125000; 16183
2023-04-08 18:56:04; hka-aqm-am115;  23.60;  29.99;   456;   669;   147;    36;     3;     2;  -113;  -113;   1.8; drag-lps8-03; 2; 8; 125000; 16184
2023-04-08 19:11:10; hka-aqm-am115;  23.58;  30.02;   441;   659;    98;    23;     3;     2;  -109;  -109;   6.2; drag-lps8-03; 3; 8; 125000; 16185
2023-04-08 19:26:16; hka-aqm-am115;  23.54;  30.02;   451;   655;    34;     6;     3;     2;  -108;  -108;   4.8; drag-lps8-03; 5; 8; 125000; 16186
2023-04-08 19:41:23; hka-aqm-am115;  23.48;  30.06;   454;   680;    24;     4;     3;     2;  -108;  -108;   6.8; drag-lps8-03; 4; 8; 125000; 16187
2023-04-08 19:56:31; hka-aqm-am115;  23.43;  30.09;   442;   660;    20;     4;     4;     2;  -113;  -113;   5.5; drag-lps8-03; 0; 8; 125000; 16188
2023-04-08 20:11:37; hka-aqm-am115;  23.35;  30.13;   446;   651;    15;     2;     4;     2;  -114;  -114;  -0.8; drag-lps8-03; 1; 8; 125000; 16189
2023-04-08 20:26:44; hka-aqm-am115;  23.32;  30.16;   446;   648;    13;     1;     4;     2;  -111;  -111;   5.2; drag-lps8-03; 7; 8; 125000; 16190
2023-04-08 20:41:51; hka-aqm-am115;  23.25;  30.19;   448;   644;    15;     3;     4;     2;  -108;  -108;   5.2; drag-lps8-03; 6; 8; 125000; 16191
2023-04-08 20:56:57; hka-aqm-am115;  23.20;  30.23;   444;   643;    13;     1;     4;     2;   -94;   -94;   8.0; drag-lps8-05; 5; 8; 125000; 16192
2023-04-08 21:12:04; hka-aqm-am115;  23.17;  30.23;   452;   661;    15;     3;     4;     2;   -96;   -96;  11.2; drag-lps8-05; 1; 8; 125000; 16193
2023-04-08 21:27:11; hka-aqm-am115;  23.10;  30.29;   448;   645;    15;     3;     4;     2;   -95;   -95;   7.5; drag-lps8-05; 2; 8; 125000; 16194
2023-04-08 21:42:18; hka-aqm-am115;  23.06;  30.33;   453;   666;    13;     1;     4;     2;   -99;   -99;  12.0; drag-lps8-05; 7; 8; 125000; 16195
2023-04-08 21:57:24; hka-aqm-am115;  23.01;  30.36;   449;   631;    15;     3;     4;     2;  -108;  -108;   5.8; drag-lps8-03; 3; 8; 125000; 16196
2023-04-08 22:12:31; hka-aqm-am115;  22.96;  30.40;   439;   632;    13;     1;     4;     2;   -95;   -95;   9.2; drag-lps8-05; 0; 8; 125000; 16197
2023-04-08 22:27:37; hka-aqm-am115;  22.92;  30.43;   442;   624;    13;     1;     4;     2;   -96;   -96;  11.0; drag-lps8-05; 4; 8; 125000; 16198
2023-04-08 22:42:44; hka-aqm-am115;  22.90;  30.43;   438;   621;    14;     2;     4;     2;  -114;  -114;   1.8; drag-lps8-03; 2; 8; 125000; 16199
2023-04-08 22:57:50; hka-aqm-am115;  22.88;  30.43;   441;   615;    13;     1;     4;     2;   -99;   -99;  11.5; drag-lps8-05; 0; 8; 125000; 16200
2023-04-08 23:12:57; hka-aqm-am115;  22.84;  30.43;   442;   608;    15;     3;     4;     2;  -111;  -111;   6.0; drag-lps8-03; 3; 8; 125000; 16201
2023-04-08 23:28:03; hka-aqm-am115;  22.79;  30.50;   442;   605;    13;     1;     4;     2;   -95;   -95;   9.2; drag-lps8-05; 1; 8; 125000; 16202
2023-04-08 23:43:12; hka-aqm-am115;  22.76;  30.50;   447;   600;    15;     3;     4;     2;   -95;   -95;   8.5; drag-lps8-05; 5; 8; 125000; 16203
2023-04-08 23:58:18; hka-aqm-am115;  22.73;  30.53;   441;   603;    13;     1;     4;     2;  -111;  -111;   8.0; drag-lps8-03; 4; 8; 125000; 16204
