# Logfile LoRaWAN TTN/TTS V3 logger version hka-log V 1.1
date_time;device_id;tmp;hum;CO2;VOC;vis;IR;WIFI;BLE;rssi;channel_rssi;snr;gateway;channel_index;spreading_factor;bandwidth;f_cnt
2023-03-13 00:00:45; hka-aqm-am109;  17.70;  35.59;   430;   571;     6;     2;     5;     0;   -85;   -85;   8.0; drag-lps8-05; 5; 8; 125000; 5122
2023-03-13 00:15:51; hka-aqm-am109;  17.70;  35.69;   424;   570;     4;     1;     3;     0;  -117;  -117;  -0.8; drag-lps8-03; 4; 8; 125000; 5123
2023-03-13 00:30:59; hka-aqm-am109;  17.70;  35.72;   420;   578;     4;     0;     5;     0;  -119;  -119;  -2.2; drag-lps8-03; 7; 8; 125000; 5124
2023-03-13 00:46:06; hka-aqm-am109;  17.68;  35.79;   420;   558;     4;     0;     5;     0;  -122;  -122;  -2.8; drag-lps8-03; 0; 8; 125000; 5125
2023-03-13 01:01:12; hka-aqm-am109;  17.69;  35.82;   426;   591;     4;     0;     0;     0;  -119;  -119;  -2.2; drag-lps8-03; 6; 8; 125000; 5126
2023-03-13 01:16:20; hka-aqm-am109;  17.70;  35.89;   420;   576;     6;     2;     5;     0;   -87;   -87;  12.2; drag-lps8-05; 0; 8; 125000; 5127
2023-03-13 01:31:40; hka-aqm-am109;  17.68;  35.99;   424;   566;     4;     0;     5;     0;  -122;  -122;  -3.0; drag-lps8-03; 7; 8; 125000; 5129
2023-03-13 01:46:46; hka-aqm-am109;  17.69;  36.02;   420;   575;     4;     1;     5;     0;   -84;   -84;  12.2; drag-lps8-05; 1; 8; 125000; 5130
2023-03-13 02:01:53; hka-aqm-am109;  17.69;  36.06;   422;   573;     4;     0;     2;     0;   -85;   -85;  12.0; drag-lps8-05; 4; 8; 125000; 5131
2023-03-13 02:17:00; hka-aqm-am109;  17.68;  36.09;   422;   578;     4;     1;     5;     0;  -123;  -123;  -3.8; drag-lps8-03; 2; 8; 125000; 5132
2023-03-13 02:32:07; hka-aqm-am109;  17.68;  36.19;   420;   576;     6;     2;     5;     0;  -118;  -118;  -0.8; drag-lps8-03; 5; 8; 125000; 5133
2023-03-13 02:47:13; hka-aqm-am109;  17.70;  36.16;   423;   573;     6;     2;     3;     0;   -88;   -88;  12.8; drag-lps8-05; 3; 8; 125000; 5134
2023-03-13 03:02:20; hka-aqm-am109;  17.71;  36.19;   422;   575;     6;     2;     5;     0;   -84;   -84;   9.0; drag-lps8-05; 2; 8; 125000; 5135
2023-03-13 03:17:26; hka-aqm-am109;  17.72;  36.29;   422;   576;     4;     0;     5;     0;   -84;   -84;  12.0; drag-lps8-05; 1; 8; 125000; 5136
2023-03-13 03:32:32; hka-aqm-am109;  17.72;  36.32;   420;   579;     4;     0;     2;     0;  -121;  -121;  -2.0; drag-lps8-03; 0; 8; 125000; 5137
2023-03-13 03:47:39; hka-aqm-am109;  17.72;  36.39;   425;   565;     6;     2;     5;     0;   -82;   -82;  10.8; drag-lps8-05; 7; 8; 125000; 5138
2023-03-13 04:02:45; hka-aqm-am109;  17.71;  36.45;   420;   616;     4;     0;     5;     0;   -85;   -85;  10.8; drag-lps8-05; 6; 8; 125000; 5139
2023-03-13 04:17:51; hka-aqm-am109;  17.71;  36.52;   420;   634;     4;     0;     1;     0;   -85;   -85;   9.5; drag-lps8-05; 4; 8; 125000; 5140
2023-03-13 04:32:59; hka-aqm-am109;  17.72;  36.52;   423;   581;     4;     0;     5;     0;  -116;  -116;  -1.0; drag-lps8-03; 3; 8; 125000; 5141
2023-03-13 04:48:05; hka-aqm-am109;  17.74;  36.59;   428;   598;     6;     2;     5;     0;  -118;  -118;  -0.5; drag-lps8-03; 5; 8; 125000; 5142
2023-03-13 05:03:12; hka-aqm-am109;  17.74;  36.65;   421;   586;     4;     0;     1;     0;   -84;   -84;   8.8; drag-lps8-05; 2; 8; 125000; 5143
2023-03-13 05:18:20; hka-aqm-am109;  17.74;  36.72;   426;   570;     4;     1;     5;     0;   -87;   -87;  10.8; drag-lps8-05; 3; 8; 125000; 5144
2023-03-13 05:33:26; hka-aqm-am109;  17.75;  36.79;   431;   574;     4;     0;     5;     0;   -85;   -85;  10.2; drag-lps8-05; 0; 8; 125000; 5145
2023-03-13 05:40:59; hka-aqm-am109;  17.74;  36.85;   421;   572;     4;     5;     5;     0;   -85;   -85;  10.0; drag-lps8-05; 7; 8; 125000; 5146
2023-03-13 05:56:05; hka-aqm-am109;  17.76;  37.12;   424;   572;     6;     2;     4;     0;  -122;  -122;  -3.5; drag-lps8-03; 6; 8; 125000; 5147
2023-03-13 06:11:11; hka-aqm-am109;  17.78;  37.25;   420;   591;     4;     0;     2;     0;   -84;   -84;  10.8; drag-lps8-05; 4; 8; 125000; 5148
2023-03-13 06:26:18; hka-aqm-am109;  17.80;  37.32;   420;   593;     5;     0;     4;     0;   -83;   -83;   9.8; drag-lps8-05; 1; 8; 125000; 5149
2023-03-13 06:41:25; hka-aqm-am109;  17.80;  37.38;   421;   563;    11;     2;     4;     0;  -120;  -120;  -2.5; drag-lps8-03; 5; 8; 125000; 5150
2023-03-13 06:56:31; hka-aqm-am109;  17.82;  37.45;   426;   570;    46;    11;     3;     0;   -83;   -83;  10.8; drag-lps8-05; 0; 8; 125000; 5151
2023-03-13 07:11:40; hka-aqm-am109;  17.84;  37.55;   421;   567;    67;    16;     5;     0;  -120;  -120;  -2.2; drag-lps8-03; 3; 8; 125000; 5152
2023-03-13 07:26:46; hka-aqm-am109;  17.85;  37.61;   424;   570;    78;    17;     5;     0;   -82;   -82;   9.5; drag-lps8-05; 1; 8; 125000; 5153
2023-03-13 07:41:53; hka-aqm-am109;  17.88;  37.71;   427;   567;    98;    22;     3;     0;   -85;   -85;  11.0; drag-lps8-05; 7; 8; 125000; 5154
2023-03-13 07:56:59; hka-aqm-am109;  17.90;  37.78;   420;   571;   156;    36;     5;     0;   -83;   -83;  10.2; drag-lps8-05; 6; 8; 125000; 5155
2023-03-13 08:12:05; hka-aqm-am109;  17.90;  37.91;   420;   563;   276;    60;     5;     0;   -85;   -85;  11.5; drag-lps8-05; 4; 8; 125000; 5156
2023-03-13 08:27:11; hka-aqm-am109;  17.94;  37.98;   421;   559;   292;    66;     4;     0;   -83;   -83;   8.8; drag-lps8-05; 2; 8; 125000; 5157
2023-03-13 08:42:19; hka-aqm-am109;  17.96;  38.01;   423;   560;   593;   129;     5;     0;  -118;  -118;  -1.5; drag-lps8-03; 5; 8; 125000; 5158
2023-03-13 08:57:25; hka-aqm-am109;  18.04;  37.98;   423;   547;   582;   130;     5;     0;  -124;  -124;  -4.0; drag-lps8-03; 0; 8; 125000; 5159
2023-03-13 09:12:31; hka-aqm-am109;  18.08;  37.94;   422;   551;   433;    97;     3;     1;  -120;  -120;  -3.0; drag-lps8-03; 7; 8; 125000; 5160
2023-03-13 09:27:39; hka-aqm-am109;  18.12;  37.98;   420;   553;   181;    39;     5;     1;   -85;   -85;  11.8; drag-lps8-05; 4; 8; 125000; 5161
2023-03-13 09:42:45; hka-aqm-am109;  18.17;  38.31;   419;   547;   362;    83;     5;     4;   -83;   -83;  11.5; drag-lps8-05; 1; 8; 125000; 5162
2023-03-13 09:57:52; hka-aqm-am109;  18.20;  38.44;   435;   594;   275;    63;     4;     0;  -123;  -123;  -5.2; drag-lps8-03; 5; 8; 125000; 5163
2023-03-13 10:01:19; hka-aqm-am109;  18.20;  38.47;   424;   586;   521;   112;     5;     4;  -124;  -124;  -6.2; drag-lps8-03; 3; 8; 125000; 5164
2023-03-13 10:01:38; hka-aqm-am109;  18.22;  38.47;   422;   571;   582;   122;     3;     1;   -85;   -85;  11.5; drag-lps8-05; 6; 8; 125000; 5165
2023-03-13 10:02:00; hka-aqm-am109;  18.21;  38.44;   421;   597;   647;   136;     3;     1;  -120;  -120;  -3.2; drag-lps8-03; 2; 8; 125000; 5166
2023-03-13 10:02:18; hka-aqm-am109;  18.22;  38.47;   420;   607;   710;   149;     4;     2;  -121;  -121;  -2.8; drag-lps8-03; 1; 8; 125000; 5167
2023-03-13 10:02:39; hka-aqm-am109;  18.22;  38.51;   419;   602;   778;   163;     4;     2;   -83;   -83;  11.5; drag-lps8-05; 6; 8; 125000; 5168
2023-03-13 10:09:17; hka-aqm-am109;  18.24;  38.64;   422;   628;   721;   157;     5;     4;  -124;  -124;  -5.0; drag-lps8-03; 7; 8; 125000; 5169
2023-03-13 10:09:37; hka-aqm-am109;  18.25;  38.64;   421;   631;   788;   171;     3;     3;  -122;  -122;  -5.5; drag-lps8-03; 5; 8; 125000; 5170
2023-03-13 10:09:59; hka-aqm-am109;  18.24;  38.70;   419;   630;   880;   191;     3;     3;  -124;  -124;  -6.0; drag-lps8-03; 3; 8; 125000; 5171
2023-03-13 10:18:59; hka-aqm-am109;  18.30;  38.80;   421;   638;  1224;   276;     5;     5;   -85;   -85;  12.0; drag-lps8-05; 0; 8; 125000; 5172
2023-03-13 10:19:59; hka-aqm-am109;  18.32;  38.90;   419;   641;  1210;   271;     5;     6;  -122;  -122;  -3.5; drag-lps8-03; 4; 8; 125000; 5173
2023-03-13 10:20:19; hka-aqm-am109;  18.33;  38.87;   419;   643;  1148;   255;     3;     3;   -84;   -84;   8.8; drag-lps8-05; 2; 8; 125000; 5174
2023-03-13 10:29:19; hka-aqm-am109;  18.36;  38.97;   429;   649;   700;   154;     4;     5;  -130;  -130;  -9.5; drag-lps8-03; 5; 8; 125000; 5175
2023-03-13 10:35:38; hka-aqm-am109;  18.40;  39.23;   421;   659;   659;   151;     4;     6;   -86;   -86;  10.8; drag-lps8-05; 4; 8; 125000; 5176
2023-03-13 10:45:57; hka-aqm-am109;  18.45;  39.49;   424;   634;   452;   103;     4;     5;  -125;  -125;  -5.8; drag-lps8-03; 2; 8; 125000; 5177
2023-03-13 11:01:03; hka-aqm-am109;  18.51;  39.43;   419;   654;   692;   154;     4;     4;  -121;  -121;  -3.0; drag-lps8-03; 6; 8; 125000; 5178
2023-03-13 11:05:18; hka-aqm-am109;  18.51;  39.43;   421;   667;   696;   154;     4;     6;   -90;   -90;  11.2; drag-lps8-05; 3; 8; 125000; 5179
2023-03-13 11:08:58; hka-aqm-am109;  18.54;  39.49;   421;   634;  1078;   268;     4;     6;   -85;   -85;  11.2; drag-lps8-05; 1; 8; 125000; 5180
2023-03-13 11:09:58; hka-aqm-am109;  18.53;  39.49;   427;   644;   604;   136;     3;     4;  -125;  -125;  -6.0; drag-lps8-03; 0; 8; 125000; 5181
2023-03-13 11:25:04; hka-aqm-am109;  18.62;  39.53;   423;   670;   542;   118;     5;     8;  -126;  -126;  -5.5; drag-lps8-03; 7; 8; 125000; 5182
2023-03-13 11:33:37; hka-aqm-am109;  18.63;  39.43;   428;   650;   535;   112;     5;     9;  -122;  -122;  -4.5; drag-lps8-03; 5; 8; 125000; 5183
2023-03-13 11:37:18; hka-aqm-am109;  18.66;  39.53;   417;   648;   579;   126;     5;     7;  -123;  -123;  -5.2; drag-lps8-03; 2; 8; 125000; 5184
2023-03-13 11:37:38; hka-aqm-am109;  18.66;  39.49;   417;   696;   646;   142;     4;     8;   -88;   -88;  11.0; drag-lps8-05; 4; 8; 125000; 5185
2023-03-13 11:37:59; hka-aqm-am109;  18.66;  39.56;   418;   715;   739;   164;     2;     8;  -120;  -120;  -2.8; drag-lps8-03; 3; 8; 125000; 5186
2023-03-13 11:38:18; hka-aqm-am109;  18.67;  39.56;   418;   700;   899;   206;     2;     3;  -124;  -124;  -4.5; drag-lps8-03; 0; 8; 125000; 5187
2023-03-13 11:38:39; hka-aqm-am109;  18.66;  39.56;   417;   687;  1088;   255;     3;     3;   -85;   -85;  11.2; drag-lps8-05; 1; 8; 125000; 5188
2023-03-13 11:39:19; hka-aqm-am109;  18.66;  39.59;   417;   676;  1305;   309;     3;     3;   -88;   -88;  12.2; drag-lps8-05; 7; 8; 125000; 5189
2023-03-13 11:39:39; hka-aqm-am109;  18.67;  39.56;   418;   669;  1497;   362;     1;     3;  -122;  -122;  -4.0; drag-lps8-03; 6; 8; 125000; 5190
2023-03-13 11:40:19; hka-aqm-am109;  18.68;  39.59;   422;   671;  1146;   264;     2;     3;  -124;  -124;  -5.2; drag-lps8-03; 1; 8; 125000; 5191
2023-03-13 11:40:38; hka-aqm-am109;  18.68;  39.59;   420;   667;  1547;   382;     5;     2;  -123;  -123;  -3.8; drag-lps8-03; 0; 8; 125000; 5192
2023-03-13 11:40:59; hka-aqm-am109;  18.67;  39.56;   419;   665;  1243;   291;     5;     3;   -83;   -83;   7.2; drag-lps8-05; 2; 8; 125000; 5193
2023-03-13 11:41:18; hka-aqm-am109;  18.68;  39.59;   418;   664;  1129;   257;     2;     3;   -87;   -87;  12.2; drag-lps8-05; 6; 8; 125000; 5194
2023-03-13 11:41:39; hka-aqm-am109;  18.68;  39.56;   417;   662;  1336;   311;     2;     3;  -124;  -124;  -3.5; drag-lps8-03; 7; 8; 125000; 5195
2023-03-13 11:42:18; hka-aqm-am109;  18.69;  39.56;   417;   669;  1281;   294;     3;     4;   -87;   -87;   8.2; drag-lps8-05; 5; 8; 125000; 5196
2023-03-13 11:42:57; hka-aqm-am109;  18.68;  39.56;   421;   655;  1558;   372;     3;     3;   -85;   -85;  10.8; drag-lps8-05; 4; 8; 125000; 5197
2023-03-13 11:43:18; hka-aqm-am109;  18.68;  39.59;   419;   651;  1130;   252;     2;     3;   -89;   -89;  10.5; drag-lps8-05; 3; 8; 125000; 5198
2023-03-13 11:45:58; hka-aqm-am109;  18.70;  39.59;   417;   673;  1449;   342;     3;     4;  -122;  -122;  -4.5; drag-lps8-03; 2; 8; 125000; 5199
2023-03-13 11:47:17; hka-aqm-am109;  18.70;  39.62;   426;   666;  1611;   372;     5;     4;  -123;  -123;  -4.8; drag-lps8-03; 7; 8; 125000; 5200
2023-03-13 11:47:37; hka-aqm-am109;  18.70;  39.56;   423;   671;  1481;   335;     1;     4;   -89;   -89;   9.2; drag-lps8-05; 4; 8; 125000; 5201
2023-03-13 11:47:58; hka-aqm-am109;  18.70;  39.56;   421;   657;  1398;   318;     1;     4;  -124;  -124;  -5.5; drag-lps8-03; 6; 8; 125000; 5202
2023-03-13 11:48:18; hka-aqm-am109;  18.71;  39.56;   420;   650;  1617;   379;     2;     5;  -123;  -123;  -4.8; drag-lps8-03; 5; 8; 125000; 5203
2023-03-13 11:49:17; hka-aqm-am109;  18.71;  39.56;   422;   651;  1336;   298;     3;     5;  -127;  -127;  -5.8; drag-lps8-03; 0; 8; 125000; 5204
2023-03-13 11:49:39; hka-aqm-am109;  18.71;  39.62;   420;   659;  1127;   231;     3;     5;  -122;  -122;  -4.2; drag-lps8-03; 3; 8; 125000; 5205
2023-03-13 11:50:37; hka-aqm-am109;  18.73;  39.59;   427;   657;  1329;   288;     2;     5;  -128;  -128;  -9.2; drag-lps8-03; 1; 8; 125000; 5206
2023-03-13 11:50:57; hka-aqm-am109;  18.74;  39.56;   423;   668;  1545;   346;     4;     5;  -127;  -127;  -6.0; drag-lps8-03; 0; 8; 125000; 5207
2023-03-13 11:53:58; hka-aqm-am109;  18.76;  39.56;   418;   652;  1305;   292;     4;     5;  -124;  -124;  -4.5; drag-lps8-03; 5; 8; 125000; 5208
2023-03-13 11:54:37; hka-aqm-am109;  18.74;  39.59;   421;   685;  1520;   350;     1;     7;  -124;  -124;  -5.2; drag-lps8-03; 1; 8; 125000; 5209
2023-03-13 11:54:58; hka-aqm-am109;  18.76;  39.62;   419;   683;  1325;   289;     1;     6;   -85;   -85;   8.5; drag-lps8-05; 2; 8; 125000; 5210
2023-03-13 11:55:37; hka-aqm-am109;  18.76;  39.59;   422;   675;  1109;   225;     1;     6;  -122;  -122;  -3.2; drag-lps8-03; 4; 8; 125000; 5211
2023-03-13 11:55:57; hka-aqm-am109;  18.78;  39.56;   420;   674;  1600;   360;     2;     5;   -86;   -86;   9.8; drag-lps8-05; 7; 8; 125000; 5212
2023-03-13 11:58:59; hka-aqm-am109;  18.79;  39.59;   420;   674;  1459;   307;     4;     5;   -90;   -90;  11.8; drag-lps8-05; 3; 8; 125000; 5213
2023-03-13 11:59:38; hka-aqm-am109;  18.80;  39.62;   418;   647;  1528;   329;     2;     2;   -88;   -88;  11.2; drag-lps8-05; 6; 8; 125000; 5214
2023-03-13 12:04:58; hka-aqm-am109;  18.84;  39.62;   419;   675;  1426;   299;     3;     5;  -123;  -123;  -5.2; drag-lps8-03; 1; 8; 125000; 5215
2023-03-13 12:05:19; hka-aqm-am109;  18.87;  39.62;   419;   666;  1531;   328;     3;     4;   -88;   -88;   8.2; drag-lps8-05; 5; 8; 125000; 5216
2023-03-13 12:10:18; hka-aqm-am109;  18.84;  39.66;   426;   672;  1387;   295;     4;     5;  -124;  -124;  -5.5; drag-lps8-03; 7; 8; 125000; 5217
2023-03-13 12:10:38; hka-aqm-am109;  18.88;  39.66;   423;   675;  1201;   239;     2;     3;  -122;  -122;  -3.0; drag-lps8-03; 4; 8; 125000; 5218
2023-03-13 12:10:59; hka-aqm-am109;  18.88;  39.62;   421;   634;  1414;   296;     2;     2;   -87;   -87;   9.8; drag-lps8-05; 0; 8; 125000; 5219
2023-03-13 12:11:18; hka-aqm-am109;  18.87;  39.62;   419;   644;  1612;   352;     4;     2;   -90;   -90;  12.5; drag-lps8-05; 3; 8; 125000; 5220
2023-03-13 12:11:57; hka-aqm-am109;  18.89;  39.69;   423;   626;  1478;   318;     4;     2;   -88;   -88;  11.8; drag-lps8-05; 6; 8; 125000; 5221
2023-03-13 12:12:39; hka-aqm-am109;  18.88;  39.69;   421;   649;  1615;   354;     4;     2;   -85;   -85;   9.0; drag-lps8-05; 2; 8; 125000; 5222
2023-03-13 12:12:59; hka-aqm-am109;  18.89;  39.69;   419;   661;  1487;   323;     4;     2;  -122;  -122;  -5.0; drag-lps8-03; 6; 8; 125000; 5223
2023-03-13 12:13:37; hka-aqm-am109;  18.89;  39.66;   423;   664;  1390;   295;     3;     3;  -122;  -122;  -3.5; drag-lps8-03; 4; 8; 125000; 5224
2023-03-13 12:13:57; hka-aqm-am109;  18.90;  39.62;   422;   670;  1555;   336;     3;     3;   -85;   -85;  11.8; drag-lps8-05; 1; 8; 125000; 5225
2023-03-13 12:24:58; hka-aqm-am109;  18.98;  39.69;   418;   678;  1489;   315;     7;     5;   -90;   -90;   9.8; drag-lps8-05; 7; 8; 125000; 5226
2023-03-13 12:25:58; hka-aqm-am109;  18.98;  39.66;   417;   679;  1552;   340;     4;     2;   -87;   -87;  11.2; drag-lps8-05; 0; 8; 125000; 5227
2023-03-13 12:26:19; hka-aqm-am109;  18.98;  39.62;   417;   677;  1641;   363;     4;     3;   -89;   -89;  11.2; drag-lps8-05; 3; 8; 125000; 5228
2023-03-13 12:26:38; hka-aqm-am109;  18.97;  39.66;   417;   676;  1569;   340;     4;     3;   -84;   -84;   8.8; drag-lps8-05; 2; 8; 125000; 5229
2023-03-13 12:27:18; hka-aqm-am109;  18.99;  39.66;   421;   679;  1167;   229;     4;     3;   -85;   -85;   8.5; drag-lps8-05; 5; 8; 125000; 5230
2023-03-13 12:27:38; hka-aqm-am109;  18.99;  39.69;   419;   681;  1377;   283;     4;     3;   -87;   -87;  12.0; drag-lps8-05; 6; 8; 125000; 5231
2023-03-13 12:27:58; hka-aqm-am109;  19.00;  39.69;   418;   738;  1665;   368;     4;     3;   -83;   -83;  11.8; drag-lps8-05; 1; 8; 125000; 5232
2023-03-13 12:31:19; hka-aqm-am109;  18.99;  39.82;   419;   685;  1599;   361;     4;     3;   -85;   -85;  11.2; drag-lps8-05; 0; 8; 125000; 5233
2023-03-13 12:31:59; hka-aqm-am109;  19.01;  39.76;   418;   680;  1689;   383;     4;     1;   -85;   -85;   9.0; drag-lps8-05; 5; 8; 125000; 5234
2023-03-13 12:33:38; hka-aqm-am109;  19.04;  39.82;   419;   730;  1766;   414;     4;     2;   -85;   -85;  10.2; drag-lps8-05; 4; 8; 125000; 5235
2023-03-13 12:34:18; hka-aqm-am109;  19.04;  39.76;   417;   674;  1728;   400;     4;     1;   -86;   -86;  10.0; drag-lps8-05; 7; 8; 125000; 5236
2023-03-13 12:34:38; hka-aqm-am109;  19.04;  39.82;   417;   715;  1801;   425;     3;     1;   -88;   -88;   9.8; drag-lps8-05; 3; 8; 125000; 5237
2023-03-13 12:34:58; hka-aqm-am109;  19.05;  39.82;   418;   694;  1359;   308;     3;     1;   -83;   -83;   8.5; drag-lps8-05; 2; 8; 125000; 5238
2023-03-13 12:35:39; hka-aqm-am109;  19.06;  39.92;   417;   707;  1222;   270;     3;     2;  -120;  -120;  -3.2; drag-lps8-03; 5; 8; 125000; 5239
2023-03-13 12:36:17; hka-aqm-am109;  19.05;  39.92;   421;   721;  1498;   346;     3;     2;  -122;  -122;  -4.0; drag-lps8-03; 7; 8; 125000; 5240
2023-03-13 12:36:37; hka-aqm-am109;  19.06;  39.95;   419;   741;  1412;   316;     4;     2;   -87;   -87;  11.2; drag-lps8-05; 4; 8; 125000; 5241
2023-03-13 12:36:59; hka-aqm-am109;  19.04;  40.02;   419;   724;  1734;   407;     4;     1;  -121;  -121;  -4.0; drag-lps8-03; 3; 8; 125000; 5242
2023-03-13 12:37:18; hka-aqm-am109;  19.06;  40.15;   419;   730;  1792;   424;     4;     1;   -85;   -85;  12.5; drag-lps8-05; 0; 8; 125000; 5243
2023-03-13 12:40:37; hka-aqm-am109;  19.08;  40.41;   421;   810;  1505;   350;     4;     3;  -126;  -126;  -6.5; drag-lps8-03; 1; 8; 125000; 5244
2023-03-13 12:40:59; hka-aqm-am109;  19.06;  40.48;   419;   769;  1424;   335;     3;     3;   -84;   -84;   7.8; drag-lps8-05; 2; 8; 125000; 5245
2023-03-13 12:41:37; hka-aqm-am109;  19.08;  40.48;   422;   768;  1526;   366;     3;     2;   -84;   -84;  11.2; drag-lps8-05; 6; 8; 125000; 5246
2023-03-13 12:42:17; hka-aqm-am109;  19.07;  40.54;   425;   778;  1322;   307;     3;     2;  -120;  -120;  -2.2; drag-lps8-03; 4; 8; 125000; 5247
2023-03-13 12:42:37; hka-aqm-am109;  19.09;  40.54;   422;   786;  1388;   330;     3;     2;   -84;   -84;  11.2; drag-lps8-05; 1; 8; 125000; 5248
2023-03-13 12:43:17; hka-aqm-am109;  19.08;  40.61;   424;   788;  1062;   238;     4;     2;  -122;  -122;  -3.0; drag-lps8-03; 5; 8; 125000; 5249
2023-03-13 12:43:39; hka-aqm-am109;  19.09;  40.64;   421;   787;  1115;   254;     4;     2;   -87;   -87;   9.5; drag-lps8-05; 3; 8; 125000; 5250
2023-03-13 12:45:18; hka-aqm-am109;  19.10;  40.81;   422;   786;  1285;   293;     3;     2;   -81;   -81;  11.0; drag-lps8-05; 7; 8; 125000; 5251
2023-03-13 12:45:39; hka-aqm-am109;  19.11;  40.87;   420;   785;  1502;   356;     4;     2;   -87;   -87;  11.0; drag-lps8-05; 0; 8; 125000; 5252
2023-03-13 12:48:18; hka-aqm-am109;  19.12;  41.13;   419;   804;  1726;   402;     5;     2;  -124;  -124;  -4.5; drag-lps8-03; 6; 8; 125000; 5253
2023-03-13 12:48:39; hka-aqm-am109;  19.12;  41.10;   418;   804;  1781;   415;     3;     3;  -121;  -121;  -2.2; drag-lps8-03; 2; 8; 125000; 5254
2023-03-13 12:49:18; hka-aqm-am109;  19.14;  41.20;   417;   808;  1211;   254;     5;     3;  -120;  -120;  -2.0; drag-lps8-03; 7; 8; 125000; 5255
2023-03-13 12:49:39; hka-aqm-am109;  19.14;  41.33;   418;   803;  1581;   362;     3;     2;  -120;  -120;  -1.5; drag-lps8-03; 2; 8; 125000; 5256
2023-03-13 12:49:59; hka-aqm-am109;  19.15;  41.33;   417;   801;  1669;   386;     3;     2;   -84;   -84;   8.8; drag-lps8-05; 5; 8; 125000; 5257
2023-03-13 12:54:38; hka-aqm-am109;  19.17;  41.49;   417;   795;  1586;   379;     4;     2;   -85;   -85;  11.0; drag-lps8-05; 4; 8; 125000; 5258
2023-03-13 12:56:18; hka-aqm-am109;  19.19;  41.46;   417;   792;  1661;   396;     4;     2;   -85;   -85;  10.0; drag-lps8-05; 6; 8; 125000; 5259
2023-03-13 12:56:38; hka-aqm-am109;  19.18;  41.46;   417;   798;  1594;   375;     3;     5;  -118;  -118;  -0.5; drag-lps8-03; 1; 8; 125000; 5260
2023-03-13 12:56:58; hka-aqm-am109;  19.19;  41.49;   417;   804;  1322;   296;     4;     5;  -124;  -124;  -4.0; drag-lps8-03; 0; 8; 125000; 5261
2023-03-13 12:57:19; hka-aqm-am109;  19.19;  41.49;   418;   797;  1402;   320;     4;     4;  -123;  -123;  -3.8; drag-lps8-03; 3; 8; 125000; 5262
2023-03-13 12:58:38; hka-aqm-am109;  19.21;  41.66;   418;   744;  1516;   354;     4;     5;  -122;  -122;  -2.5; drag-lps8-03; 0; 8; 125000; 5263
2023-03-13 12:59:38; hka-aqm-am109;  19.20;  41.69;   417;   737;  1422;   325;     4;     1;  -122;  -122;  -3.5; drag-lps8-03; 1; 8; 125000; 5264
2023-03-13 12:59:58; hka-aqm-am109;  19.21;  41.66;   417;   754;  1483;   344;     4;     1;  -120;  -120;  -2.2; drag-lps8-03; 2; 8; 125000; 5265
2023-03-13 13:00:37; hka-aqm-am109;  19.20;  41.66;   422;   764;  1597;   375;     2;     1;   -85;   -85;  10.8; drag-lps8-05; 4; 8; 125000; 5266
2023-03-13 13:00:57; hka-aqm-am109;  19.21;  41.66;   421;   779;  1303;   292;     1;     1;  -123;  -123;  -3.8; drag-lps8-03; 7; 8; 125000; 5267
2023-03-13 13:01:38; hka-aqm-am109;  19.20;  41.66;   418;   791;  1436;   336;     2;     1;  -121;  -121;  -3.2; drag-lps8-03; 5; 8; 125000; 5268
2023-03-13 13:01:58; hka-aqm-am109;  19.22;  41.66;   418;   791;  1263;   283;     2;     1;   -85;   -85;  11.0; drag-lps8-05; 6; 8; 125000; 5269
2023-03-13 13:02:19; hka-aqm-am109;  19.22;  41.69;   417;   792;  1195;   261;     2;     1;   -85;   -85;  11.5; drag-lps8-05; 3; 8; 125000; 5270
2023-03-13 13:03:18; hka-aqm-am109;  19.21;  41.69;   417;   799;  1246;   271;     4;     1;   -85;   -85;  11.0; drag-lps8-05; 7; 8; 125000; 5271
2023-03-13 13:03:57; hka-aqm-am109;  19.24;  41.72;   421;   794;  1135;   242;     4;     2;   -84;   -84;   7.8; drag-lps8-05; 5; 8; 125000; 5272
2023-03-13 13:05:38; hka-aqm-am109;  19.24;  41.79;   418;   752;  1235;   268;     3;     2;  -123;  -123;  -4.0; drag-lps8-03; 2; 8; 125000; 5273
2023-03-13 13:05:58; hka-aqm-am109;  19.24;  41.79;   417;   807;  1494;   335;     2;     1;  -122;  -122;  -4.5; drag-lps8-03; 1; 8; 125000; 5274
2023-03-13 13:06:19; hka-aqm-am109;  19.26;  41.79;   417;   799;  1158;   245;     3;     1;  -122;  -122;  -5.0; drag-lps8-03; 6; 8; 125000; 5275
2023-03-13 13:07:37; hka-aqm-am109;  19.26;  41.79;   422;   805;  1369;   297;     5;     1;   -85;   -85;  10.8; drag-lps8-05; 0; 8; 125000; 5276
2023-03-13 13:07:58; hka-aqm-am109;  19.24;  41.82;   420;   802;  1873;   438;     3;     1;  -122;  -122;  -2.5; drag-lps8-03; 4; 8; 125000; 5277
2023-03-13 13:08:38; hka-aqm-am109;  19.27;  41.79;   418;   813;  1776;   402;     3;     1;   -87;   -87;  11.2; drag-lps8-05; 3; 8; 125000; 5278
2023-03-13 13:08:58; hka-aqm-am109;  19.25;  41.79;   417;   815;  1835;   415;     4;     1;  -122;  -122;  -2.5; drag-lps8-03; 4; 8; 125000; 5279
2023-03-13 13:09:38; hka-aqm-am109;  19.26;  41.79;   421;   816;  1733;   382;     4;     1;  -122;  -122;  -2.5; drag-lps8-03; 0; 8; 125000; 5280
2023-03-13 13:09:58; hka-aqm-am109;  19.25;  41.79;   419;   820;  1602;   346;     4;     1;  -120;  -120;  -2.0; drag-lps8-03; 5; 8; 125000; 5281
2023-03-13 13:10:19; hka-aqm-am109;  19.28;  41.76;   418;   816;  1220;   236;     3;     1;  -122;  -122;  -2.8; drag-lps8-03; 3; 8; 125000; 5282
2023-03-13 13:11:57; hka-aqm-am109;  19.26;  41.89;   423;   800;  1035;   184;     3;     2;  -124;  -124;  -4.8; drag-lps8-03; 6; 8; 125000; 5283
2023-03-13 13:13:57; hka-aqm-am109;  19.29;  41.79;   423;   816;  1106;   200;     4;     3;   -82;   -82;  10.5; drag-lps8-05; 7; 8; 125000; 5284
2023-03-13 13:14:17; hka-aqm-am109;  19.29;  41.76;   421;   822;  1157;   216;     4;     2;  -122;  -122;  -4.2; drag-lps8-03; 1; 8; 125000; 5285
2023-03-13 13:15:18; hka-aqm-am109;  19.29;  41.72;   416;   823;  1127;   211;     4;     1;   -85;   -85;   8.2; drag-lps8-05; 2; 8; 125000; 5286
2023-03-13 13:19:38; hka-aqm-am109;  19.28;  41.72;   420;   774;  1308;   266;     4;     3;  -117;  -117;  -0.8; drag-lps8-03; 5; 8; 125000; 5287
2023-03-13 13:25:58; hka-aqm-am109;  19.34;  41.72;   417;   814;  1407;   297;     5;     1;   -85;   -85;  10.2; drag-lps8-05; 3; 8; 125000; 5288
2023-03-13 13:26:18; hka-aqm-am109;  19.35;  41.72;   417;   817;  1292;   267;     1;     0;   -84;   -84;  11.5; drag-lps8-05; 1; 8; 125000; 5289
2023-03-13 13:26:38; hka-aqm-am109;  19.35;  41.72;   417;   817;  1382;   291;     1;     0;  -123;  -123;  -4.8; drag-lps8-03; 2; 8; 125000; 5290
2023-03-13 13:26:59; hka-aqm-am109;  19.34;  41.76;   417;   815;  1522;   331;     4;     0;   -87;   -87;  11.2; drag-lps8-05; 7; 8; 125000; 5291
2023-03-13 13:27:38; hka-aqm-am109;  19.34;  41.79;   421;   810;  1376;   292;     4;     0;  -120;  -120;  -1.2; drag-lps8-03; 4; 8; 125000; 5292
2023-03-13 13:27:59; hka-aqm-am109;  19.36;  41.79;   419;   810;  1323;   278;     3;     0;  -124;  -124;  -4.8; drag-lps8-03; 6; 8; 125000; 5293
2023-03-13 13:28:18; hka-aqm-am109;  19.36;  41.79;   418;   819;  1379;   295;     2;     0;   -85;   -85;  10.8; drag-lps8-05; 0; 8; 125000; 5294
2023-03-13 13:28:58; hka-aqm-am109;  19.36;  41.79;   417;   823;  1451;   310;     4;     0;   -85;   -85;  12.0; drag-lps8-05; 6; 8; 125000; 5295
2023-03-13 13:29:19; hka-aqm-am109;  19.36;  41.79;   416;   832;  1518;   325;     3;     0;  -120;  -120;  -3.5; drag-lps8-03; 1; 8; 125000; 5296
2023-03-13 13:29:38; hka-aqm-am109;  19.36;  41.79;   415;   834;  1443;   304;     3;     0;   -85;   -85;  11.8; drag-lps8-05; 4; 8; 125000; 5297
2023-03-13 13:30:17; hka-aqm-am109;  19.37;  41.76;   418;   828;  1528;   324;     4;     0;  -122;  -122;  -2.5; drag-lps8-03; 7; 8; 125000; 5298
2023-03-13 13:30:57; hka-aqm-am109;  19.36;  41.85;   420;   812;  1998;   455;     4;     0;  -120;  -120;  -1.8; drag-lps8-03; 3; 8; 125000; 5299
2023-03-13 13:31:58; hka-aqm-am109;  19.37;  41.82;   417;   810;  1964;   443;     3;     0;  -121;  -121;  -1.8; drag-lps8-03; 0; 8; 125000; 5300
2023-03-13 13:32:18; hka-aqm-am109;  19.38;  41.82;   417;   821;  1846;   408;     3;     0;   -85;   -85;   8.0; drag-lps8-05; 5; 8; 125000; 5301
2023-03-13 13:32:58; hka-aqm-am109;  19.36;  41.85;   421;   828;  1613;   339;     3;     0;  -120;  -120;  -2.5; drag-lps8-03; 2; 8; 125000; 5302
2023-03-13 13:33:39; hka-aqm-am109;  19.37;  41.79;   418;   831;  1574;   331;     3;     0;   -87;   -87;  11.0; drag-lps8-05; 3; 8; 125000; 5303
2023-03-13 13:35:37; hka-aqm-am109;  19.38;  41.79;   422;   824;  1446;   300;     5;     0;   -85;   -85;   9.0; drag-lps8-05; 5; 8; 125000; 5304
2023-03-13 13:35:58; hka-aqm-am109;  19.38;  41.79;   420;   828;  1601;   344;     2;     0;  -118;  -118;   0.2; drag-lps8-03; 4; 8; 125000; 5305
2023-03-13 13:36:37; hka-aqm-am109;  19.38;  41.79;   423;   823;  1465;   309;     2;     0;  -120;  -120;  -2.2; drag-lps8-03; 2; 8; 125000; 5306
2023-03-13 13:36:58; hka-aqm-am109;  19.37;  41.72;   421;   767;  1628;   358;     3;     0;   -85;   -85;  11.2; drag-lps8-05; 1; 8; 125000; 5307
2023-03-13 13:37:18; hka-aqm-am109;  19.40;  41.79;   419;   774;  1491;   318;     3;     0;  -118;  -118;  -1.5; drag-lps8-03; 6; 8; 125000; 5308
2023-03-13 13:39:18; hka-aqm-am109;  19.36;  41.79;   418;   818;  1739;   393;     3;     0;   -87;   -87;  12.0; drag-lps8-05; 7; 8; 125000; 5309
2023-03-13 13:39:57; hka-aqm-am109;  19.39;  41.72;   420;   817;  1619;   360;     3;     0;  -118;  -118;  -1.2; drag-lps8-03; 0; 8; 125000; 5310
2023-03-13 13:40:19; hka-aqm-am109;  19.38;  41.72;   419;   814;  1523;   333;     1;     0;   -85;   -85;  11.5; drag-lps8-05; 7; 8; 125000; 5311
2023-03-13 13:41:18; hka-aqm-am109;  19.40;  41.69;   421;   829;  1707;   383;     2;     0;  -117;  -117;   0.5; drag-lps8-03; 5; 8; 125000; 5312
2023-03-13 13:42:19; hka-aqm-am109;  19.40;  41.72;   421;   822;  1864;   425;     2;     1;   -83;   -83;   8.5; drag-lps8-05; 2; 8; 125000; 5313
2023-03-13 13:43:37; hka-aqm-am109;  19.41;  41.66;   421;   846;  1685;   375;     4;     3;   -85;   -85;  11.0; drag-lps8-05; 6; 8; 125000; 5314
2023-03-13 13:43:59; hka-aqm-am109;  19.40;  41.66;   419;   890;  1530;   335;     4;     3;   -84;   -84;  11.0; drag-lps8-05; 1; 8; 125000; 5315
2023-03-13 13:44:18; hka-aqm-am109;  19.40;  41.66;   418;   857;  1740;   393;     4;     2;   -85;   -85;  10.5; drag-lps8-05; 3; 8; 125000; 5316
2023-03-13 13:44:59; hka-aqm-am109;  19.40;  41.66;   421;   843;  1791;   406;     3;     1;   -85;   -85;  11.5; drag-lps8-05; 0; 8; 125000; 5317
2023-03-13 13:46:17; hka-aqm-am109;  19.41;  41.59;   419;   835;  1865;   425;     4;     0;  -113;  -113;   0.2; drag-lps8-03; 4; 8; 125000; 5318
2023-03-13 13:46:37; hka-aqm-am109;  19.42;  41.59;   417;   836;  1787;   403;     2;     0;   -84;   -84;   8.2; drag-lps8-05; 2; 8; 125000; 5319
2023-03-13 13:47:17; hka-aqm-am109;  19.43;  41.59;   417;   833;  1797;   406;     3;     0;  -122;  -122;  -3.5; drag-lps8-03; 6; 8; 125000; 5320
2023-03-13 13:47:37; hka-aqm-am109;  19.44;  41.56;   416;   833;  1852;   421;     3;     0;  -120;  -120;  -1.5; drag-lps8-03; 0; 8; 125000; 5321
2023-03-13 13:47:58; hka-aqm-am109;  19.43;  41.62;   416;   834;  1797;   408;     3;     0;   -85;   -85;   9.5; drag-lps8-05; 7; 8; 125000; 5322
2023-03-13 13:49:57; hka-aqm-am109;  19.46;  41.62;   420;   763;  1825;   415;     5;     0;   -84;   -84;  11.5; drag-lps8-05; 4; 8; 125000; 5323
2023-03-13 13:51:17; hka-aqm-am109;  19.46;  41.53;   419;   782;  1785;   401;     5;     0;  -120;  -120;  -2.2; drag-lps8-03; 3; 8; 125000; 5324
2023-03-13 13:55:19; hka-aqm-am109;  19.49;  41.49;   418;   822;  1603;   354;     3;     0;  -119;  -119;  -1.2; drag-lps8-03; 5; 8; 125000; 5325
2023-03-13 14:04:59; hka-aqm-am109;  19.54;  41.49;   419;   830;  1614;   363;     4;     0;   -84;   -84;  10.0; drag-lps8-05; 1; 8; 125000; 5326
2023-03-13 14:06:57; hka-aqm-am109;  19.54;  41.59;   421;   843;  1647;   371;     4;     0;  -117;  -117;  -0.8; drag-lps8-03; 5; 8; 125000; 5327
2023-03-13 14:07:39; hka-aqm-am109;  19.56;  41.53;   416;   834;  1574;   350;     4;     0;  -117;  -117;   0.2; drag-lps8-03; 4; 8; 125000; 5328
2023-03-13 14:17:57; hka-aqm-am109;  19.61;  41.46;   421;   867;  1619;   355;     5;     0;   -85;   -85;  11.2; drag-lps8-05; 6; 8; 125000; 5330
2023-03-13 14:18:39; hka-aqm-am109;  19.60;  41.36;   418;   840;  1730;   387;     3;     0;   -87;   -87;  12.2; drag-lps8-05; 7; 8; 125000; 5331
2023-03-13 14:20:57; hka-aqm-am109;  19.63;  41.33;   419;   826;  1725;   387;     3;     0;   -85;   -85;  10.0; drag-lps8-05; 3; 8; 125000; 5332
2023-03-13 14:22:37; hka-aqm-am109;  19.63;  41.33;   421;   817;  1806;   401;     3;     0;  -120;  -120;  -2.5; drag-lps8-03; 2; 8; 125000; 5333
2023-03-13 14:23:58; hka-aqm-am109;  19.65;  41.30;   416;   824;  1793;   397;     3;     0;  -121;  -121;  -2.8; drag-lps8-03; 1; 8; 125000; 5334
2023-03-13 14:24:58; hka-aqm-am109;  19.65;  41.33;   416;   827;  1829;   408;     2;     0;   -85;   -85;  11.0; drag-lps8-05; 3; 8; 125000; 5335
2023-03-13 14:28:38; hka-aqm-am109;  19.68;  41.33;   417;   845;  1694;   369;     4;     0;  -122;  -122;  -3.0; drag-lps8-03; 1; 8; 125000; 5336
2023-03-13 14:28:58; hka-aqm-am109;  19.69;  41.33;   417;   846;  1563;   332;     3;     0;  -122;  -122;  -3.2; drag-lps8-03; 6; 8; 125000; 5337
2023-03-13 14:29:39; hka-aqm-am109;  19.70;  41.33;   416;   831;  1752;   385;     4;     0;  -121;  -121;  -2.2; drag-lps8-03; 5; 8; 125000; 5338
2023-03-13 14:33:57; hka-aqm-am109;  19.70;  41.40;   421;   802;  1352;   270;     5;     0;   -83;   -83;   8.2; drag-lps8-05; 2; 8; 125000; 5339
2023-03-13 14:34:19; hka-aqm-am109;  19.69;  41.40;   419;   800;  1446;   297;     2;     0;  -119;  -119; nan; drag-lps8-03; 0; 8; 125000; 5340
2023-03-13 14:34:38; hka-aqm-am109;  19.70;  41.40;   418;   800;  1733;   378;     4;     0;   -85;   -85;  12.0; drag-lps8-05; 7; 8; 125000; 5341
2023-03-13 14:35:17; hka-aqm-am109;  19.70;  41.46;   421;   806;  1367;   276;     4;     1;  -115;  -115; nan; drag-lps8-03; 4; 8; 125000; 5342
2023-03-13 14:35:39; hka-aqm-am109;  19.70;  41.72;   418;   808;  1668;   364;     3;     2;   -83;   -83;   9.0; drag-lps8-05; 5; 8; 125000; 5343
2023-03-13 14:35:58; hka-aqm-am109;  19.72;  41.98;   417;   813;  1614;   349;     2;     2;   -85;   -85;  11.5; drag-lps8-05; 0; 8; 125000; 5344
2023-03-13 14:36:18; hka-aqm-am109;  19.73;  42.15;   417;   816;  1532;   324;     3;     2;  -122;  -122;  -2.5; drag-lps8-03; 7; 8; 125000; 5345
2023-03-13 14:36:58; hka-aqm-am109;  19.71;  42.31;   417;   811;  1710;   375;     3;     1;  -122;  -122;  -3.0; drag-lps8-03; 1; 8; 125000; 5346
2023-03-13 14:37:37; hka-aqm-am109;  19.73;  42.41;   421;   807;  1762;   389;     4;     0;  -120;  -120;  -0.8; drag-lps8-03; 4; 8; 125000; 5347
2023-03-13 14:45:57; hka-aqm-am109;  19.77;  42.31;   419;   819;  1632;   351;     5;     0;  -120;  -120;  -2.0; drag-lps8-03; 3; 8; 125000; 5348
2023-03-13 14:46:19; hka-aqm-am109;  19.76;  42.31;   418;   813;  1567;   333;     2;     0;  -120;  -120;  -2.5; drag-lps8-03; 6; 8; 125000; 5349
2023-03-13 14:46:38; hka-aqm-am109;  19.78;  42.28;   417;   819;  1486;   312;     3;     0;   -82;   -82;   8.2; drag-lps8-05; 2; 8; 125000; 5350
2023-03-13 14:46:58; hka-aqm-am109;  19.78;  42.24;   416;   821;  1313;   263;     3;     0;  -119;  -119;  -1.8; drag-lps8-03; 3; 8; 125000; 5351
2023-03-13 14:47:39; hka-aqm-am109;  19.79;  42.24;   415;   811;  1242;   245;     4;     0;  -120;  -120;  -2.5; drag-lps8-03; 6; 8; 125000; 5352
2023-03-13 14:47:59; hka-aqm-am109;  19.80;  42.21;   415;   806;  1129;   215;     4;     0;  -122;  -122;  -4.0; drag-lps8-03; 1; 8; 125000; 5353
2023-03-13 14:48:37; hka-aqm-am109;  19.80;  42.21;   419;   800;  1328;   273;     3;     0;  -122;  -122;  -3.0; drag-lps8-03; 7; 8; 125000; 5354
2023-03-13 14:48:58; hka-aqm-am109;  19.79;  42.21;   418;   795;  1488;   320;     1;     0;   -84;   -84;   9.5; drag-lps8-05; 0; 8; 125000; 5355
2023-03-13 14:54:18; hka-aqm-am109;  19.83;  42.05;   417;   817;  1515;   323;     4;     0;  -122;  -122;  -3.5; drag-lps8-03; 2; 8; 125000; 5356
2023-03-13 14:54:38; hka-aqm-am109;  19.82;  42.05;   417;   818;  1458;   307;     3;     0;   -85;   -85;   8.5; drag-lps8-05; 5; 8; 125000; 5357
2023-03-13 14:57:18; hka-aqm-am109;  19.82;  42.05;   416;   751;  1505;   319;     4;     0;  -118;  -118;  -0.5; drag-lps8-03; 4; 8; 125000; 5358
2023-03-13 14:57:58; hka-aqm-am109;  19.83;  42.05;   415;   801;  1436;   303;     4;     0;  -121;  -121;  -2.2; drag-lps8-03; 3; 8; 125000; 5359
2023-03-13 14:58:37; hka-aqm-am109;  19.83;  42.05;   419;   795;   935;   161;     4;     0;  -121;  -121;  -3.8; drag-lps8-03; 5; 8; 125000; 5360
2023-03-13 14:58:58; hka-aqm-am109;  19.82;  42.08;   418;   803;   849;   141;     3;     0;   -84;   -84;  10.8; drag-lps8-05; 0; 8; 125000; 5361
2023-03-13 14:59:18; hka-aqm-am109;  19.83;  42.05;   417;   802;  1094;   213;     3;     0;  -120;  -120;  -2.8; drag-lps8-03; 6; 8; 125000; 5362
2023-03-13 14:59:38; hka-aqm-am109;  19.82;  42.05;   417;   811;  1290;   258;     3;     0;   -84;   -84;  11.5; drag-lps8-05; 1; 8; 125000; 5363
2023-03-13 14:59:58; hka-aqm-am109;  19.82;  42.08;   417;   812;   946;   167;     3;     0;   -85;   -85;  11.8; drag-lps8-05; 7; 8; 125000; 5364
2023-03-13 15:00:39; hka-aqm-am109;  19.82;  42.08;   420;   801;  1355;   284;     3;     0;  -119;  -119;  -1.0; drag-lps8-03; 4; 8; 125000; 5365
2023-03-13 15:01:57; hka-aqm-am109;  19.82;  42.05;   425;   803;  1225;   240;     2;     0;  -124;  -124;  -4.5; drag-lps8-03; 2; 8; 125000; 5366
2023-03-13 15:02:17; hka-aqm-am109;  19.82;  41.98;   421;   805;   854;   139;     2;     0;   -83;   -83;  10.2; drag-lps8-05; 1; 8; 125000; 5367
2023-03-13 15:03:37; hka-aqm-am109;  19.82;  42.05;   425;   800;  1434;   305;     3;     0;   -84;   -84;  10.8; drag-lps8-05; 7; 8; 125000; 5368
2023-03-13 15:05:38; hka-aqm-am109;  19.86;  42.02;   416;   797;  1357;   281;     3;     0;  -119;  -119;  -3.2; drag-lps8-03; 6; 8; 125000; 5369
2023-03-13 15:06:39; hka-aqm-am109;  19.86;  41.98;   415;   804;  1276;   259;     3;     0;   -84;   -84;  11.2; drag-lps8-05; 4; 8; 125000; 5370
2023-03-13 15:07:18; hka-aqm-am109;  19.85;  41.98;   415;   812;  1184;   233;     4;     0;  -122;  -122;  -3.2; drag-lps8-03; 0; 8; 125000; 5371
2023-03-13 15:07:38; hka-aqm-am109;  19.86;  41.98;   414;   810;   974;   175;     2;     0;   -84;   -84;  10.0; drag-lps8-05; 3; 8; 125000; 5372
2023-03-13 15:07:59; hka-aqm-am109;  19.85;  41.98;   415;   802;  1220;   246;     1;     0;   -83;   -83;   8.8; drag-lps8-05; 5; 8; 125000; 5373
2023-03-13 15:08:58; hka-aqm-am109;  19.84;  41.98;   415;   802;  1211;   245;     2;     0;   -84;   -84;   8.8; drag-lps8-05; 2; 8; 125000; 5374
2023-03-13 15:09:18; hka-aqm-am109;  19.84;  41.98;   415;   805;  1284;   267;     2;     0;  -123;  -123;  -2.8; drag-lps8-03; 0; 8; 125000; 5375
2023-03-13 15:10:17; hka-aqm-am109;  19.86;  41.98;   419;   794;  1123;   212;     3;     0;   -85;   -85;  11.5; drag-lps8-05; 6; 8; 125000; 5376
2023-03-13 15:10:38; hka-aqm-am109;  19.84;  41.98;   418;   796;  1201;   242;     2;     0;  -117;  -117;  -1.0; drag-lps8-03; 4; 8; 125000; 5377
2023-03-13 15:11:18; hka-aqm-am109;  19.85;  41.95;   417;   792;  1103;   216;     5;     0;  -120;  -120;  -2.5; drag-lps8-03; 3; 8; 125000; 5378
2023-03-13 15:12:39; hka-aqm-am109;  19.86;  41.98;   419;   793;  1031;   197;     5;     0;   -83;   -83;   7.8; drag-lps8-05; 5; 8; 125000; 5379
2023-03-13 15:12:58; hka-aqm-am109;  19.86;  41.98;   418;   829;   935;   172;     3;     0;   -84;   -84;   8.0; drag-lps8-05; 2; 8; 125000; 5380
2023-03-13 15:13:19; hka-aqm-am109;  19.85;  42.02;   417;   808;   853;   146;     3;     0;  -124;  -124;  -4.2; drag-lps8-03; 7; 8; 125000; 5381
2023-03-13 15:13:58; hka-aqm-am109;  19.85;  41.95;   415;   810;   978;   184;     2;     0;  -121;  -121;  -4.2; drag-lps8-03; 1; 8; 125000; 5382
2023-03-13 15:14:18; hka-aqm-am109;  19.84;  41.92;   414;   802;  1220;   253;     2;     0;  -122;  -122;  -3.2; drag-lps8-03; 5; 8; 125000; 5383
2023-03-13 15:14:58; hka-aqm-am109;  19.83;  41.98;   418;   806;  1299;   274;     3;     0;   -85;   -85;  12.5; drag-lps8-05; 4; 8; 125000; 5384
2023-03-13 15:30:05; hka-aqm-am109;  19.89;  41.95;   416;   708;  1222;   249;     2;     0;   -85;   -85;  12.0; drag-lps8-05; 0; 8; 125000; 5385
2023-03-13 15:30:58; hka-aqm-am109;  19.90;  41.92;   416;   747;  1223;   252;     4;     0;   -83;   -83;  10.5; drag-lps8-05; 1; 8; 125000; 5386
2023-03-13 15:46:05; hka-aqm-am109;  19.90;  41.98;   415;   753;  1144;   232;     2;     0;   -85;   -85;  11.2; drag-lps8-05; 3; 8; 125000; 5387
2023-03-13 16:01:11; hka-aqm-am109;  19.90;  41.92;   424;   774;  1092;   224;     1;     0;   -84;   -84;  11.5; drag-lps8-05; 6; 8; 125000; 5388
2023-03-13 16:16:18; hka-aqm-am109;  19.92;  41.92;   416;   742;  1026;   209;     5;     0;  -123;  -123;  -3.8; drag-lps8-03; 7; 8; 125000; 5389
2023-03-13 16:31:24; hka-aqm-am109;  19.91;  41.92;   414;   743;   986;   201;     5;     0;  -124;  -124;  -4.5; drag-lps8-03; 2; 8; 125000; 5390
2023-03-13 16:44:18; hka-aqm-am109;  19.89;  41.92;   423;   663;   826;   162;     5;     0;  -118;  -118;  -0.5; drag-lps8-03; 4; 8; 125000; 5391
2023-03-13 16:48:58; hka-aqm-am109;  19.91;  41.92;   417;   719;   801;   164;     3;     0;  -118;  -118;  -1.2; drag-lps8-03; 5; 8; 125000; 5392
2023-03-13 16:50:19; hka-aqm-am109;  19.90;  41.89;   414;   702;   690;   133;     4;     0;  -120;  -120;  -1.5; drag-lps8-03; 3; 8; 125000; 5393
2023-03-13 17:05:25; hka-aqm-am109;  19.88;  41.92;   424;   658;   361;    71;     4;     0;  -121;  -121;  -3.2; drag-lps8-03; 6; 8; 125000; 5394
2023-03-13 17:20:31; hka-aqm-am109;  19.84;  41.89;   423;   676;   174;    36;     3;     0;  -124;  -124;  -4.5; drag-lps8-03; 1; 8; 125000; 5395
2023-03-13 17:35:39; hka-aqm-am109;  19.80;  41.92;   422;   685;    52;    10;     5;     0;  -122;  -122;  -2.5; drag-lps8-03; 0; 8; 125000; 5396
2023-03-13 17:50:46; hka-aqm-am109;  19.76;  41.92;   414;   691;    23;     4;     3;     0;  -122;  -122;  -2.8; drag-lps8-03; 7; 8; 125000; 5397
2023-03-13 18:05:52; hka-aqm-am109;  19.74;  41.85;   418;   707;     8;     1;     2;     0;  -121;  -121;  -3.2; drag-lps8-03; 2; 8; 125000; 5398
2023-03-13 18:20:59; hka-aqm-am109;  19.70;  41.79;   417;   647;     5;     0;     6;     0;   -85;   -85;  11.8; drag-lps8-05; 1; 8; 125000; 5399
2023-03-13 18:36:06; hka-aqm-am109;  19.68;  41.72;   416;   664;     4;     0;     1;     0;  -120;  -120;  -2.2; drag-lps8-03; 5; 8; 125000; 5400
2023-03-13 18:51:12; hka-aqm-am109;  19.66;  41.76;   417;   654;     4;     1;     3;     0;   -85;   -85;  11.0; drag-lps8-05; 0; 8; 125000; 5401
2023-03-13 19:06:18; hka-aqm-am109;  19.62;  41.89;   420;   671;     4;     0;     6;     0;  -122;  -122;  -3.5; drag-lps8-03; 2; 8; 125000; 5402
2023-03-13 19:21:25; hka-aqm-am109;  19.58;  41.92;   419;   638;     4;     0;     4;     0;  -118;  -118;  -0.5; drag-lps8-03; 4; 8; 125000; 5403
2023-03-13 19:36:31; hka-aqm-am109;  19.54;  41.85;   417;   642;     6;     2;     2;     0;   -85;   -85;  11.5; drag-lps8-05; 6; 8; 125000; 5404
2023-03-13 19:51:39; hka-aqm-am109;  19.50;  41.92;   419;   622;     4;     0;     6;     0;   -85;   -85;  12.5; drag-lps8-05; 3; 8; 125000; 5405
2023-03-13 20:06:45; hka-aqm-am109;  19.47;  41.98;   421;   711;     4;     0;     2;     0;  -122;  -122;  -2.5; drag-lps8-03; 7; 8; 125000; 5406
2023-03-13 20:21:51; hka-aqm-am109;  19.42;  42.11;   417;   653;     4;     1;     4;     0;   -85;   -85;  10.8; drag-lps8-05; 3; 8; 125000; 5407
2023-03-13 20:36:58; hka-aqm-am109;  19.40;  42.18;   423;   644;     6;     2;     6;     0;  -120;  -120;  -2.8; drag-lps8-03; 6; 8; 125000; 5408
2023-03-13 20:52:04; hka-aqm-am109;  19.36;  42.24;   420;   643;     4;     1;     1;     0;   -84;   -84;   8.8; drag-lps8-05; 5; 8; 125000; 5409
2023-03-13 21:07:11; hka-aqm-am109;  19.32;  42.31;   421;   621;     6;     2;     1;     0;  -120;  -120;  -3.5; drag-lps8-03; 1; 8; 125000; 5410
2023-03-13 21:22:18; hka-aqm-am109;  19.28;  42.41;   419;   671;     6;     2;     6;     0;  -121;  -121;  -2.0; drag-lps8-03; 0; 8; 125000; 5411
2023-03-13 21:37:25; hka-aqm-am109;  19.24;  42.51;   423;   651;     4;     0;     2;     0;  -122;  -122;  -3.8; drag-lps8-03; 2; 8; 125000; 5412
2023-03-13 21:52:31; hka-aqm-am109;  19.19;  42.60;   419;   686;     4;     0;     1;     0;  -122;  -122;  -2.5; drag-lps8-03; 7; 8; 125000; 5413
2023-03-13 22:07:38; hka-aqm-am109;  19.17;  42.70;   417;   689;     4;     0;     6;     0;  -116;  -116;  -1.0; drag-lps8-03; 4; 8; 125000; 5414
2023-03-13 22:22:44; hka-aqm-am109;  19.13;  42.77;   417;   632;     6;     2;     1;     0;   -85;   -85;   8.5; drag-lps8-05; 2; 8; 125000; 5415
2023-03-13 22:37:51; hka-aqm-am109;  19.10;  42.83;   417;   669;     4;     0;     3;     0;   -85;   -85;  12.0; drag-lps8-05; 4; 8; 125000; 5416
2023-03-13 22:52:59; hka-aqm-am109;  19.07;  42.90;   417;   673;     4;     0;     6;     0;   -85;   -85;  11.2; drag-lps8-05; 3; 8; 125000; 5417
2023-03-13 23:08:05; hka-aqm-am109;  19.07;  43.06;   422;   647;     4;     0;     2;     0;  -122;  -122;  -2.5; drag-lps8-03; 0; 8; 125000; 5418
2023-03-13 23:23:12; hka-aqm-am109;  19.02;  43.16;   429;   667;     4;     0;     2;     0;   -87;   -87;  10.5; drag-lps8-05; 7; 8; 125000; 5419
2023-03-13 23:38:18; hka-aqm-am109;  19.03;  43.22;   417;   638;     4;     1;     6;     0;   -84;   -84;  11.8; drag-lps8-05; 6; 8; 125000; 5420
2023-03-13 23:53:24; hka-aqm-am109;  19.00;  43.35;   419;   654;     4;     0;     3;     0;   -83;   -83;  10.0; drag-lps8-05; 1; 8; 125000; 5421
